MTU,Biomass,Coal,Gas,Geothermal,Hydro,Hydro Discharge,Nuclear,Oil,Solar,Unknown,Wind
2022-01-01 00:00:00,0.0,346.0,1276.0,0.0,823.0,0.0,0.0,0.0,0.0,0.0,1013.0
2022-01-01 01:00:00,0.0,339.0,841.0,0.0,748.0,0.0,0.0,0.0,0.0,0.0,900.0
2022-01-01 02:00:00,0.0,352.0,679.0,0.0,676.0,0.0,0.0,0.0,0.0,0.0,781.0
2022-01-01 03:00:00,0.0,351.0,769.0,0.0,680.0,0.0,0.0,0.0,0.0,0.0,509.0
2022-01-01 04:00:00,0.0,351.0,891.0,0.0,698.0,0.0,0.0,0.0,0.0,0.0,347.0
2022-01-01 05:00:00,0.0,350.0,814.0,0.0,753.0,0.0,0.0,0.0,0.0,0.0,360.0
2022-01-01 06:00:00,0.0,347.0,814.0,0.0,1101.0,0.0,0.0,0.0,4.0,0.0,422.0
2022-01-01 07:00:00,0.0,353.0,844.0,0.0,1688.0,0.0,0.0,0.0,186.0,0.0,455.0
2022-01-01 08:00:00,0.0,353.0,1016.0,0.0,1769.0,0.0,0.0,0.0,683.0,0.0,399.0
2022-01-01 09:00:00,0.0,357.0,980.0,0.0,1874.0,0.0,0.0,0.0,1151.0,0.0,347.0
2022-01-01 10:00:00,0.0,360.0,817.0,0.0,1551.0,0.0,0.0,0.0,1518.0,0.0,331.0
2022-01-01 11:00:00,0.0,362.0,955.0,0.0,1254.0,0.0,0.0,0.0,1580.0,0.0,352.0
2022-01-01 12:00:00,0.0,370.0,1002.0,0.0,1085.0,0.0,0.0,0.0,1548.0,0.0,349.0
2022-01-01 13:00:00,0.0,364.0,893.0,0.0,1083.0,0.0,0.0,0.0,1459.0,0.0,395.0
2022-01-01 14:00:00,0.0,354.0,895.0,0.0,1243.0,0.0,0.0,0.0,994.0,0.0,401.0
2022-01-01 15:00:00,0.0,352.0,928.0,0.0,1376.0,0.0,0.0,0.0,304.0,0.0,466.0
2022-01-01 16:00:00,0.0,347.0,1112.0,0.0,1727.0,0.0,0.0,0.0,8.0,0.0,594.0
2022-01-01 17:00:00,0.0,343.0,1037.0,0.0,1776.0,0.0,0.0,0.0,0.0,0.0,883.0
2022-01-01 18:00:00,0.0,341.0,1024.0,0.0,1674.0,0.0,0.0,0.0,0.0,0.0,1207.0
2022-01-01 19:00:00,0.0,340.0,1024.0,0.0,1506.0,0.0,0.0,0.0,0.0,0.0,1380.0
2022-01-01 20:00:00,0.0,338.0,1029.0,0.0,1288.0,0.0,0.0,0.0,0.0,0.0,1521.0
2022-01-01 21:00:00,0.0,334.0,1017.0,0.0,1155.0,0.0,0.0,0.0,0.0,0.0,1543.0
2022-01-01 22:00:00,0.0,343.0,854.0,0.0,965.0,0.0,0.0,0.0,0.0,0.0,1598.0
2022-01-01 23:00:00,0.0,355.0,575.0,0.0,756.0,0.0,0.0,0.0,0.0,0.0,1633.0
2022-01-02 00:00:00,0.0,352.0,534.0,0.0,287.0,0.0,0.0,0.0,0.0,0.0,1595.0
2022-01-02 01:00:00,0.0,360.0,566.0,0.0,264.0,0.0,0.0,0.0,0.0,0.0,1606.0
2022-01-02 02:00:00,0.0,360.0,514.0,0.0,208.0,0.0,0.0,0.0,0.0,0.0,1659.0
2022-01-02 03:00:00,0.0,364.0,505.0,0.0,306.0,0.0,0.0,0.0,0.0,0.0,1598.0
2022-01-02 04:00:00,0.0,371.0,665.0,0.0,543.0,0.0,0.0,0.0,0.0,0.0,1528.0
2022-01-02 05:00:00,0.0,370.0,688.0,0.0,857.0,0.0,0.0,0.0,0.0,0.0,1498.0
2022-01-02 06:00:00,0.0,370.0,708.0,0.0,1019.0,0.0,0.0,0.0,10.0,0.0,1516.0
2022-01-02 07:00:00,0.0,374.0,730.0,0.0,1024.0,0.0,0.0,0.0,224.0,0.0,1463.0
2022-01-02 08:00:00,0.0,359.0,681.0,0.0,880.0,0.0,0.0,0.0,953.0,0.0,1315.0
2022-01-02 09:00:00,0.0,358.0,683.0,0.0,844.0,0.0,0.0,0.0,1588.0,0.0,1029.0
2022-01-02 10:00:00,0.0,357.0,677.0,0.0,631.0,0.0,0.0,0.0,1925.0,0.0,856.0
2022-01-02 11:00:00,0.0,349.0,679.0,0.0,679.0,0.0,0.0,0.0,2027.0,0.0,822.0
2022-01-02 12:00:00,0.0,351.0,717.0,0.0,764.0,0.0,0.0,0.0,1938.0,0.0,713.0
2022-01-02 13:00:00,0.0,370.0,778.0,0.0,797.0,0.0,0.0,0.0,1640.0,0.0,564.0
2022-01-02 14:00:00,0.0,372.0,817.0,0.0,1019.0,0.0,0.0,0.0,1061.0,0.0,493.0
2022-01-02 15:00:00,0.0,361.0,1196.0,0.0,1461.0,0.0,0.0,0.0,307.0,0.0,366.0
2022-01-02 16:00:00,0.0,360.0,1730.0,0.0,1737.0,0.0,0.0,0.0,5.0,0.0,327.0
2022-01-02 17:00:00,0.0,360.0,2265.0,0.0,1925.0,0.0,0.0,0.0,0.0,0.0,289.0
2022-01-02 18:00:00,0.0,389.0,2262.0,0.0,1860.0,0.0,0.0,0.0,0.0,0.0,271.0
2022-01-02 19:00:00,0.0,395.0,2264.0,0.0,1801.0,0.0,0.0,0.0,0.0,0.0,250.0
2022-01-02 20:00:00,0.0,395.0,2222.0,0.0,1559.0,0.0,0.0,0.0,0.0,0.0,232.0
2022-01-02 21:00:00,0.0,394.0,2130.0,0.0,1403.0,0.0,0.0,0.0,0.0,0.0,196.0
2022-01-02 22:00:00,0.0,367.0,1874.0,0.0,1265.0,0.0,0.0,0.0,0.0,0.0,243.0
2022-01-02 23:00:00,0.0,385.0,1801.0,0.0,610.0,0.0,0.0,0.0,0.0,0.0,338.0
2022-01-03 00:00:00,0.0,369.0,1513.0,0.0,220.0,0.0,0.0,0.0,0.0,0.0,426.0
2022-01-03 01:00:00,0.0,364.0,1259.0,0.0,206.0,0.0,0.0,0.0,0.0,0.0,510.0
2022-01-03 02:00:00,0.0,355.0,907.0,0.0,220.0,0.0,0.0,0.0,0.0,0.0,603.0
2022-01-03 03:00:00,0.0,358.0,628.0,0.0,483.0,0.0,0.0,0.0,0.0,0.0,723.0
2022-01-03 04:00:00,0.0,351.0,521.0,0.0,581.0,0.0,0.0,0.0,0.0,0.0,840.0
2022-01-03 05:00:00,0.0,353.0,585.0,0.0,1127.0,0.0,0.0,0.0,0.0,0.0,916.0
2022-01-03 06:00:00,0.0,350.0,692.0,0.0,1387.0,0.0,0.0,0.0,12.0,0.0,955.0
2022-01-03 07:00:00,0.0,358.0,905.0,0.0,1669.0,0.0,0.0,0.0,224.0,0.0,1029.0
2022-01-03 08:00:00,0.0,360.0,990.0,0.0,1694.0,0.0,0.0,0.0,891.0,0.0,1058.0
2022-01-03 09:00:00,0.0,359.0,962.0,0.0,1744.0,0.0,0.0,0.0,1493.0,0.0,1085.0
2022-01-03 10:00:00,0.0,352.0,868.0,0.0,1614.0,0.0,0.0,0.0,1854.0,0.0,1101.0
2022-01-03 11:00:00,0.0,351.0,858.0,0.0,1367.0,0.0,0.0,0.0,1974.0,0.0,1138.0
2022-01-03 12:00:00,0.0,352.0,939.0,0.0,1127.0,0.0,0.0,0.0,1893.0,0.0,1116.0
2022-01-03 13:00:00,0.0,343.0,900.0,0.0,1113.0,0.0,0.0,0.0,1558.0,0.0,1195.0
2022-01-03 14:00:00,0.0,349.0,1458.0,0.0,1170.0,0.0,0.0,0.0,1002.0,0.0,1200.0
2022-01-03 15:00:00,0.0,356.0,1910.0,0.0,1564.0,0.0,0.0,0.0,318.0,0.0,1203.0
2022-01-03 16:00:00,0.0,356.0,2188.0,0.0,1851.0,0.0,0.0,0.0,28.0,0.0,1315.0
2022-01-03 17:00:00,0.0,356.0,2306.0,0.0,2158.0,0.0,0.0,0.0,0.0,0.0,1384.0
2022-01-03 18:00:00,0.0,378.0,2258.0,0.0,2230.0,0.0,0.0,0.0,0.0,0.0,1357.0
2022-01-03 19:00:00,0.0,391.0,2191.0,0.0,2166.0,0.0,0.0,0.0,0.0,0.0,1285.0
2022-01-03 20:00:00,0.0,374.0,1943.0,0.0,1975.0,0.0,0.0,0.0,0.0,0.0,1189.0
2022-01-03 21:00:00,0.0,375.0,1885.0,0.0,1511.0,0.0,0.0,0.0,0.0,0.0,1060.0
2022-01-03 22:00:00,0.0,331.0,1905.0,0.0,955.0,0.0,0.0,0.0,0.0,0.0,911.0
2022-01-03 23:00:00,0.0,192.0,1800.0,0.0,553.0,0.0,0.0,0.0,0.0,0.0,774.0
2022-01-04 00:00:00,0.0,182.0,1555.0,0.0,186.0,0.0,0.0,0.0,0.0,0.0,703.0
2022-01-04 01:00:00,0.0,176.0,1537.0,0.0,179.0,0.0,0.0,0.0,0.0,0.0,585.0
2022-01-04 02:00:00,0.0,178.0,1363.0,0.0,242.0,0.0,0.0,0.0,0.0,0.0,488.0
2022-01-04 03:00:00,0.0,178.0,1142.0,0.0,606.0,0.0,0.0,0.0,0.0,0.0,421.0
2022-01-04 04:00:00,0.0,178.0,1196.0,0.0,564.0,0.0,0.0,0.0,0.0,0.0,419.0
2022-01-04 05:00:00,0.0,178.0,1163.0,0.0,1233.0,0.0,0.0,0.0,0.0,0.0,384.0
2022-01-04 06:00:00,0.0,178.0,1259.0,0.0,1550.0,0.0,0.0,0.0,2.0,0.0,309.0
2022-01-04 07:00:00,0.0,181.0,1822.0,0.0,1784.0,0.0,0.0,0.0,190.0,0.0,267.0
2022-01-04 08:00:00,0.0,183.0,2167.0,0.0,1843.0,0.0,0.0,0.0,840.0,0.0,216.0
2022-01-04 09:00:00,0.0,178.0,2335.0,0.0,1894.0,0.0,0.0,0.0,1373.0,0.0,237.0
2022-01-04 10:00:00,0.0,179.0,2489.0,0.0,1666.0,0.0,0.0,0.0,1668.0,0.0,287.0
2022-01-04 11:00:00,0.0,188.0,2380.0,0.0,1435.0,0.0,0.0,0.0,1734.0,0.0,413.0
2022-01-04 12:00:00,0.0,183.0,2421.0,0.0,1107.0,0.0,0.0,0.0,1675.0,0.0,508.0
2022-01-04 13:00:00,0.0,184.0,2406.0,0.0,1093.0,0.0,0.0,0.0,1447.0,0.0,656.0
2022-01-04 14:00:00,0.0,184.0,2529.0,0.0,1105.0,0.0,0.0,0.0,960.0,0.0,769.0
2022-01-04 15:00:00,0.0,184.0,2702.0,0.0,1348.0,0.0,0.0,0.0,297.0,0.0,935.0
2022-01-04 16:00:00,0.0,182.0,2724.0,0.0,1584.0,0.0,0.0,0.0,24.0,0.0,1119.0
2022-01-04 17:00:00,0.0,181.0,2768.0,0.0,1754.0,0.0,0.0,0.0,0.0,0.0,1342.0
2022-01-04 18:00:00,0.0,184.0,2621.0,0.0,1775.0,0.0,0.0,0.0,0.0,0.0,1494.0
2022-01-04 19:00:00,0.0,185.0,2490.0,0.0,1744.0,0.0,0.0,0.0,0.0,0.0,1491.0
2022-01-04 20:00:00,0.0,180.0,2120.0,0.0,1676.0,0.0,0.0,0.0,0.0,0.0,1477.0
2022-01-04 21:00:00,0.0,166.0,2077.0,0.0,1366.0,0.0,0.0,0.0,0.0,0.0,1486.0
2022-01-04 22:00:00,0.0,167.0,1681.0,0.0,889.0,0.0,0.0,0.0,0.0,0.0,1467.0
2022-01-04 23:00:00,0.0,172.0,1414.0,0.0,650.0,0.0,0.0,0.0,0.0,0.0,1480.0
2022-01-05 00:00:00,0.0,176.0,1231.0,0.0,171.0,0.0,0.0,0.0,0.0,0.0,1467.0
2022-01-05 01:00:00,0.0,175.0,827.0,0.0,173.0,0.0,0.0,0.0,0.0,0.0,1443.0
2022-01-05 02:00:00,0.0,174.0,904.0,0.0,259.0,0.0,0.0,0.0,0.0,0.0,1397.0
2022-01-05 03:00:00,0.0,172.0,844.0,0.0,432.0,0.0,0.0,0.0,0.0,0.0,1439.0
2022-01-05 04:00:00,0.0,172.0,770.0,0.0,462.0,0.0,0.0,0.0,0.0,0.0,1556.0
2022-01-05 05:00:00,0.0,172.0,842.0,0.0,976.0,0.0,0.0,0.0,0.0,0.0,1639.0
2022-01-05 06:00:00,0.0,172.0,972.0,0.0,1391.0,0.0,0.0,0.0,17.0,0.0,1694.0
2022-01-05 07:00:00,0.0,170.0,1351.0,0.0,1815.0,0.0,0.0,0.0,194.0,0.0,1724.0
2022-01-05 08:00:00,0.0,176.0,1404.0,0.0,1869.0,0.0,0.0,0.0,776.0,0.0,1693.0
2022-01-05 09:00:00,0.0,169.0,1404.0,0.0,1829.0,0.0,0.0,0.0,1318.0,0.0,1713.0
2022-01-05 10:00:00,0.0,167.0,1536.0,0.0,1641.0,0.0,0.0,0.0,1596.0,0.0,1697.0
2022-01-05 11:00:00,0.0,167.0,1624.0,0.0,1356.0,0.0,0.0,0.0,1741.0,0.0,1775.0
2022-01-05 12:00:00,0.0,167.0,1684.0,0.0,1307.0,0.0,0.0,0.0,1677.0,0.0,1851.0
2022-01-05 13:00:00,0.0,167.0,1596.0,0.0,1215.0,0.0,0.0,0.0,1458.0,0.0,1889.0
2022-01-05 14:00:00,0.0,166.0,1761.0,0.0,1233.0,0.0,0.0,0.0,956.0,0.0,1887.0
2022-01-05 15:00:00,0.0,167.0,1942.0,0.0,1418.0,0.0,0.0,0.0,306.0,0.0,1948.0
2022-01-05 16:00:00,0.0,166.0,2224.0,0.0,1648.0,0.0,0.0,0.0,29.0,0.0,1956.0
2022-01-05 17:00:00,0.0,166.0,2341.0,0.0,1863.0,0.0,0.0,0.0,0.0,0.0,1978.0
2022-01-05 18:00:00,0.0,166.0,2217.0,0.0,1897.0,0.0,0.0,0.0,0.0,0.0,2020.0
2022-01-05 19:00:00,0.0,167.0,2245.0,0.0,1890.0,0.0,0.0,0.0,0.0,0.0,1992.0
2022-01-05 20:00:00,0.0,166.0,2069.0,0.0,1638.0,0.0,0.0,0.0,0.0,0.0,2035.0
2022-01-05 21:00:00,0.0,166.0,1450.0,0.0,1447.0,0.0,0.0,0.0,0.0,0.0,2046.0
2022-01-05 22:00:00,0.0,166.0,1230.0,0.0,1075.0,0.0,0.0,0.0,0.0,0.0,2047.0
2022-01-05 23:00:00,0.0,180.0,945.0,0.0,673.0,0.0,0.0,0.0,0.0,0.0,2052.0
2022-01-06 00:00:00,0.0,189.0,997.0,0.0,124.0,0.0,0.0,0.0,0.0,0.0,2075.0
2022-01-06 01:00:00,0.0,180.0,992.0,0.0,127.0,0.0,0.0,0.0,0.0,0.0,1972.0
2022-01-06 02:00:00,0.0,179.0,1008.0,0.0,272.0,0.0,0.0,0.0,0.0,0.0,1911.0
2022-01-06 03:00:00,0.0,190.0,947.0,0.0,541.0,0.0,0.0,0.0,0.0,0.0,1842.0
2022-01-06 04:00:00,0.0,195.0,937.0,0.0,676.0,0.0,0.0,0.0,0.0,0.0,1750.0
2022-01-06 05:00:00,0.0,186.0,966.0,0.0,1077.0,0.0,0.0,0.0,0.0,0.0,1717.0
2022-01-06 06:00:00,0.0,181.0,859.0,0.0,1456.0,0.0,0.0,0.0,15.0,0.0,1737.0
2022-01-06 07:00:00,0.0,165.0,1002.0,0.0,1639.0,0.0,0.0,0.0,201.0,0.0,1803.0
2022-01-06 08:00:00,0.0,164.0,1654.0,0.0,1663.0,0.0,0.0,0.0,731.0,0.0,1830.0
2022-01-06 09:00:00,0.0,164.0,1713.0,0.0,1569.0,0.0,0.0,0.0,1186.0,0.0,1830.0
2022-01-06 10:00:00,0.0,165.0,1534.0,0.0,1355.0,0.0,0.0,0.0,1457.0,0.0,1841.0
2022-01-06 11:00:00,0.0,164.0,1530.0,0.0,1220.0,0.0,0.0,0.0,1567.0,0.0,1829.0
2022-01-06 12:00:00,0.0,161.0,1651.0,0.0,799.0,0.0,0.0,0.0,1472.0,0.0,1843.0
2022-01-06 13:00:00,0.0,172.0,1791.0,0.0,796.0,0.0,0.0,0.0,1211.0,0.0,1819.0
2022-01-06 14:00:00,0.0,176.0,2205.0,0.0,802.0,0.0,0.0,0.0,766.0,0.0,1738.0
2022-01-06 15:00:00,0.0,176.0,3018.0,0.0,1194.0,0.0,0.0,0.0,229.0,0.0,1495.0
2022-01-06 16:00:00,0.0,212.0,3315.0,0.0,1728.0,0.0,0.0,0.0,7.0,0.0,1309.0
2022-01-06 17:00:00,0.0,302.0,3373.0,0.0,2106.0,0.0,0.0,0.0,0.0,0.0,1266.0
2022-01-06 18:00:00,0.0,327.0,3391.0,0.0,1952.0,0.0,0.0,0.0,0.0,0.0,1296.0
2022-01-06 19:00:00,0.0,327.0,3339.0,0.0,1781.0,0.0,0.0,0.0,0.0,0.0,1319.0
2022-01-06 20:00:00,0.0,328.0,3083.0,0.0,1232.0,0.0,0.0,0.0,0.0,0.0,1244.0
2022-01-06 21:00:00,0.0,336.0,2773.0,0.0,1116.0,0.0,0.0,0.0,0.0,0.0,1301.0
2022-01-06 22:00:00,0.0,345.0,2239.0,0.0,926.0,0.0,0.0,0.0,0.0,0.0,1356.0
2022-01-06 23:00:00,0.0,343.0,1931.0,0.0,406.0,0.0,0.0,0.0,0.0,0.0,1316.0
2022-01-07 00:00:00,0.0,346.0,1861.0,0.0,11.0,0.0,0.0,0.0,0.0,0.0,1181.0
2022-01-07 01:00:00,0.0,372.0,1698.0,0.0,14.0,0.0,0.0,0.0,0.0,0.0,1012.0
2022-01-07 02:00:00,0.0,372.0,1615.0,0.0,122.0,0.0,0.0,0.0,0.0,0.0,892.0
2022-01-07 03:00:00,0.0,370.0,1722.0,0.0,318.0,0.0,0.0,0.0,0.0,0.0,675.0
2022-01-07 04:00:00,0.0,368.0,1712.0,0.0,469.0,0.0,0.0,0.0,0.0,0.0,517.0
2022-01-07 05:00:00,0.0,364.0,1777.0,0.0,952.0,0.0,0.0,0.0,0.0,0.0,350.0
2022-01-07 06:00:00,0.0,361.0,2013.0,0.0,1533.0,0.0,0.0,0.0,1.0,0.0,281.0
2022-01-07 07:00:00,0.0,369.0,2271.0,0.0,1778.0,0.0,0.0,0.0,131.0,0.0,256.0
2022-01-07 08:00:00,0.0,367.0,2329.0,0.0,1833.0,0.0,0.0,0.0,549.0,0.0,273.0
2022-01-07 09:00:00,0.0,357.0,2227.0,0.0,1747.0,0.0,0.0,0.0,860.0,0.0,276.0
2022-01-07 10:00:00,0.0,346.0,2408.0,0.0,1387.0,0.0,0.0,0.0,955.0,0.0,353.0
2022-01-07 11:00:00,0.0,342.0,2501.0,0.0,1173.0,0.0,0.0,0.0,855.0,0.0,391.0
2022-01-07 12:00:00,0.0,342.0,2346.0,0.0,859.0,0.0,0.0,0.0,779.0,0.0,374.0
2022-01-07 13:00:00,0.0,350.0,2340.0,0.0,932.0,0.0,0.0,0.0,594.0,0.0,386.0
2022-01-07 14:00:00,0.0,352.0,2539.0,0.0,1000.0,0.0,0.0,0.0,372.0,0.0,421.0
2022-01-07 15:00:00,0.0,352.0,2945.0,0.0,1195.0,0.0,0.0,0.0,96.0,0.0,436.0
2022-01-07 16:00:00,0.0,353.0,3134.0,0.0,1569.0,0.0,0.0,0.0,3.0,0.0,446.0
2022-01-07 17:00:00,0.0,353.0,3383.0,0.0,1753.0,0.0,0.0,0.0,0.0,0.0,537.0
2022-01-07 18:00:00,0.0,354.0,3361.0,0.0,1808.0,0.0,0.0,0.0,0.0,0.0,579.0
2022-01-07 19:00:00,0.0,352.0,3162.0,0.0,1702.0,0.0,0.0,0.0,0.0,0.0,580.0
2022-01-07 20:00:00,0.0,353.0,3062.0,0.0,1619.0,0.0,0.0,0.0,0.0,0.0,607.0
2022-01-07 21:00:00,0.0,353.0,2828.0,0.0,1465.0,0.0,0.0,0.0,0.0,0.0,580.0
2022-01-07 22:00:00,0.0,350.0,2546.0,0.0,868.0,0.0,0.0,0.0,0.0,0.0,544.0
2022-01-07 23:00:00,0.0,356.0,2488.0,0.0,382.0,0.0,0.0,0.0,0.0,0.0,505.0
2022-01-08 00:00:00,0.0,360.0,1821.0,0.0,296.0,0.0,0.0,0.0,0.0,0.0,481.0
2022-01-08 01:00:00,0.0,362.0,1256.0,0.0,456.0,0.0,0.0,0.0,0.0,0.0,513.0
2022-01-08 02:00:00,0.0,355.0,1217.0,0.0,380.0,0.0,0.0,0.0,0.0,0.0,500.0
2022-01-08 03:00:00,0.0,357.0,1211.0,0.0,606.0,0.0,0.0,0.0,0.0,0.0,464.0
2022-01-08 04:00:00,0.0,355.0,1254.0,0.0,688.0,0.0,0.0,0.0,0.0,0.0,533.0
2022-01-08 05:00:00,0.0,355.0,1222.0,0.0,932.0,0.0,0.0,0.0,0.0,0.0,622.0
2022-01-08 06:00:00,0.0,355.0,1166.0,0.0,1360.0,0.0,0.0,0.0,9.0,0.0,631.0
2022-01-08 07:00:00,0.0,355.0,1420.0,0.0,1663.0,0.0,0.0,0.0,46.0,0.0,645.0
2022-01-08 08:00:00,0.0,358.0,1646.0,0.0,1955.0,0.0,0.0,0.0,197.0,0.0,621.0
2022-01-08 09:00:00,0.0,359.0,1643.0,0.0,1994.0,0.0,0.0,0.0,400.0,0.0,640.0
2022-01-08 10:00:00,0.0,355.0,1546.0,0.0,1591.0,0.0,0.0,0.0,452.0,0.0,799.0
2022-01-08 11:00:00,0.0,349.0,2121.0,0.0,1409.0,0.0,0.0,0.0,437.0,0.0,722.0
2022-01-08 12:00:00,0.0,348.0,2108.0,0.0,1453.0,0.0,0.0,0.0,487.0,0.0,655.0
2022-01-08 13:00:00,0.0,346.0,2046.0,0.0,1283.0,0.0,0.0,0.0,498.0,0.0,430.0
2022-01-08 14:00:00,0.0,348.0,2276.0,0.0,1283.0,0.0,0.0,0.0,386.0,0.0,246.0
2022-01-08 15:00:00,0.0,350.0,2453.0,0.0,1346.0,0.0,0.0,0.0,111.0,0.0,225.0
2022-01-08 16:00:00,0.0,350.0,2844.0,0.0,1733.0,0.0,0.0,0.0,5.0,0.0,310.0
2022-01-08 17:00:00,0.0,351.0,3169.0,0.0,1865.0,0.0,0.0,0.0,0.0,0.0,391.0
2022-01-08 18:00:00,0.0,355.0,3264.0,0.0,2041.0,0.0,0.0,0.0,0.0,0.0,425.0
2022-01-08 19:00:00,0.0,358.0,3163.0,0.0,1946.0,0.0,0.0,0.0,0.0,0.0,412.0
2022-01-08 20:00:00,0.0,353.0,2967.0,0.0,1657.0,0.0,0.0,0.0,0.0,0.0,422.0
2022-01-08 21:00:00,0.0,359.0,2715.0,0.0,1523.0,0.0,0.0,0.0,0.0,0.0,365.0
2022-01-08 22:00:00,0.0,359.0,2304.0,0.0,1112.0,0.0,0.0,0.0,0.0,0.0,390.0
2022-01-08 23:00:00,0.0,360.0,2334.0,0.0,386.0,0.0,0.0,0.0,0.0,0.0,382.0
2022-01-09 00:00:00,0.0,364.0,1982.0,0.0,310.0,0.0,0.0,0.0,0.0,0.0,480.0
2022-01-09 01:00:00,0.0,360.0,1430.0,0.0,378.0,0.0,0.0,0.0,0.0,0.0,505.0
2022-01-09 02:00:00,0.0,356.0,956.0,0.0,359.0,0.0,0.0,0.0,0.0,0.0,689.0
2022-01-09 03:00:00,0.0,354.0,815.0,0.0,627.0,0.0,0.0,0.0,0.0,0.0,702.0
2022-01-09 04:00:00,0.0,354.0,950.0,0.0,813.0,0.0,0.0,0.0,0.0,0.0,519.0
2022-01-09 05:00:00,0.0,354.0,1002.0,0.0,1111.0,0.0,0.0,0.0,0.0,0.0,459.0
2022-01-09 06:00:00,0.0,356.0,878.0,0.0,1612.0,0.0,0.0,0.0,4.0,0.0,437.0
2022-01-09 07:00:00,0.0,364.0,984.0,0.0,1823.0,0.0,0.0,0.0,49.0,0.0,302.0
2022-01-09 08:00:00,0.0,371.0,1392.0,0.0,2007.0,0.0,0.0,0.0,254.0,0.0,226.0
2022-01-09 09:00:00,0.0,377.0,1630.0,0.0,2090.0,0.0,0.0,0.0,489.0,0.0,198.0
2022-01-09 10:00:00,0.0,365.0,2182.0,0.0,1449.0,0.0,0.0,0.0,667.0,0.0,146.0
2022-01-09 11:00:00,0.0,362.0,2247.0,0.0,1459.0,0.0,0.0,0.0,706.0,0.0,102.0
2022-01-09 12:00:00,0.0,364.0,2206.0,0.0,1574.0,0.0,0.0,0.0,621.0,0.0,66.0
2022-01-09 13:00:00,0.0,362.0,2056.0,0.0,1457.0,0.0,0.0,0.0,487.0,0.0,55.0
2022-01-09 14:00:00,0.0,348.0,2284.0,0.0,1389.0,0.0,0.0,0.0,342.0,0.0,77.0
2022-01-09 15:00:00,0.0,354.0,2712.0,0.0,1365.0,0.0,0.0,0.0,134.0,0.0,132.0
2022-01-09 16:00:00,0.0,357.0,3046.0,0.0,1757.0,0.0,0.0,0.0,5.0,0.0,122.0
2022-01-09 17:00:00,0.0,348.0,3386.0,0.0,2143.0,0.0,0.0,0.0,0.0,0.0,89.0
2022-01-09 18:00:00,0.0,337.0,3314.0,0.0,2226.0,0.0,0.0,0.0,0.0,0.0,83.0
2022-01-09 19:00:00,0.0,334.0,3207.0,0.0,2232.0,0.0,0.0,0.0,0.0,0.0,97.0
2022-01-09 20:00:00,0.0,332.0,3089.0,0.0,1614.0,0.0,0.0,0.0,0.0,0.0,102.0
2022-01-09 21:00:00,0.0,331.0,2966.0,0.0,1575.0,0.0,0.0,0.0,0.0,0.0,109.0
2022-01-09 22:00:00,0.0,345.0,2714.0,0.0,1250.0,0.0,0.0,0.0,0.0,0.0,190.0
2022-01-09 23:00:00,0.0,354.0,2432.0,0.0,437.0,0.0,0.0,0.0,0.0,0.0,253.0
2022-01-10 00:00:00,0.0,363.0,1902.0,0.0,339.0,0.0,0.0,0.0,0.0,0.0,325.0
2022-01-10 01:00:00,0.0,361.0,1486.0,0.0,456.0,0.0,0.0,0.0,0.0,0.0,357.0
2022-01-10 02:00:00,0.0,349.0,1375.0,0.0,425.0,0.0,0.0,0.0,0.0,0.0,358.0
2022-01-10 03:00:00,0.0,344.0,1395.0,0.0,746.0,0.0,0.0,0.0,0.0,0.0,259.0
2022-01-10 04:00:00,0.0,350.0,1406.0,0.0,776.0,0.0,0.0,0.0,0.0,0.0,296.0
2022-01-10 05:00:00,0.0,358.0,1397.0,0.0,1007.0,0.0,0.0,0.0,0.0,0.0,372.0
2022-01-10 06:00:00,0.0,352.0,1914.0,0.0,1437.0,0.0,0.0,0.0,2.0,0.0,407.0
2022-01-10 07:00:00,0.0,346.0,2982.0,0.0,1752.0,0.0,0.0,0.0,50.0,0.0,432.0
2022-01-10 08:00:00,0.0,343.0,3533.0,0.0,2355.0,0.0,0.0,0.0,200.0,0.0,435.0
2022-01-10 09:00:00,0.0,344.0,3434.0,0.0,2198.0,0.0,0.0,0.0,385.0,0.0,523.0
2022-01-10 10:00:00,0.0,345.0,3482.0,0.0,1736.0,0.0,0.0,0.0,455.0,0.0,554.0
2022-01-10 11:00:00,0.0,345.0,3553.0,0.0,1508.0,0.0,0.0,0.0,472.0,0.0,597.0
2022-01-10 12:00:00,0.0,344.0,3521.0,0.0,1486.0,0.0,0.0,0.0,506.0,0.0,542.0
2022-01-10 13:00:00,0.0,346.0,3494.0,0.0,1338.0,0.0,0.0,0.0,435.0,0.0,546.0
2022-01-10 14:00:00,0.0,347.0,3585.0,0.0,1373.0,0.0,0.0,0.0,289.0,0.0,514.0
2022-01-10 15:00:00,0.0,343.0,3604.0,0.0,1398.0,0.0,0.0,0.0,98.0,0.0,540.0
2022-01-10 16:00:00,0.0,338.0,3502.0,0.0,1508.0,0.0,0.0,0.0,12.0,0.0,709.0
2022-01-10 17:00:00,0.0,343.0,3331.0,0.0,1647.0,0.0,0.0,0.0,0.0,0.0,869.0
2022-01-10 18:00:00,0.0,356.0,3271.0,0.0,1902.0,0.0,0.0,0.0,0.0,0.0,1088.0
2022-01-10 19:00:00,0.0,356.0,3241.0,0.0,1783.0,0.0,0.0,0.0,0.0,0.0,1336.0
2022-01-10 20:00:00,0.0,355.0,2831.0,0.0,1473.0,0.0,0.0,0.0,0.0,0.0,1443.0
2022-01-10 21:00:00,0.0,351.0,2440.0,0.0,1464.0,0.0,0.0,0.0,0.0,0.0,1494.0
2022-01-10 22:00:00,0.0,345.0,1986.0,0.0,1260.0,0.0,0.0,0.0,0.0,0.0,1539.0
2022-01-10 23:00:00,0.0,348.0,1454.0,0.0,544.0,0.0,0.0,0.0,0.0,0.0,1622.0
2022-01-11 00:00:00,0.0,356.0,1703.0,0.0,321.0,0.0,0.0,0.0,0.0,0.0,1523.0
2022-01-11 01:00:00,0.0,354.0,1616.0,0.0,311.0,0.0,0.0,0.0,0.0,0.0,1520.0
2022-01-11 02:00:00,0.0,357.0,1304.0,0.0,305.0,0.0,0.0,0.0,0.0,0.0,1783.0
2022-01-11 03:00:00,0.0,357.0,1412.0,0.0,522.0,0.0,0.0,0.0,0.0,0.0,1698.0
2022-01-11 04:00:00,0.0,357.0,1494.0,0.0,674.0,0.0,0.0,0.0,0.0,0.0,1350.0
2022-01-11 05:00:00,0.0,357.0,1843.0,0.0,865.0,0.0,0.0,0.0,0.0,0.0,905.0
2022-01-11 06:00:00,0.0,352.0,2118.0,0.0,1488.0,0.0,0.0,0.0,2.0,0.0,893.0
2022-01-11 07:00:00,0.0,366.0,2892.0,0.0,1805.0,0.0,0.0,0.0,36.0,0.0,916.0
2022-01-11 08:00:00,0.0,438.0,3305.0,0.0,2032.0,0.0,0.0,0.0,173.0,0.0,1001.0
2022-01-11 09:00:00,0.0,532.0,3469.0,0.0,1880.0,0.0,0.0,0.0,353.0,0.0,962.0
2022-01-11 10:00:00,0.0,659.0,3557.0,0.0,1584.0,0.0,0.0,0.0,439.0,0.0,1014.0
2022-01-11 11:00:00,0.0,733.0,3266.0,0.0,1418.0,0.0,0.0,0.0,586.0,0.0,1043.0
2022-01-11 12:00:00,0.0,804.0,2938.0,0.0,1341.0,0.0,0.0,0.0,601.0,0.0,1102.0
2022-01-11 13:00:00,0.0,830.0,2704.0,0.0,1295.0,0.0,0.0,0.0,427.0,0.0,1259.0
2022-01-11 14:00:00,0.0,828.0,2788.0,0.0,1334.0,0.0,0.0,0.0,272.0,0.0,1326.0
2022-01-11 15:00:00,0.0,829.0,2879.0,0.0,1219.0,0.0,0.0,0.0,106.0,0.0,1431.0
2022-01-11 16:00:00,0.0,832.0,2880.0,0.0,1439.0,0.0,0.0,0.0,14.0,0.0,1629.0
2022-01-11 17:00:00,0.0,839.0,2969.0,0.0,1734.0,0.0,0.0,0.0,0.0,0.0,1782.0
2022-01-11 18:00:00,0.0,840.0,2921.0,0.0,1931.0,0.0,0.0,0.0,0.0,0.0,1794.0
2022-01-11 19:00:00,0.0,840.0,2964.0,0.0,2021.0,0.0,0.0,0.0,0.0,0.0,1814.0
2022-01-11 20:00:00,0.0,847.0,2561.0,0.0,1841.0,0.0,0.0,0.0,0.0,0.0,1789.0
2022-01-11 21:00:00,0.0,841.0,2197.0,0.0,1768.0,0.0,0.0,0.0,0.0,0.0,1793.0
2022-01-11 22:00:00,0.0,839.0,2025.0,0.0,1350.0,0.0,0.0,0.0,0.0,0.0,1821.0
2022-01-11 23:00:00,0.0,845.0,1226.0,0.0,1083.0,0.0,0.0,0.0,0.0,0.0,1996.0
2022-01-12 00:00:00,0.0,829.0,960.0,0.0,933.0,0.0,0.0,0.0,0.0,0.0,2107.0
2022-01-12 01:00:00,0.0,851.0,793.0,0.0,721.0,0.0,0.0,0.0,0.0,0.0,2310.0
2022-01-12 02:00:00,0.0,822.0,821.0,0.0,670.0,0.0,0.0,0.0,0.0,0.0,2390.0
2022-01-12 03:00:00,0.0,844.0,958.0,0.0,763.0,0.0,0.0,0.0,0.0,0.0,2323.0
2022-01-12 04:00:00,0.0,859.0,1150.0,0.0,685.0,0.0,0.0,0.0,0.0,0.0,2240.0
2022-01-12 05:00:00,0.0,846.0,1446.0,0.0,821.0,0.0,0.0,0.0,0.0,0.0,2194.0
2022-01-12 06:00:00,0.0,863.0,1675.0,0.0,1396.0,0.0,0.0,0.0,6.0,0.0,2158.0
2022-01-12 07:00:00,0.0,808.0,2072.0,0.0,1852.0,0.0,0.0,0.0,62.0,0.0,2130.0
2022-01-12 08:00:00,0.0,748.0,2825.0,0.0,2156.0,0.0,0.0,0.0,315.0,0.0,2126.0
2022-01-12 09:00:00,0.0,730.0,2707.0,0.0,2078.0,0.0,0.0,0.0,587.0,0.0,2161.0
2022-01-12 10:00:00,0.0,712.0,2342.0,0.0,1700.0,0.0,0.0,0.0,750.0,0.0,2177.0
2022-01-12 11:00:00,0.0,704.0,2228.0,0.0,1506.0,0.0,0.0,0.0,903.0,0.0,2160.0
2022-01-12 12:00:00,0.0,716.0,2426.0,0.0,1257.0,0.0,0.0,0.0,996.0,0.0,2156.0
2022-01-12 13:00:00,0.0,735.0,2421.0,0.0,1124.0,0.0,0.0,0.0,919.0,0.0,2186.0
2022-01-12 14:00:00,0.0,724.0,2598.0,0.0,1160.0,0.0,0.0,0.0,659.0,0.0,2230.0
2022-01-12 15:00:00,0.0,772.0,2916.0,0.0,1193.0,0.0,0.0,0.0,217.0,0.0,2200.0
2022-01-12 16:00:00,0.0,825.0,3474.0,0.0,1318.0,0.0,0.0,0.0,17.0,0.0,2195.0
2022-01-12 17:00:00,0.0,887.0,3655.0,0.0,1534.0,0.0,0.0,0.0,0.0,0.0,2199.0
2022-01-12 18:00:00,0.0,901.0,3723.0,0.0,1633.0,0.0,0.0,0.0,0.0,0.0,2185.0
2022-01-12 19:00:00,0.0,910.0,3546.0,0.0,1578.0,0.0,0.0,0.0,0.0,0.0,2179.0
2022-01-12 20:00:00,0.0,918.0,3001.0,0.0,1287.0,0.0,0.0,0.0,0.0,0.0,2174.0
2022-01-12 21:00:00,0.0,973.0,2428.0,0.0,1069.0,0.0,0.0,0.0,0.0,0.0,2183.0
2022-01-12 22:00:00,0.0,1040.0,1981.0,0.0,847.0,0.0,0.0,0.0,0.0,0.0,2135.0
2022-01-12 23:00:00,0.0,1003.0,1390.0,0.0,377.0,0.0,0.0,0.0,0.0,0.0,2101.0
2022-01-13 00:00:00,0.0,1024.0,1297.0,0.0,324.0,0.0,0.0,0.0,0.0,0.0,2100.0
2022-01-13 01:00:00,0.0,1029.0,1078.0,0.0,275.0,0.0,0.0,0.0,0.0,0.0,2072.0
2022-01-13 02:00:00,0.0,998.0,1135.0,0.0,410.0,0.0,0.0,0.0,0.0,0.0,2052.0
2022-01-13 03:00:00,0.0,1011.0,1217.0,0.0,444.0,0.0,0.0,0.0,0.0,0.0,2068.0
2022-01-13 04:00:00,0.0,1017.0,1097.0,0.0,862.0,0.0,0.0,0.0,0.0,0.0,2059.0
2022-01-13 05:00:00,0.0,1007.0,940.0,0.0,1264.0,0.0,0.0,0.0,0.0,0.0,2076.0
2022-01-13 06:00:00,0.0,1031.0,1581.0,0.0,1388.0,0.0,0.0,0.0,7.0,0.0,2095.0
2022-01-13 07:00:00,0.0,1053.0,2034.0,0.0,1770.0,0.0,0.0,0.0,173.0,0.0,2120.0
2022-01-13 08:00:00,0.0,1117.0,2107.0,0.0,1856.0,0.0,0.0,0.0,746.0,0.0,2162.0
2022-01-13 09:00:00,0.0,1171.0,2021.0,0.0,1705.0,0.0,0.0,0.0,1328.0,0.0,2143.0
2022-01-13 10:00:00,0.0,1167.0,1552.0,0.0,1550.0,0.0,0.0,0.0,1708.0,0.0,2111.0
2022-01-13 11:00:00,0.0,1067.0,1536.0,0.0,1141.0,0.0,0.0,0.0,1845.0,0.0,2111.0
2022-01-13 12:00:00,0.0,1175.0,1795.0,0.0,1032.0,0.0,0.0,0.0,1767.0,0.0,2094.0
2022-01-13 13:00:00,0.0,1184.0,1889.0,0.0,1021.0,0.0,0.0,0.0,1539.0,0.0,2109.0
2022-01-13 14:00:00,0.0,1125.0,2276.0,0.0,1017.0,0.0,0.0,0.0,1083.0,0.0,2103.0
2022-01-13 15:00:00,0.0,1087.0,2831.0,0.0,1083.0,0.0,0.0,0.0,402.0,0.0,2055.0
2022-01-13 16:00:00,0.0,1148.0,3181.0,0.0,1444.0,0.0,0.0,0.0,27.0,0.0,2036.0
2022-01-13 17:00:00,0.0,1192.0,3206.0,0.0,1704.0,0.0,0.0,0.0,0.0,0.0,2001.0
2022-01-13 18:00:00,0.0,1194.0,3210.0,0.0,1820.0,0.0,0.0,0.0,0.0,0.0,1991.0
2022-01-13 19:00:00,0.0,1190.0,3241.0,0.0,1649.0,0.0,0.0,0.0,0.0,0.0,1986.0
2022-01-13 20:00:00,0.0,1181.0,2583.0,0.0,1278.0,0.0,0.0,0.0,0.0,0.0,1970.0
2022-01-13 21:00:00,0.0,1135.0,2022.0,0.0,1020.0,0.0,0.0,0.0,0.0,0.0,1993.0
2022-01-13 22:00:00,0.0,1143.0,1412.0,0.0,923.0,0.0,0.0,0.0,0.0,0.0,1961.0
2022-01-13 23:00:00,0.0,1157.0,868.0,0.0,525.0,0.0,0.0,0.0,0.0,0.0,1867.0
2022-01-14 00:00:00,0.0,1174.0,828.0,0.0,223.0,0.0,0.0,0.0,0.0,0.0,1812.0
2022-01-14 01:00:00,0.0,1183.0,842.0,0.0,305.0,0.0,0.0,0.0,0.0,0.0,1708.0
2022-01-14 02:00:00,0.0,1190.0,858.0,0.0,264.0,0.0,0.0,0.0,0.0,0.0,1633.0
2022-01-14 03:00:00,0.0,1193.0,901.0,0.0,532.0,0.0,0.0,0.0,0.0,0.0,1445.0
2022-01-14 04:00:00,0.0,1197.0,918.0,0.0,639.0,0.0,0.0,0.0,0.0,0.0,1377.0
2022-01-14 05:00:00,0.0,1192.0,985.0,0.0,827.0,0.0,0.0,0.0,0.0,0.0,1395.0
2022-01-14 06:00:00,0.0,1196.0,1335.0,0.0,1218.0,0.0,0.0,0.0,5.0,0.0,1443.0
2022-01-14 07:00:00,0.0,1196.0,2152.0,0.0,1300.0,0.0,0.0,0.0,273.0,0.0,1386.0
2022-01-14 08:00:00,0.0,1215.0,2268.0,0.0,1301.0,0.0,0.0,0.0,1113.0,0.0,1207.0
2022-01-14 09:00:00,0.0,1213.0,1727.0,0.0,1123.0,0.0,0.0,0.0,1779.0,0.0,1065.0
2022-01-14 10:00:00,0.0,1214.0,1608.0,0.0,958.0,0.0,0.0,0.0,2116.0,0.0,920.0
2022-01-14 11:00:00,0.0,1206.0,1495.0,0.0,965.0,0.0,0.0,0.0,2242.0,0.0,890.0
2022-01-14 12:00:00,0.0,1187.0,1499.0,0.0,931.0,0.0,0.0,0.0,2164.0,0.0,808.0
2022-01-14 13:00:00,0.0,1188.0,1474.0,0.0,1045.0,0.0,0.0,0.0,1879.0,0.0,726.0
2022-01-14 14:00:00,0.0,1125.0,1879.0,0.0,1057.0,0.0,0.0,0.0,1325.0,0.0,543.0
2022-01-14 15:00:00,0.0,1111.0,2418.0,0.0,1188.0,0.0,0.0,0.0,486.0,0.0,464.0
2022-01-14 16:00:00,0.0,1186.0,2894.0,0.0,1424.0,0.0,0.0,0.0,22.0,0.0,522.0
2022-01-14 17:00:00,0.0,1208.0,3371.0,0.0,1528.0,0.0,0.0,0.0,0.0,0.0,549.0
2022-01-14 18:00:00,0.0,1207.0,3298.0,0.0,1645.0,0.0,0.0,0.0,0.0,0.0,544.0
2022-01-14 19:00:00,0.0,1194.0,3287.0,0.0,1566.0,0.0,0.0,0.0,0.0,0.0,489.0
2022-01-14 20:00:00,0.0,1190.0,2979.0,0.0,1236.0,0.0,0.0,0.0,0.0,0.0,519.0
2022-01-14 21:00:00,0.0,1198.0,2443.0,0.0,1083.0,0.0,0.0,0.0,0.0,0.0,564.0
2022-01-14 22:00:00,0.0,1108.0,2257.0,0.0,881.0,0.0,0.0,0.0,0.0,0.0,639.0
2022-01-14 23:00:00,0.0,1081.0,2295.0,0.0,241.0,0.0,0.0,0.0,0.0,0.0,649.0
2022-01-15 00:00:00,0.0,1189.0,2185.0,0.0,0.0,0.0,0.0,0.0,0.0,0.0,605.0
2022-01-15 01:00:00,0.0,1217.0,1921.0,0.0,0.0,0.0,0.0,0.0,0.0,0.0,607.0
2022-01-15 02:00:00,0.0,1219.0,1520.0,0.0,1.0,0.0,0.0,0.0,0.0,0.0,738.0
2022-01-15 03:00:00,0.0,1160.0,1259.0,0.0,175.0,0.0,0.0,0.0,0.0,0.0,813.0
2022-01-15 04:00:00,0.0,1120.0,1254.0,0.0,300.0,0.0,0.0,0.0,0.0,0.0,876.0
2022-01-15 05:00:00,0.0,1100.0,1201.0,0.0,460.0,0.0,0.0,0.0,0.0,0.0,1022.0
2022-01-15 06:00:00,0.0,1112.0,1187.0,0.0,1021.0,0.0,0.0,0.0,2.0,0.0,1155.0
2022-01-15 07:00:00,0.0,1143.0,1220.0,0.0,1339.0,0.0,0.0,0.0,274.0,0.0,1334.0
2022-01-15 08:00:00,0.0,1091.0,1248.0,0.0,1142.0,0.0,0.0,0.0,1095.0,0.0,1605.0
2022-01-15 09:00:00,0.0,1041.0,1311.0,0.0,998.0,0.0,0.0,0.0,1725.0,0.0,1777.0
2022-01-15 10:00:00,0.0,919.0,1274.0,0.0,740.0,0.0,0.0,0.0,2040.0,0.0,1835.0
2022-01-15 11:00:00,0.0,897.0,1289.0,0.0,532.0,0.0,0.0,0.0,2068.0,0.0,1896.0
2022-01-15 12:00:00,0.0,879.0,1279.0,0.0,704.0,0.0,0.0,0.0,1963.0,0.0,1811.0
2022-01-15 13:00:00,0.0,910.0,1320.0,0.0,822.0,0.0,0.0,0.0,1681.0,0.0,1799.0
2022-01-15 14:00:00,0.0,950.0,1500.0,0.0,1067.0,0.0,0.0,0.0,1175.0,0.0,1801.0
2022-01-15 15:00:00,0.0,1036.0,1780.0,0.0,1150.0,0.0,0.0,0.0,452.0,0.0,1727.0
2022-01-15 16:00:00,0.0,1063.0,2277.0,0.0,1269.0,0.0,0.0,0.0,29.0,0.0,1710.0
2022-01-15 17:00:00,0.0,1068.0,2440.0,0.0,1710.0,0.0,0.0,0.0,0.0,0.0,1688.0
2022-01-15 18:00:00,0.0,1096.0,2414.0,0.0,1816.0,0.0,0.0,0.0,0.0,0.0,1594.0
2022-01-15 19:00:00,0.0,1097.0,2326.0,0.0,1815.0,0.0,0.0,0.0,0.0,0.0,1532.0
2022-01-15 20:00:00,0.0,1093.0,2071.0,0.0,1417.0,0.0,0.0,0.0,0.0,0.0,1558.0
2022-01-15 21:00:00,0.0,1069.0,1763.0,0.0,1135.0,0.0,0.0,0.0,0.0,0.0,1552.0
2022-01-15 22:00:00,0.0,1075.0,1831.0,0.0,750.0,0.0,0.0,0.0,0.0,0.0,1496.0
2022-01-15 23:00:00,0.0,1062.0,1707.0,0.0,55.0,0.0,0.0,0.0,0.0,0.0,1523.0
2022-01-16 00:00:00,0.0,1083.0,1688.0,0.0,26.0,0.0,0.0,0.0,0.0,0.0,1445.0
2022-01-16 01:00:00,0.0,1058.0,1350.0,0.0,26.0,0.0,0.0,0.0,0.0,0.0,1424.0
2022-01-16 02:00:00,0.0,1074.0,1296.0,0.0,28.0,0.0,0.0,0.0,0.0,0.0,1289.0
2022-01-16 03:00:00,0.0,1079.0,1312.0,0.0,77.0,0.0,0.0,0.0,0.0,0.0,1233.0
2022-01-16 04:00:00,0.0,966.0,1205.0,0.0,117.0,0.0,0.0,0.0,0.0,0.0,1310.0
2022-01-16 05:00:00,0.0,928.0,1266.0,0.0,224.0,0.0,0.0,0.0,0.0,0.0,1332.0
2022-01-16 06:00:00,0.0,961.0,1232.0,0.0,711.0,0.0,0.0,0.0,9.0,0.0,1267.0
2022-01-16 07:00:00,0.0,1032.0,1313.0,0.0,1172.0,0.0,0.0,0.0,208.0,0.0,1127.0
2022-01-16 08:00:00,0.0,1055.0,1355.0,0.0,1209.0,0.0,0.0,0.0,850.0,0.0,890.0
2022-01-16 09:00:00,0.0,1042.0,1460.0,0.0,1156.0,0.0,0.0,0.0,1390.0,0.0,754.0
2022-01-16 10:00:00,0.0,1014.0,1382.0,0.0,1068.0,0.0,0.0,0.0,1658.0,0.0,670.0
2022-01-16 11:00:00,0.0,975.0,1386.0,0.0,860.0,0.0,0.0,0.0,1780.0,0.0,542.0
2022-01-16 12:00:00,0.0,1005.0,1393.0,0.0,826.0,0.0,0.0,0.0,1757.0,0.0,453.0
2022-01-16 13:00:00,0.0,1041.0,1373.0,0.0,895.0,0.0,0.0,0.0,1575.0,0.0,392.0
2022-01-16 14:00:00,0.0,1000.0,1627.0,0.0,1027.0,0.0,0.0,0.0,1153.0,0.0,357.0
2022-01-16 15:00:00,0.0,1004.0,2001.0,0.0,1373.0,0.0,0.0,0.0,454.0,0.0,333.0
2022-01-16 16:00:00,0.0,1026.0,2575.0,0.0,1598.0,0.0,0.0,0.0,26.0,0.0,336.0
2022-01-16 17:00:00,0.0,1054.0,2929.0,0.0,1964.0,0.0,0.0,0.0,0.0,0.0,334.0
2022-01-16 18:00:00,0.0,1088.0,3042.0,0.0,1978.0,0.0,0.0,0.0,0.0,0.0,314.0
2022-01-16 19:00:00,0.0,1088.0,3162.0,0.0,2049.0,0.0,0.0,0.0,0.0,0.0,327.0
2022-01-16 20:00:00,0.0,1094.0,3001.0,0.0,1875.0,0.0,0.0,0.0,0.0,0.0,345.0
2022-01-16 21:00:00,0.0,1115.0,2694.0,0.0,1567.0,0.0,0.0,0.0,0.0,0.0,351.0
2022-01-16 22:00:00,0.0,1090.0,2334.0,0.0,1058.0,0.0,0.0,0.0,0.0,0.0,395.0
2022-01-16 23:00:00,0.0,1099.0,2298.0,0.0,286.0,0.0,0.0,0.0,0.0,0.0,476.0
2022-01-17 00:00:00,0.0,1075.0,1927.0,0.0,0.0,0.0,0.0,0.0,0.0,0.0,541.0
2022-01-17 01:00:00,0.0,1072.0,1691.0,0.0,0.0,0.0,0.0,0.0,0.0,0.0,583.0
2022-01-17 02:00:00,0.0,1017.0,1705.0,0.0,31.0,0.0,0.0,0.0,0.0,0.0,605.0
2022-01-17 03:00:00,0.0,1001.0,1529.0,0.0,82.0,0.0,0.0,0.0,0.0,0.0,635.0
2022-01-17 04:00:00,0.0,915.0,1573.0,0.0,124.0,0.0,0.0,0.0,0.0,0.0,689.0
2022-01-17 05:00:00,0.0,915.0,1615.0,0.0,248.0,0.0,0.0,0.0,0.0,0.0,773.0
2022-01-17 06:00:00,0.0,967.0,2142.0,0.0,920.0,0.0,0.0,0.0,15.0,0.0,894.0
2022-01-17 07:00:00,0.0,1024.0,2466.0,0.0,1283.0,0.0,0.0,0.0,257.0,0.0,999.0
2022-01-17 08:00:00,0.0,1028.0,2390.0,0.0,1367.0,0.0,0.0,0.0,962.0,0.0,1089.0
2022-01-17 09:00:00,0.0,1029.0,2445.0,0.0,1157.0,0.0,0.0,0.0,1522.0,0.0,1140.0
2022-01-17 10:00:00,0.0,905.0,1912.0,0.0,908.0,0.0,0.0,0.0,1871.0,0.0,1242.0
2022-01-17 11:00:00,0.0,862.0,1831.0,0.0,790.0,0.0,0.0,0.0,2036.0,0.0,1294.0
2022-01-17 12:00:00,0.0,862.0,1865.0,0.0,803.0,0.0,0.0,0.0,1956.0,0.0,1262.0
2022-01-17 13:00:00,0.0,858.0,1987.0,0.0,739.0,0.0,0.0,0.0,1680.0,0.0,1216.0
2022-01-17 14:00:00,0.0,893.0,2182.0,0.0,880.0,0.0,0.0,0.0,1141.0,0.0,1102.0
2022-01-17 15:00:00,0.0,923.0,2766.0,0.0,1278.0,0.0,0.0,0.0,418.0,0.0,1110.0
2022-01-17 16:00:00,0.0,1002.0,3339.0,0.0,1712.0,0.0,0.0,0.0,41.0,0.0,1050.0
2022-01-17 17:00:00,0.0,1039.0,3591.0,0.0,1877.0,0.0,0.0,0.0,0.0,0.0,995.0
2022-01-17 18:00:00,0.0,1060.0,3675.0,0.0,1821.0,0.0,0.0,0.0,0.0,0.0,1000.0
2022-01-17 19:00:00,0.0,1063.0,3566.0,0.0,1785.0,0.0,0.0,0.0,0.0,0.0,1004.0
2022-01-17 20:00:00,0.0,1065.0,3033.0,0.0,1518.0,0.0,0.0,0.0,0.0,0.0,1082.0
2022-01-17 21:00:00,0.0,1012.0,2438.0,0.0,1380.0,0.0,0.0,0.0,0.0,0.0,1266.0
2022-01-17 22:00:00,0.0,925.0,2289.0,0.0,813.0,0.0,0.0,0.0,0.0,0.0,1302.0
2022-01-17 23:00:00,0.0,878.0,1890.0,0.0,161.0,0.0,0.0,0.0,0.0,0.0,1274.0
2022-01-18 00:00:00,0.0,867.0,1752.0,0.0,0.0,0.0,0.0,0.0,0.0,0.0,1166.0
2022-01-18 01:00:00,0.0,760.0,1601.0,0.0,0.0,0.0,0.0,0.0,0.0,0.0,1024.0
2022-01-18 02:00:00,0.0,782.0,1415.0,0.0,0.0,0.0,0.0,0.0,0.0,0.0,1057.0
2022-01-18 03:00:00,0.0,773.0,1315.0,0.0,0.0,0.0,0.0,0.0,0.0,0.0,1401.0
2022-01-18 04:00:00,0.0,734.0,1295.0,0.0,0.0,0.0,0.0,0.0,0.0,0.0,1584.0
2022-01-18 05:00:00,0.0,728.0,1363.0,0.0,40.0,0.0,0.0,0.0,0.0,0.0,1624.0
2022-01-18 06:00:00,0.0,738.0,1662.0,0.0,758.0,0.0,0.0,0.0,8.0,0.0,1681.0
2022-01-18 07:00:00,0.0,844.0,2199.0,0.0,1104.0,0.0,0.0,0.0,271.0,0.0,1766.0
2022-01-18 08:00:00,0.0,860.0,2221.0,0.0,1018.0,0.0,0.0,0.0,1038.0,0.0,1971.0
2022-01-18 09:00:00,0.0,864.0,1959.0,0.0,856.0,0.0,0.0,0.0,1616.0,0.0,2074.0
2022-01-18 10:00:00,0.0,779.0,1534.0,0.0,758.0,0.0,0.0,0.0,1960.0,0.0,2020.0
2022-01-18 11:00:00,0.0,722.0,1510.0,0.0,737.0,0.0,0.0,0.0,2117.0,0.0,1927.0
2022-01-18 12:00:00,0.0,802.0,1837.0,0.0,667.0,0.0,0.0,0.0,2099.0,0.0,1784.0
2022-01-18 13:00:00,0.0,870.0,1882.0,0.0,717.0,0.0,0.0,0.0,1827.0,0.0,1617.0
2022-01-18 14:00:00,0.0,867.0,2283.0,0.0,887.0,0.0,0.0,0.0,1308.0,0.0,1380.0
2022-01-18 15:00:00,0.0,875.0,2944.0,0.0,942.0,0.0,0.0,0.0,525.0,0.0,1267.0
2022-01-18 16:00:00,0.0,880.0,3647.0,0.0,1687.0,0.0,0.0,0.0,32.0,0.0,1110.0
2022-01-18 17:00:00,0.0,884.0,3853.0,0.0,2026.0,0.0,0.0,0.0,0.0,0.0,1033.0
2022-01-18 18:00:00,0.0,890.0,3988.0,0.0,2131.0,0.0,0.0,0.0,0.0,0.0,1057.0
2022-01-18 19:00:00,0.0,894.0,3702.0,0.0,2046.0,0.0,0.0,0.0,0.0,0.0,1072.0
2022-01-18 20:00:00,0.0,893.0,3574.0,0.0,1518.0,0.0,0.0,0.0,0.0,0.0,1105.0
2022-01-18 21:00:00,0.0,870.0,2779.0,0.0,1005.0,0.0,0.0,0.0,0.0,0.0,1296.0
2022-01-18 22:00:00,0.0,866.0,2029.0,0.0,634.0,0.0,0.0,0.0,0.0,0.0,1522.0
2022-01-18 23:00:00,0.0,880.0,1488.0,0.0,223.0,0.0,0.0,0.0,0.0,0.0,1748.0
2022-01-19 00:00:00,0.0,837.0,1295.0,0.0,19.0,0.0,0.0,0.0,0.0,0.0,1927.0
2022-01-19 01:00:00,0.0,733.0,1325.0,0.0,30.0,0.0,0.0,0.0,0.0,0.0,2123.0
2022-01-19 02:00:00,0.0,773.0,1576.0,0.0,30.0,0.0,0.0,0.0,0.0,0.0,2008.0
2022-01-19 03:00:00,0.0,821.0,1551.0,0.0,30.0,0.0,0.0,0.0,0.0,0.0,1988.0
2022-01-19 04:00:00,0.0,835.0,1598.0,0.0,30.0,0.0,0.0,0.0,0.0,0.0,1983.0
2022-01-19 05:00:00,0.0,847.0,1818.0,0.0,121.0,0.0,0.0,0.0,0.0,0.0,1918.0
2022-01-19 06:00:00,0.0,879.0,2172.0,0.0,671.0,0.0,0.0,0.0,11.0,0.0,1664.0
2022-01-19 07:00:00,0.0,884.0,2722.0,0.0,1232.0,0.0,0.0,0.0,300.0,0.0,1516.0
2022-01-19 08:00:00,0.0,882.0,2761.0,0.0,1019.0,0.0,0.0,0.0,1109.0,0.0,1436.0
2022-01-19 09:00:00,0.0,881.0,2587.0,0.0,778.0,0.0,0.0,0.0,1718.0,0.0,1188.0
2022-01-19 10:00:00,0.0,878.0,2217.0,0.0,676.0,0.0,0.0,0.0,1978.0,0.0,954.0
2022-01-19 11:00:00,0.0,874.0,2226.0,0.0,540.0,0.0,0.0,0.0,2099.0,0.0,672.0
2022-01-19 12:00:00,0.0,865.0,2346.0,0.0,628.0,0.0,0.0,0.0,2078.0,0.0,425.0
2022-01-19 13:00:00,0.0,857.0,2380.0,0.0,659.0,0.0,0.0,0.0,1850.0,0.0,258.0
2022-01-19 14:00:00,0.0,858.0,2486.0,0.0,835.0,0.0,0.0,0.0,1360.0,0.0,186.0
2022-01-19 15:00:00,0.0,824.0,3105.0,0.0,1101.0,0.0,0.0,0.0,547.0,0.0,190.0
2022-01-19 16:00:00,0.0,846.0,3788.0,0.0,1570.0,0.0,0.0,0.0,36.0,0.0,216.0
2022-01-19 17:00:00,0.0,848.0,3935.0,0.0,1807.0,0.0,0.0,0.0,0.0,0.0,251.0
2022-01-19 18:00:00,0.0,878.0,4082.0,0.0,1664.0,0.0,0.0,0.0,0.0,0.0,274.0
2022-01-19 19:00:00,0.0,894.0,3990.0,0.0,1493.0,0.0,0.0,0.0,0.0,0.0,338.0
2022-01-19 20:00:00,0.0,891.0,3483.0,0.0,1313.0,0.0,0.0,0.0,0.0,0.0,426.0
2022-01-19 21:00:00,0.0,878.0,3122.0,0.0,809.0,0.0,0.0,0.0,0.0,0.0,533.0
2022-01-19 22:00:00,0.0,889.0,3087.0,0.0,386.0,0.0,0.0,0.0,0.0,0.0,632.0
2022-01-19 23:00:00,0.0,877.0,2479.0,0.0,110.0,0.0,0.0,0.0,0.0,0.0,779.0
2022-01-20 00:00:00,0.0,801.0,1939.0,0.0,0.0,0.0,0.0,0.0,0.0,0.0,936.0
2022-01-20 01:00:00,0.0,821.0,1525.0,0.0,7.0,0.0,0.0,0.0,0.0,0.0,1076.0
2022-01-20 02:00:00,0.0,766.0,1301.0,0.0,17.0,0.0,0.0,0.0,0.0,0.0,1257.0
2022-01-20 03:00:00,0.0,742.0,1257.0,0.0,65.0,0.0,0.0,0.0,0.0,0.0,1422.0
2022-01-20 04:00:00,0.0,730.0,1269.0,0.0,68.0,0.0,0.0,0.0,0.0,0.0,1515.0
2022-01-20 05:00:00,0.0,710.0,1487.0,0.0,209.0,0.0,0.0,0.0,0.0,0.0,1557.0
2022-01-20 06:00:00,0.0,726.0,2085.0,0.0,413.0,0.0,0.0,0.0,22.0,0.0,1593.0
2022-01-20 07:00:00,0.0,836.0,2476.0,0.0,782.0,0.0,0.0,0.0,323.0,0.0,1606.0
2022-01-20 08:00:00,0.0,842.0,2417.0,0.0,726.0,0.0,0.0,0.0,1105.0,0.0,1504.0
2022-01-20 09:00:00,0.0,842.0,2390.0,0.0,543.0,0.0,0.0,0.0,1708.0,0.0,1440.0
2022-01-20 10:00:00,0.0,809.0,1916.0,0.0,610.0,0.0,0.0,0.0,2034.0,0.0,1527.0
2022-01-20 11:00:00,0.0,738.0,1775.0,0.0,652.0,0.0,0.0,0.0,2151.0,0.0,1671.0
2022-01-20 12:00:00,0.0,730.0,1776.0,0.0,741.0,0.0,0.0,0.0,2078.0,0.0,1833.0
2022-01-20 13:00:00,0.0,735.0,1727.0,0.0,728.0,0.0,0.0,0.0,1812.0,0.0,1917.0
2022-01-20 14:00:00,0.0,722.0,1828.0,0.0,733.0,0.0,0.0,0.0,1305.0,0.0,1929.0
2022-01-20 15:00:00,0.0,722.0,2250.0,0.0,1205.0,0.0,0.0,0.0,536.0,0.0,1868.0
2022-01-20 16:00:00,0.0,795.0,2706.0,0.0,1444.0,0.0,0.0,0.0,52.0,0.0,1775.0
2022-01-20 17:00:00,0.0,816.0,2760.0,0.0,1495.0,0.0,0.0,0.0,0.0,0.0,1725.0
2022-01-20 18:00:00,0.0,849.0,3250.0,0.0,1680.0,0.0,0.0,0.0,0.0,0.0,1595.0
2022-01-20 19:00:00,0.0,859.0,3326.0,0.0,1761.0,0.0,0.0,0.0,0.0,0.0,1442.0
2022-01-20 20:00:00,0.0,830.0,3047.0,0.0,1282.0,0.0,0.0,0.0,0.0,0.0,1324.0
2022-01-20 21:00:00,0.0,815.0,2775.0,0.0,831.0,0.0,0.0,0.0,0.0,0.0,1375.0
2022-01-20 22:00:00,0.0,812.0,2401.0,0.0,707.0,0.0,0.0,0.0,0.0,0.0,1311.0
2022-01-20 23:00:00,0.0,809.0,1768.0,0.0,196.0,0.0,0.0,0.0,0.0,0.0,1345.0
2022-01-21 00:00:00,0.0,802.0,1961.0,0.0,25.0,0.0,0.0,0.0,0.0,0.0,1278.0
2022-01-21 01:00:00,0.0,616.0,1763.0,0.0,25.0,0.0,0.0,0.0,0.0,0.0,1341.0
2022-01-21 02:00:00,0.0,611.0,1607.0,0.0,25.0,0.0,0.0,0.0,0.0,0.0,1503.0
2022-01-21 03:00:00,0.0,557.0,1582.0,0.0,25.0,0.0,0.0,0.0,0.0,0.0,1601.0
2022-01-21 04:00:00,0.0,536.0,1685.0,0.0,29.0,0.0,0.0,0.0,0.0,0.0,1570.0
2022-01-21 05:00:00,0.0,576.0,1647.0,0.0,306.0,0.0,0.0,0.0,0.0,0.0,1650.0
2022-01-21 06:00:00,0.0,555.0,1774.0,0.0,674.0,0.0,0.0,0.0,17.0,0.0,1694.0
2022-01-21 07:00:00,0.0,565.0,2341.0,0.0,1290.0,0.0,0.0,0.0,208.0,0.0,1709.0
2022-01-21 08:00:00,0.0,608.0,2816.0,0.0,1186.0,0.0,0.0,0.0,636.0,0.0,1648.0
2022-01-21 09:00:00,0.0,611.0,2910.0,0.0,1044.0,0.0,0.0,0.0,971.0,0.0,1585.0
2022-01-21 10:00:00,0.0,603.0,2644.0,0.0,869.0,0.0,0.0,0.0,1189.0,0.0,1694.0
2022-01-21 11:00:00,0.0,611.0,2513.0,0.0,758.0,0.0,0.0,0.0,1189.0,0.0,1786.0
2022-01-21 12:00:00,0.0,610.0,2387.0,0.0,731.0,0.0,0.0,0.0,1032.0,0.0,1876.0
2022-01-21 13:00:00,0.0,607.0,2277.0,0.0,806.0,0.0,0.0,0.0,846.0,0.0,1819.0
2022-01-21 14:00:00,0.0,598.0,2565.0,0.0,843.0,0.0,0.0,0.0,563.0,0.0,1643.0
2022-01-21 15:00:00,0.0,597.0,2698.0,0.0,1077.0,0.0,0.0,0.0,222.0,0.0,1491.0
2022-01-21 16:00:00,0.0,600.0,2916.0,0.0,1266.0,0.0,0.0,0.0,31.0,0.0,1415.0
2022-01-21 17:00:00,0.0,599.0,3065.0,0.0,1544.0,0.0,0.0,0.0,0.0,0.0,1421.0
2022-01-21 18:00:00,0.0,602.0,3086.0,0.0,1624.0,0.0,0.0,0.0,0.0,0.0,1300.0
2022-01-21 19:00:00,0.0,617.0,3204.0,0.0,1481.0,0.0,0.0,0.0,0.0,0.0,1159.0
2022-01-21 20:00:00,0.0,619.0,2807.0,0.0,1283.0,0.0,0.0,0.0,0.0,0.0,1039.0
2022-01-21 21:00:00,0.0,621.0,2720.0,0.0,785.0,0.0,0.0,0.0,0.0,0.0,940.0
2022-01-21 22:00:00,0.0,617.0,2502.0,0.0,699.0,0.0,0.0,0.0,0.0,0.0,996.0
2022-01-21 23:00:00,0.0,605.0,2066.0,0.0,157.0,0.0,0.0,0.0,0.0,0.0,1144.0
2022-01-22 00:00:00,0.0,577.0,1742.0,0.0,54.0,0.0,0.0,0.0,0.0,0.0,1300.0
2022-01-22 01:00:00,0.0,572.0,1613.0,0.0,63.0,0.0,0.0,0.0,0.0,0.0,1465.0
2022-01-22 02:00:00,0.0,542.0,1398.0,0.0,65.0,0.0,0.0,0.0,0.0,0.0,1626.0
2022-01-22 03:00:00,0.0,584.0,1339.0,0.0,83.0,0.0,0.0,0.0,0.0,0.0,1713.0
2022-01-22 04:00:00,0.0,595.0,1329.0,0.0,76.0,0.0,0.0,0.0,0.0,0.0,1762.0
2022-01-22 05:00:00,0.0,608.0,1248.0,0.0,335.0,0.0,0.0,0.0,0.0,0.0,1780.0
2022-01-22 06:00:00,0.0,596.0,1286.0,0.0,480.0,0.0,0.0,0.0,7.0,0.0,1780.0
2022-01-22 07:00:00,0.0,619.0,1678.0,0.0,694.0,0.0,0.0,0.0,148.0,0.0,1778.0
2022-01-22 08:00:00,0.0,617.0,1689.0,0.0,720.0,0.0,0.0,0.0,630.0,0.0,1769.0
2022-01-22 09:00:00,0.0,609.0,1842.0,0.0,747.0,0.0,0.0,0.0,1140.0,0.0,1767.0
2022-01-22 10:00:00,0.0,606.0,1664.0,0.0,724.0,0.0,0.0,0.0,1508.0,0.0,1698.0
2022-01-22 11:00:00,0.0,590.0,1645.0,0.0,698.0,0.0,0.0,0.0,1718.0,0.0,1596.0
2022-01-22 12:00:00,0.0,570.0,1691.0,0.0,636.0,0.0,0.0,0.0,1721.0,0.0,1592.0
2022-01-22 13:00:00,0.0,521.0,1706.0,0.0,554.0,0.0,0.0,0.0,1551.0,0.0,1631.0
2022-01-22 14:00:00,0.0,512.0,1812.0,0.0,678.0,0.0,0.0,0.0,1192.0,0.0,1575.0
2022-01-22 15:00:00,0.0,502.0,2385.0,0.0,894.0,0.0,0.0,0.0,540.0,0.0,1511.0
2022-01-22 16:00:00,0.0,511.0,2480.0,0.0,1158.0,0.0,0.0,0.0,45.0,0.0,1537.0
2022-01-22 17:00:00,0.0,571.0,2721.0,0.0,1243.0,0.0,0.0,0.0,0.0,0.0,1690.0
2022-01-22 18:00:00,0.0,615.0,2925.0,0.0,1332.0,0.0,0.0,0.0,0.0,0.0,1592.0
2022-01-22 19:00:00,0.0,623.0,2988.0,0.0,1349.0,0.0,0.0,0.0,0.0,0.0,1432.0
2022-01-22 20:00:00,0.0,620.0,2864.0,0.0,1238.0,0.0,0.0,0.0,0.0,0.0,1412.0
2022-01-22 21:00:00,0.0,592.0,2605.0,0.0,793.0,0.0,0.0,0.0,0.0,0.0,1311.0
2022-01-22 22:00:00,0.0,611.0,2363.0,0.0,660.0,0.0,0.0,0.0,0.0,0.0,1329.0
2022-01-22 23:00:00,0.0,565.0,1986.0,0.0,78.0,0.0,0.0,0.0,0.0,0.0,1340.0
2022-01-23 00:00:00,0.0,576.0,1842.0,0.0,0.0,0.0,0.0,0.0,0.0,0.0,1529.0
2022-01-23 01:00:00,0.0,521.0,1459.0,0.0,0.0,0.0,0.0,0.0,0.0,0.0,1736.0
2022-01-23 02:00:00,0.0,499.0,1291.0,0.0,0.0,0.0,0.0,0.0,0.0,0.0,1849.0
2022-01-23 03:00:00,0.0,494.0,1300.0,0.0,0.0,0.0,0.0,0.0,0.0,0.0,2098.0
2022-01-23 04:00:00,0.0,508.0,1318.0,0.0,12.0,0.0,0.0,0.0,0.0,0.0,2263.0
2022-01-23 05:00:00,0.0,558.0,1500.0,0.0,50.0,0.0,0.0,0.0,0.0,0.0,2259.0
2022-01-23 06:00:00,0.0,593.0,1418.0,0.0,377.0,0.0,0.0,0.0,12.0,0.0,2257.0
2022-01-23 07:00:00,0.0,550.0,1323.0,0.0,486.0,0.0,0.0,0.0,297.0,0.0,2176.0
2022-01-23 08:00:00,0.0,529.0,1354.0,0.0,474.0,0.0,0.0,0.0,1083.0,0.0,2149.0
2022-01-23 09:00:00,0.0,529.0,1379.0,0.0,519.0,0.0,0.0,0.0,1701.0,0.0,1992.0
2022-01-23 10:00:00,0.0,526.0,1521.0,0.0,465.0,0.0,0.0,0.0,2036.0,0.0,1730.0
2022-01-23 11:00:00,0.0,527.0,1600.0,0.0,443.0,0.0,0.0,0.0,2180.0,0.0,1401.0
2022-01-23 12:00:00,0.0,557.0,1605.0,0.0,338.0,0.0,0.0,0.0,2182.0,0.0,1319.0
2022-01-23 13:00:00,0.0,586.0,1490.0,0.0,353.0,0.0,0.0,0.0,1870.0,0.0,1175.0
2022-01-23 14:00:00,0.0,651.0,1555.0,0.0,609.0,0.0,0.0,0.0,1348.0,0.0,1008.0
2022-01-23 15:00:00,0.0,660.0,1972.0,0.0,823.0,0.0,0.0,0.0,610.0,0.0,899.0
2022-01-23 16:00:00,0.0,724.0,2629.0,0.0,1128.0,0.0,0.0,0.0,58.0,0.0,826.0
2022-01-23 17:00:00,0.0,780.0,3077.0,0.0,1381.0,0.0,0.0,0.0,0.0,0.0,675.0
2022-01-23 18:00:00,0.0,798.0,3062.0,0.0,1486.0,0.0,0.0,0.0,0.0,0.0,688.0
2022-01-23 19:00:00,0.0,800.0,2923.0,0.0,1432.0,0.0,0.0,0.0,0.0,0.0,762.0
2022-01-23 20:00:00,0.0,782.0,2793.0,0.0,1272.0,0.0,0.0,0.0,0.0,0.0,827.0
2022-01-23 21:00:00,0.0,778.0,2712.0,0.0,730.0,0.0,0.0,0.0,0.0,0.0,803.0
2022-01-23 22:00:00,0.0,796.0,2492.0,0.0,456.0,0.0,0.0,0.0,0.0,0.0,890.0
2022-01-23 23:00:00,0.0,774.0,2264.0,0.0,90.0,0.0,0.0,0.0,0.0,0.0,949.0
2022-01-24 00:00:00,0.0,756.0,2103.0,0.0,25.0,0.0,0.0,0.0,0.0,0.0,1115.0
2022-01-24 01:00:00,0.0,679.0,1853.0,0.0,25.0,0.0,0.0,0.0,0.0,0.0,1284.0
2022-01-24 02:00:00,0.0,660.0,1552.0,0.0,25.0,0.0,0.0,0.0,0.0,0.0,1464.0
2022-01-24 03:00:00,0.0,652.0,1617.0,0.0,25.0,0.0,0.0,0.0,0.0,0.0,1517.0
2022-01-24 04:00:00,0.0,666.0,1667.0,0.0,25.0,0.0,0.0,0.0,0.0,0.0,1690.0
2022-01-24 05:00:00,0.0,702.0,1829.0,0.0,101.0,0.0,0.0,0.0,0.0,0.0,1889.0
2022-01-24 06:00:00,0.0,796.0,2513.0,0.0,787.0,0.0,0.0,0.0,8.0,0.0,1885.0
2022-01-24 07:00:00,0.0,809.0,2902.0,0.0,728.0,0.0,0.0,0.0,204.0,0.0,1967.0
2022-01-24 08:00:00,0.0,813.0,3398.0,0.0,841.0,0.0,0.0,0.0,744.0,0.0,2034.0
2022-01-24 09:00:00,0.0,831.0,3485.0,0.0,758.0,0.0,0.0,0.0,1194.0,0.0,2066.0
2022-01-24 10:00:00,0.0,823.0,3334.0,0.0,642.0,0.0,0.0,0.0,1331.0,0.0,2061.0
2022-01-24 11:00:00,0.0,824.0,3265.0,0.0,621.0,0.0,0.0,0.0,1300.0,0.0,2144.0
2022-01-24 12:00:00,0.0,811.0,3203.0,0.0,630.0,0.0,0.0,0.0,1121.0,0.0,2150.0
2022-01-24 13:00:00,0.0,793.0,3184.0,0.0,536.0,0.0,0.0,0.0,834.0,0.0,2201.0
2022-01-24 14:00:00,0.0,783.0,3287.0,0.0,827.0,0.0,0.0,0.0,525.0,0.0,2149.0
2022-01-24 15:00:00,0.0,799.0,3499.0,0.0,975.0,0.0,0.0,0.0,221.0,0.0,2187.0
2022-01-24 16:00:00,0.0,790.0,3546.0,0.0,1188.0,0.0,0.0,0.0,35.0,0.0,2274.0
2022-01-24 17:00:00,0.0,795.0,4039.0,0.0,1295.0,0.0,0.0,0.0,0.0,0.0,2312.0
2022-01-24 18:00:00,0.0,832.0,3986.0,0.0,1477.0,0.0,0.0,0.0,0.0,0.0,2289.0
2022-01-24 19:00:00,0.0,897.0,3719.0,0.0,1401.0,0.0,0.0,0.0,0.0,0.0,2165.0
2022-01-24 20:00:00,0.0,945.0,3374.0,0.0,1317.0,0.0,0.0,0.0,0.0,0.0,2067.0
2022-01-24 21:00:00,0.0,951.0,2991.0,0.0,1070.0,0.0,0.0,0.0,0.0,0.0,2007.0
2022-01-24 22:00:00,0.0,956.0,3132.0,0.0,724.0,0.0,0.0,0.0,0.0,0.0,1961.0
2022-01-24 23:00:00,0.0,939.0,2583.0,0.0,102.0,0.0,0.0,0.0,0.0,0.0,1889.0
2022-01-25 00:00:00,0.0,902.0,2441.0,0.0,12.0,0.0,0.0,0.0,0.0,0.0,1812.0
2022-01-25 01:00:00,0.0,837.0,2267.0,0.0,31.0,0.0,0.0,0.0,0.0,0.0,1774.0
2022-01-25 02:00:00,0.0,874.0,2223.0,0.0,32.0,0.0,0.0,0.0,0.0,0.0,1769.0
2022-01-25 03:00:00,0.0,893.0,2245.0,0.0,32.0,0.0,0.0,0.0,0.0,0.0,1709.0
2022-01-25 04:00:00,0.0,898.0,2378.0,0.0,32.0,0.0,0.0,0.0,0.0,0.0,1603.0
2022-01-25 05:00:00,0.0,944.0,2298.0,0.0,109.0,0.0,0.0,0.0,0.0,0.0,1592.0
2022-01-25 06:00:00,0.0,973.0,2987.0,0.0,553.0,0.0,0.0,0.0,20.0,0.0,1559.0
2022-01-25 07:00:00,0.0,998.0,3497.0,0.0,1299.0,0.0,0.0,0.0,268.0,0.0,1526.0
2022-01-25 08:00:00,0.0,994.0,3583.0,0.0,1552.0,0.0,0.0,0.0,945.0,0.0,1451.0
2022-01-25 09:00:00,0.0,1002.0,3537.0,0.0,1126.0,0.0,0.0,0.0,1510.0,0.0,1402.0
2022-01-25 10:00:00,0.0,1006.0,3616.0,0.0,900.0,0.0,0.0,0.0,1840.0,0.0,1317.0
2022-01-25 11:00:00,0.0,1002.0,3658.0,0.0,799.0,0.0,0.0,0.0,1964.0,0.0,1215.0
2022-01-25 12:00:00,0.0,987.0,3672.0,0.0,710.0,0.0,0.0,0.0,1930.0,0.0,1196.0
2022-01-25 13:00:00,0.0,968.0,3644.0,0.0,653.0,0.0,0.0,0.0,1711.0,0.0,1134.0
2022-01-25 14:00:00,0.0,948.0,3725.0,0.0,982.0,0.0,0.0,0.0,1261.0,0.0,1086.0
2022-01-25 15:00:00,0.0,1031.0,3916.0,0.0,1346.0,0.0,0.0,0.0,581.0,0.0,1060.0
2022-01-25 16:00:00,0.0,1090.0,4346.0,0.0,1558.0,0.0,0.0,0.0,54.0,0.0,1008.0
2022-01-25 17:00:00,0.0,1151.0,4537.0,0.0,2414.0,0.0,0.0,0.0,0.0,0.0,1004.0
2022-01-25 18:00:00,0.0,1189.0,4588.0,0.0,2498.0,0.0,0.0,0.0,0.0,0.0,1010.0
2022-01-25 19:00:00,0.0,1159.0,4575.0,0.0,2475.0,0.0,0.0,0.0,0.0,0.0,1025.0
2022-01-25 20:00:00,0.0,1156.0,4442.0,0.0,1415.0,0.0,0.0,0.0,0.0,0.0,1026.0
2022-01-25 21:00:00,0.0,1081.0,3705.0,0.0,660.0,0.0,0.0,0.0,0.0,0.0,1045.0
2022-01-25 22:00:00,0.0,1044.0,3264.0,0.0,544.0,0.0,0.0,0.0,0.0,0.0,1142.0
2022-01-25 23:00:00,0.0,1056.0,2629.0,0.0,9.0,0.0,0.0,0.0,0.0,0.0,1133.0
2022-01-26 00:00:00,0.0,1137.0,2592.0,0.0,56.0,0.0,0.0,0.0,0.0,0.0,1103.0
2022-01-26 01:00:00,0.0,1207.0,2423.0,0.0,33.0,0.0,0.0,0.0,0.0,0.0,1143.0
2022-01-26 02:00:00,0.0,1164.0,2217.0,0.0,33.0,0.0,0.0,0.0,0.0,0.0,1147.0
2022-01-26 03:00:00,0.0,1113.0,2247.0,0.0,33.0,0.0,0.0,0.0,0.0,0.0,1170.0
2022-01-26 04:00:00,0.0,1110.0,2267.0,0.0,39.0,0.0,0.0,0.0,0.0,0.0,1162.0
2022-01-26 05:00:00,0.0,1195.0,2593.0,0.0,347.0,0.0,0.0,0.0,0.0,0.0,1100.0
2022-01-26 06:00:00,0.0,1205.0,3058.0,0.0,697.0,0.0,0.0,0.0,11.0,0.0,1024.0
2022-01-26 07:00:00,0.0,1220.0,3305.0,0.0,674.0,0.0,0.0,0.0,336.0,0.0,929.0
2022-01-26 08:00:00,0.0,1203.0,3793.0,0.0,840.0,0.0,0.0,0.0,1077.0,0.0,823.0
2022-01-26 09:00:00,0.0,1215.0,3747.0,0.0,649.0,0.0,0.0,0.0,1615.0,0.0,729.0
2022-01-26 10:00:00,0.0,1207.0,3797.0,0.0,440.0,0.0,0.0,0.0,1890.0,0.0,609.0
2022-01-26 11:00:00,0.0,1201.0,3621.0,0.0,466.0,0.0,0.0,0.0,1990.0,0.0,566.0
2022-01-26 12:00:00,0.0,1208.0,3659.0,0.0,446.0,0.0,0.0,0.0,1916.0,0.0,556.0
2022-01-26 13:00:00,0.0,1205.0,3510.0,0.0,429.0,0.0,0.0,0.0,1652.0,0.0,528.0
2022-01-26 14:00:00,0.0,1199.0,3748.0,0.0,576.0,0.0,0.0,0.0,1196.0,0.0,522.0
2022-01-26 15:00:00,0.0,1193.0,3886.0,0.0,895.0,0.0,0.0,0.0,570.0,0.0,527.0
2022-01-26 16:00:00,0.0,1220.0,4221.0,0.0,1147.0,0.0,0.0,0.0,61.0,0.0,539.0
2022-01-26 17:00:00,0.0,1213.0,4351.0,0.0,1643.0,0.0,0.0,0.0,0.0,0.0,562.0
2022-01-26 18:00:00,0.0,1216.0,4248.0,0.0,1366.0,0.0,0.0,0.0,0.0,0.0,535.0
2022-01-26 19:00:00,0.0,1218.0,4269.0,0.0,1347.0,0.0,0.0,0.0,0.0,0.0,438.0
2022-01-26 20:00:00,0.0,1221.0,3805.0,0.0,1347.0,0.0,0.0,0.0,0.0,0.0,346.0
2022-01-26 21:00:00,0.0,1223.0,3652.0,0.0,878.0,0.0,0.0,0.0,0.0,0.0,360.0
2022-01-26 22:00:00,0.0,1226.0,3404.0,0.0,581.0,0.0,0.0,0.0,0.0,0.0,396.0
2022-01-26 23:00:00,0.0,1221.0,2870.0,0.0,308.0,0.0,0.0,0.0,0.0,0.0,465.0
2022-01-27 00:00:00,0.0,1209.0,2341.0,0.0,22.0,0.0,0.0,0.0,0.0,0.0,486.0
2022-01-27 01:00:00,0.0,1197.0,2150.0,0.0,24.0,0.0,0.0,0.0,0.0,0.0,480.0
2022-01-27 02:00:00,0.0,1168.0,1943.0,0.0,24.0,0.0,0.0,0.0,0.0,0.0,515.0
2022-01-27 03:00:00,0.0,1189.0,1995.0,0.0,23.0,0.0,0.0,0.0,0.0,0.0,445.0
2022-01-27 04:00:00,0.0,1201.0,2124.0,0.0,23.0,0.0,0.0,0.0,0.0,0.0,424.0
2022-01-27 05:00:00,0.0,1202.0,2515.0,0.0,133.0,0.0,0.0,0.0,0.0,0.0,396.0
2022-01-27 06:00:00,0.0,1204.0,3357.0,0.0,648.0,0.0,0.0,0.0,10.0,0.0,391.0
2022-01-27 07:00:00,0.0,1203.0,3847.0,0.0,1060.0,0.0,0.0,0.0,282.0,0.0,325.0
2022-01-27 08:00:00,0.0,1212.0,4257.0,0.0,1132.0,0.0,0.0,0.0,850.0,0.0,223.0
2022-01-27 09:00:00,0.0,1216.0,4267.0,0.0,1219.0,0.0,0.0,0.0,1219.0,0.0,198.0
2022-01-27 10:00:00,0.0,1232.0,4433.0,0.0,1117.0,0.0,0.0,0.0,1473.0,0.0,171.0
2022-01-27 11:00:00,0.0,1236.0,4539.0,0.0,630.0,0.0,0.0,0.0,1613.0,0.0,172.0
2022-01-27 12:00:00,0.0,1240.0,4469.0,0.0,468.0,0.0,0.0,0.0,1592.0,0.0,184.0
2022-01-27 13:00:00,0.0,1226.0,4177.0,0.0,191.0,0.0,0.0,0.0,1358.0,0.0,179.0
2022-01-27 14:00:00,0.0,1213.0,4311.0,0.0,331.0,0.0,0.0,0.0,994.0,0.0,149.0
2022-01-27 15:00:00,0.0,1212.0,4479.0,0.0,801.0,0.0,0.0,0.0,472.0,0.0,167.0
2022-01-27 16:00:00,0.0,1222.0,4580.0,0.0,1339.0,0.0,0.0,0.0,53.0,0.0,230.0
2022-01-27 17:00:00,0.0,1225.0,4666.0,0.0,1454.0,0.0,0.0,0.0,0.0,0.0,214.0
2022-01-27 18:00:00,0.0,1233.0,4598.0,0.0,1189.0,0.0,0.0,0.0,0.0,0.0,209.0
2022-01-27 19:00:00,0.0,1223.0,4462.0,0.0,1121.0,0.0,0.0,0.0,0.0,0.0,209.0
2022-01-27 20:00:00,0.0,1212.0,4165.0,0.0,823.0,0.0,0.0,0.0,0.0,0.0,226.0
2022-01-27 21:00:00,0.0,1215.0,3917.0,0.0,425.0,0.0,0.0,0.0,0.0,0.0,213.0
2022-01-27 22:00:00,0.0,1212.0,3633.0,0.0,241.0,0.0,0.0,0.0,0.0,0.0,222.0
2022-01-27 23:00:00,0.0,1199.0,3092.0,0.0,12.0,0.0,0.0,0.0,0.0,0.0,249.0
2022-01-28 00:00:00,0.0,1171.0,2470.0,0.0,32.0,0.0,0.0,0.0,0.0,0.0,247.0
2022-01-28 01:00:00,0.0,1128.0,2300.0,0.0,32.0,0.0,0.0,0.0,0.0,0.0,253.0
2022-01-28 02:00:00,0.0,1080.0,2169.0,0.0,32.0,0.0,0.0,0.0,0.0,0.0,341.0
2022-01-28 03:00:00,0.0,1049.0,2231.0,0.0,35.0,0.0,0.0,0.0,0.0,0.0,409.0
2022-01-28 04:00:00,0.0,1147.0,2264.0,0.0,52.0,0.0,0.0,0.0,0.0,0.0,448.0
2022-01-28 05:00:00,0.0,1114.0,2435.0,0.0,81.0,0.0,0.0,0.0,0.0,0.0,470.0
2022-01-28 06:00:00,0.0,1190.0,3114.0,0.0,486.0,0.0,0.0,0.0,17.0,0.0,475.0
2022-01-28 07:00:00,0.0,1212.0,3722.0,0.0,1337.0,0.0,0.0,0.0,400.0,0.0,446.0
2022-01-28 08:00:00,0.0,1222.0,3612.0,0.0,1220.0,0.0,0.0,0.0,1213.0,0.0,462.0
2022-01-28 09:00:00,0.0,1205.0,3240.0,0.0,951.0,0.0,0.0,0.0,1779.0,0.0,540.0
2022-01-28 10:00:00,0.0,1196.0,3319.0,0.0,645.0,0.0,0.0,0.0,2075.0,0.0,531.0
2022-01-28 11:00:00,0.0,1180.0,3417.0,0.0,516.0,0.0,0.0,0.0,2192.0,0.0,581.0
2022-01-28 12:00:00,0.0,1137.0,3158.0,0.0,233.0,0.0,0.0,0.0,2130.0,0.0,618.0
2022-01-28 13:00:00,0.0,924.0,3120.0,0.0,123.0,0.0,0.0,0.0,1865.0,0.0,604.0
2022-01-28 14:00:00,0.0,920.0,3418.0,0.0,259.0,0.0,0.0,0.0,1390.0,0.0,646.0
2022-01-28 15:00:00,0.0,949.0,3629.0,0.0,678.0,0.0,0.0,0.0,682.0,0.0,688.0
2022-01-28 16:00:00,0.0,951.0,3847.0,0.0,982.0,0.0,0.0,0.0,81.0,0.0,697.0
2022-01-28 17:00:00,0.0,941.0,4049.0,0.0,1225.0,0.0,0.0,0.0,0.0,0.0,648.0
2022-01-28 18:00:00,0.0,938.0,4065.0,0.0,1229.0,0.0,0.0,0.0,0.0,0.0,599.0
2022-01-28 19:00:00,0.0,952.0,3929.0,0.0,1184.0,0.0,0.0,0.0,0.0,0.0,597.0
2022-01-28 20:00:00,0.0,959.0,3581.0,0.0,861.0,0.0,0.0,0.0,0.0,0.0,602.0
2022-01-28 21:00:00,0.0,970.0,3580.0,0.0,314.0,0.0,0.0,0.0,0.0,0.0,524.0
2022-01-28 22:00:00,0.0,969.0,3406.0,0.0,286.0,0.0,0.0,0.0,0.0,0.0,413.0
2022-01-28 23:00:00,0.0,957.0,2961.0,0.0,82.0,0.0,0.0,0.0,0.0,0.0,441.0
2022-01-29 00:00:00,0.0,917.0,2385.0,0.0,20.0,0.0,0.0,0.0,0.0,0.0,495.0
2022-01-29 01:00:00,0.0,919.0,2188.0,0.0,32.0,0.0,0.0,0.0,0.0,0.0,429.0
2022-01-29 02:00:00,0.0,919.0,2091.0,0.0,32.0,0.0,0.0,0.0,0.0,0.0,448.0
2022-01-29 03:00:00,0.0,914.0,1840.0,0.0,32.0,0.0,0.0,0.0,0.0,0.0,540.0
2022-01-29 04:00:00,0.0,909.0,1866.0,0.0,32.0,0.0,0.0,0.0,0.0,0.0,702.0
2022-01-29 05:00:00,0.0,898.0,1752.0,0.0,62.0,0.0,0.0,0.0,0.0,0.0,900.0
2022-01-29 06:00:00,0.0,874.0,1610.0,0.0,317.0,0.0,0.0,0.0,4.0,0.0,1107.0
2022-01-29 07:00:00,0.0,893.0,2143.0,0.0,529.0,0.0,0.0,0.0,64.0,0.0,1249.0
2022-01-29 08:00:00,0.0,912.0,2621.0,0.0,660.0,0.0,0.0,0.0,200.0,0.0,1363.0
2022-01-29 09:00:00,0.0,908.0,2866.0,0.0,676.0,0.0,0.0,0.0,361.0,0.0,1471.0
2022-01-29 10:00:00,0.0,801.0,2981.0,0.0,384.0,0.0,0.0,0.0,534.0,0.0,1498.0
2022-01-29 11:00:00,0.0,802.0,3106.0,0.0,337.0,0.0,0.0,0.0,600.0,0.0,1565.0
2022-01-29 12:00:00,0.0,813.0,2851.0,0.0,462.0,0.0,0.0,0.0,650.0,0.0,1750.0
2022-01-29 13:00:00,0.0,799.0,2762.0,0.0,211.0,0.0,0.0,0.0,581.0,0.0,1862.0
2022-01-29 14:00:00,0.0,794.0,2981.0,0.0,346.0,0.0,0.0,0.0,473.0,0.0,1902.0
2022-01-29 15:00:00,0.0,793.0,3214.0,0.0,465.0,0.0,0.0,0.0,235.0,0.0,2047.0
2022-01-29 16:00:00,0.0,790.0,3316.0,0.0,789.0,0.0,0.0,0.0,39.0,0.0,2161.0
2022-01-29 17:00:00,0.0,786.0,3480.0,0.0,1122.0,0.0,0.0,0.0,0.0,0.0,2276.0
2022-01-29 18:00:00,0.0,794.0,3380.0,0.0,1088.0,0.0,0.0,0.0,0.0,0.0,2374.0
2022-01-29 19:00:00,0.0,804.0,3318.0,0.0,972.0,0.0,0.0,0.0,0.0,0.0,2375.0
2022-01-29 20:00:00,0.0,798.0,2860.0,0.0,926.0,0.0,0.0,0.0,0.0,0.0,2342.0
2022-01-29 21:00:00,0.0,806.0,2742.0,0.0,329.0,0.0,0.0,0.0,0.0,0.0,2288.0
2022-01-29 22:00:00,0.0,790.0,2113.0,0.0,86.0,0.0,0.0,0.0,0.0,0.0,2312.0
2022-01-29 23:00:00,0.0,752.0,1742.0,0.0,63.0,0.0,0.0,0.0,0.0,0.0,2244.0
2022-01-30 00:00:00,0.0,768.0,1777.0,0.0,8.0,0.0,0.0,0.0,0.0,0.0,2185.0
2022-01-30 01:00:00,0.0,605.0,1533.0,0.0,32.0,0.0,0.0,0.0,0.0,0.0,2102.0
2022-01-30 02:00:00,0.0,607.0,1455.0,0.0,32.0,0.0,0.0,0.0,0.0,0.0,2050.0
2022-01-30 03:00:00,0.0,599.0,1472.0,0.0,32.0,0.0,0.0,0.0,0.0,0.0,1979.0
2022-01-30 04:00:00,0.0,617.0,1430.0,0.0,32.0,0.0,0.0,0.0,0.0,0.0,1908.0
2022-01-30 05:00:00,0.0,713.0,1352.0,0.0,160.0,0.0,0.0,0.0,0.0,0.0,1820.0
2022-01-30 06:00:00,0.0,699.0,1432.0,0.0,353.0,0.0,0.0,0.0,17.0,0.0,1714.0
2022-01-30 07:00:00,0.0,695.0,1525.0,0.0,517.0,0.0,0.0,0.0,336.0,0.0,1572.0
2022-01-30 08:00:00,0.0,691.0,1424.0,0.0,435.0,0.0,0.0,0.0,1057.0,0.0,1476.0
2022-01-30 09:00:00,0.0,699.0,1514.0,0.0,423.0,0.0,0.0,0.0,1624.0,0.0,1297.0
2022-01-30 10:00:00,0.0,701.0,1542.0,0.0,213.0,0.0,0.0,0.0,1956.0,0.0,1113.0
2022-01-30 11:00:00,0.0,706.0,1493.0,0.0,212.0,0.0,0.0,0.0,2011.0,0.0,1080.0
2022-01-30 12:00:00,0.0,708.0,1550.0,0.0,26.0,0.0,0.0,0.0,1982.0,0.0,915.0
2022-01-30 13:00:00,0.0,701.0,1510.0,0.0,11.0,0.0,0.0,0.0,1794.0,0.0,768.0
2022-01-30 14:00:00,0.0,702.0,1954.0,0.0,53.0,0.0,0.0,0.0,1405.0,0.0,523.0
2022-01-30 15:00:00,0.0,716.0,2430.0,0.0,214.0,0.0,0.0,0.0,730.0,0.0,432.0
2022-01-30 16:00:00,0.0,768.0,2885.0,0.0,571.0,0.0,0.0,0.0,88.0,0.0,315.0
2022-01-30 17:00:00,0.0,773.0,3233.0,0.0,1187.0,0.0,0.0,0.0,0.0,0.0,260.0
2022-01-30 18:00:00,0.0,784.0,3233.0,0.0,1332.0,0.0,0.0,0.0,0.0,0.0,401.0
2022-01-30 19:00:00,0.0,782.0,3261.0,0.0,1304.0,0.0,0.0,0.0,0.0,0.0,591.0
2022-01-30 20:00:00,0.0,781.0,2926.0,0.0,1019.0,0.0,0.0,0.0,0.0,0.0,572.0
2022-01-30 21:00:00,0.0,794.0,2774.0,0.0,560.0,0.0,0.0,0.0,0.0,0.0,646.0
2022-01-30 22:00:00,0.0,796.0,2851.0,0.0,243.0,0.0,0.0,0.0,0.0,0.0,626.0
2022-01-30 23:00:00,0.0,791.0,2391.0,0.0,38.0,0.0,0.0,0.0,0.0,0.0,627.0
2022-01-31 00:00:00,0.0,761.0,1891.0,0.0,36.0,0.0,0.0,0.0,0.0,0.0,634.0
2022-01-31 01:00:00,0.0,763.0,1434.0,0.0,44.0,0.0,0.0,0.0,0.0,0.0,671.0
2022-01-31 02:00:00,0.0,755.0,1255.0,0.0,38.0,0.0,0.0,0.0,0.0,0.0,808.0
2022-01-31 03:00:00,0.0,752.0,1057.0,0.0,38.0,0.0,0.0,0.0,0.0,0.0,947.0
2022-01-31 04:00:00,0.0,739.0,1165.0,0.0,39.0,0.0,0.0,0.0,0.0,0.0,996.0
2022-01-31 05:00:00,0.0,765.0,1398.0,0.0,214.0,0.0,0.0,0.0,0.0,0.0,985.0
2022-01-31 06:00:00,0.0,787.0,2032.0,0.0,573.0,0.0,0.0,0.0,16.0,0.0,858.0
2022-01-31 07:00:00,0.0,784.0,2661.0,0.0,510.0,0.0,0.0,0.0,444.0,0.0,764.0
2022-01-31 08:00:00,0.0,784.0,2582.0,0.0,440.0,0.0,0.0,0.0,1314.0,0.0,686.0
2022-01-31 09:00:00,0.0,790.0,2622.0,0.0,454.0,0.0,0.0,0.0,1903.0,0.0,602.0
2022-01-31 10:00:00,0.0,793.0,2306.0,0.0,270.0,0.0,0.0,0.0,2227.0,0.0,450.0
2022-01-31 11:00:00,0.0,773.0,2398.0,0.0,113.0,0.0,0.0,0.0,2337.0,0.0,338.0
2022-01-31 12:00:00,0.0,742.0,2368.0,0.0,47.0,0.0,0.0,0.0,2288.0,0.0,296.0
2022-01-31 13:00:00,0.0,726.0,2392.0,0.0,36.0,0.0,0.0,0.0,1988.0,0.0,291.0
2022-01-31 14:00:00,0.0,729.0,2768.0,0.0,178.0,0.0,0.0,0.0,1468.0,0.0,335.0
2022-01-31 15:00:00,0.0,748.0,3177.0,0.0,364.0,0.0,0.0,0.0,675.0,0.0,479.0
2022-01-31 16:00:00,0.0,756.0,3339.0,0.0,851.0,0.0,0.0,0.0,88.0,0.0,732.0
2022-01-31 17:00:00,0.0,727.0,3384.0,0.0,1251.0,0.0,0.0,0.0,0.0,0.0,992.0
2022-01-31 18:00:00,0.0,731.0,3260.0,0.0,1200.0,0.0,0.0,0.0,0.0,0.0,1206.0
2022-01-31 19:00:00,0.0,750.0,3135.0,0.0,1146.0,0.0,0.0,0.0,0.0,0.0,1398.0
2022-01-31 20:00:00,0.0,755.0,3124.0,0.0,896.0,0.0,0.0,0.0,0.0,0.0,1484.0
2022-01-31 21:00:00,0.0,776.0,2561.0,0.0,431.0,0.0,0.0,0.0,0.0,0.0,1633.0
2022-01-31 22:00:00,0.0,772.0,2289.0,0.0,110.0,0.0,0.0,0.0,0.0,0.0,1630.0
2022-01-31 23:00:00,0.0,725.0,1961.0,0.0,17.0,0.0,0.0,0.0,0.0,0.0,1588.0
2022-02-01 00:00:00,0.0,746.0,1587.0,0.0,28.0,0.0,0.0,0.0,0.0,0.0,1668.0
2022-02-01 01:00:00,0.0,716.0,1365.0,0.0,38.0,0.0,0.0,0.0,0.0,0.0,1797.0
2022-02-01 02:00:00,0.0,715.0,1320.0,0.0,38.0,0.0,0.0,0.0,0.0,0.0,1829.0
2022-02-01 03:00:00,0.0,716.0,1182.0,0.0,38.0,0.0,0.0,0.0,0.0,0.0,1972.0
2022-02-01 04:00:00,0.0,724.0,1231.0,0.0,39.0,0.0,0.0,0.0,27.0,0.0,1979.0
2022-02-01 05:00:00,0.0,747.0,1745.0,0.0,259.0,0.0,0.0,0.0,27.0,0.0,1977.0
2022-02-01 06:00:00,0.0,826.0,2268.0,0.0,582.0,0.0,0.0,0.0,32.0,0.0,1993.0
2022-02-01 07:00:00,0.0,865.0,3152.0,0.0,666.0,0.0,0.0,0.0,156.0,0.0,1998.0
2022-02-01 08:00:00,0.0,910.0,3153.0,0.0,725.0,0.0,0.0,0.0,475.0,0.0,2104.0
2022-02-01 09:00:00,0.0,1018.0,3301.0,0.0,613.0,0.0,0.0,0.0,641.0,0.0,2153.0
2022-02-01 10:00:00,0.0,1055.0,3448.0,0.0,551.0,0.0,0.0,0.0,640.0,0.0,2138.0
2022-02-01 11:00:00,0.0,1056.0,3509.0,0.0,468.0,0.0,0.0,0.0,647.0,0.0,2143.0
2022-02-01 12:00:00,0.0,1056.0,3444.0,0.0,401.0,0.0,0.0,0.0,626.0,0.0,2150.0
2022-02-01 13:00:00,0.0,1055.0,3323.0,0.0,236.0,0.0,0.0,0.0,456.0,0.0,2155.0
2022-02-01 14:00:00,0.0,1064.0,3129.0,0.0,396.0,0.0,0.0,0.0,335.0,0.0,2151.0
2022-02-01 15:00:00,0.0,1046.0,2996.0,0.0,436.0,0.0,0.0,0.0,170.0,0.0,2161.0
2022-02-01 16:00:00,0.0,1060.0,2821.0,0.0,712.0,0.0,0.0,0.0,58.0,0.0,2185.0
2022-02-01 17:00:00,0.0,1055.0,3187.0,0.0,916.0,0.0,0.0,0.0,29.0,0.0,2097.0
2022-02-01 18:00:00,0.0,1083.0,3049.0,0.0,977.0,0.0,0.0,0.0,30.0,0.0,2017.0
2022-02-01 19:00:00,0.0,1082.0,3106.0,0.0,964.0,0.0,0.0,0.0,32.0,0.0,1898.0
2022-02-01 20:00:00,0.0,1042.0,2996.0,0.0,944.0,0.0,0.0,0.0,32.0,0.0,1931.0
2022-02-01 21:00:00,0.0,1021.0,2635.0,0.0,711.0,0.0,0.0,0.0,0.0,0.0,1770.0
2022-02-01 22:00:00,0.0,1017.0,2563.0,0.0,316.0,0.0,0.0,0.0,0.0,0.0,1681.0
2022-02-01 23:00:00,0.0,989.0,2538.0,0.0,59.0,0.0,0.0,0.0,0.0,0.0,1534.0
2022-02-02 00:00:00,0.0,989.0,2168.0,0.0,7.0,0.0,0.0,0.0,0.0,0.0,1447.0
2022-02-02 01:00:00,0.0,1006.0,1753.0,0.0,7.0,0.0,0.0,0.0,0.0,0.0,1334.0
2022-02-02 02:00:00,0.0,993.0,1631.0,0.0,7.0,0.0,0.0,0.0,0.0,0.0,1328.0
2022-02-02 03:00:00,0.0,1000.0,1635.0,0.0,7.0,0.0,0.0,0.0,0.0,0.0,1201.0
2022-02-02 04:00:00,0.0,976.0,1839.0,0.0,11.0,0.0,0.0,0.0,5.0,0.0,1090.0
2022-02-02 05:00:00,0.0,1000.0,2212.0,0.0,268.0,0.0,0.0,0.0,1.0,0.0,982.0
2022-02-02 06:00:00,0.0,1023.0,3052.0,0.0,608.0,0.0,0.0,0.0,2.0,0.0,921.0
2022-02-02 07:00:00,0.0,1027.0,3517.0,0.0,949.0,0.0,0.0,0.0,49.0,0.0,1020.0
2022-02-02 08:00:00,0.0,1035.0,3553.0,0.0,1014.0,0.0,0.0,0.0,194.0,0.0,1126.0
2022-02-02 09:00:00,0.0,1041.0,3670.0,0.0,1173.0,0.0,0.0,0.0,347.0,0.0,1035.0
2022-02-02 10:00:00,0.0,1015.0,3607.0,0.0,1084.0,0.0,0.0,0.0,437.0,0.0,1067.0
2022-02-02 11:00:00,0.0,1062.0,3564.0,0.0,629.0,0.0,0.0,0.0,455.0,0.0,1144.0
2022-02-02 12:00:00,0.0,1068.0,3388.0,0.0,579.0,0.0,0.0,0.0,494.0,0.0,1199.0
2022-02-02 13:00:00,0.0,1070.0,3321.0,0.0,412.0,0.0,0.0,0.0,488.0,0.0,1092.0
2022-02-02 14:00:00,0.0,1047.0,3334.0,0.0,468.0,0.0,0.0,0.0,313.0,0.0,1171.0
2022-02-02 15:00:00,0.0,1049.0,3405.0,0.0,520.0,0.0,0.0,0.0,179.0,0.0,1105.0
2022-02-02 16:00:00,0.0,1044.0,3544.0,0.0,760.0,0.0,0.0,0.0,33.0,0.0,1260.0
2022-02-02 17:00:00,0.0,1043.0,3613.0,0.0,1034.0,0.0,0.0,0.0,2.0,0.0,1365.0
2022-02-02 18:00:00,0.0,1026.0,3707.0,0.0,1151.0,0.0,0.0,0.0,2.0,0.0,1537.0
2022-02-02 19:00:00,0.0,1027.0,3621.0,0.0,1091.0,0.0,0.0,0.0,4.0,0.0,1701.0
2022-02-02 20:00:00,0.0,1045.0,3459.0,0.0,921.0,0.0,0.0,0.0,4.0,0.0,1798.0
2022-02-02 21:00:00,0.0,1031.0,3041.0,0.0,537.0,0.0,0.0,0.0,0.0,0.0,1869.0
2022-02-02 22:00:00,0.0,1019.0,2664.0,0.0,207.0,0.0,0.0,0.0,0.0,0.0,1997.0
2022-02-02 23:00:00,0.0,958.0,1969.0,0.0,54.0,0.0,0.0,0.0,0.0,0.0,2083.0
2022-02-03 00:00:00,0.0,841.0,1231.0,0.0,30.0,0.0,0.0,0.0,0.0,0.0,2163.0
2022-02-03 01:00:00,0.0,761.0,897.0,0.0,71.0,0.0,0.0,0.0,0.0,0.0,2273.0
2022-02-03 02:00:00,0.0,789.0,902.0,0.0,58.0,0.0,0.0,0.0,0.0,0.0,2311.0
2022-02-03 03:00:00,0.0,756.0,883.0,0.0,59.0,0.0,0.0,0.0,0.0,0.0,2328.0
2022-02-03 04:00:00,0.0,760.0,867.0,0.0,60.0,0.0,0.0,0.0,8.0,0.0,2365.0
2022-02-03 05:00:00,0.0,781.0,978.0,0.0,228.0,0.0,0.0,0.0,10.0,0.0,2379.0
2022-02-03 06:00:00,0.0,807.0,1654.0,0.0,458.0,0.0,0.0,0.0,12.0,0.0,2396.0
2022-02-03 07:00:00,0.0,876.0,2358.0,0.0,474.0,0.0,0.0,0.0,187.0,0.0,2395.0
2022-02-03 08:00:00,0.0,879.0,2529.0,0.0,444.0,0.0,0.0,0.0,706.0,0.0,2379.0
2022-02-03 09:00:00,0.0,863.0,2297.0,0.0,402.0,0.0,0.0,0.0,1295.0,0.0,2353.0
2022-02-03 10:00:00,0.0,856.0,2065.0,0.0,177.0,0.0,0.0,0.0,1696.0,0.0,2376.0
2022-02-03 11:00:00,0.0,840.0,2017.0,0.0,89.0,0.0,0.0,0.0,1793.0,0.0,2380.0
2022-02-03 12:00:00,0.0,824.0,2120.0,0.0,22.0,0.0,0.0,0.0,1634.0,0.0,2388.0
2022-02-03 13:00:00,0.0,815.0,2043.0,0.0,7.0,0.0,0.0,0.0,1434.0,0.0,2392.0
2022-02-03 14:00:00,0.0,834.0,2322.0,0.0,46.0,0.0,0.0,0.0,1056.0,0.0,2387.0
2022-02-03 15:00:00,0.0,851.0,2586.0,0.0,243.0,0.0,0.0,0.0,565.0,0.0,2364.0
2022-02-03 16:00:00,0.0,873.0,2738.0,0.0,792.0,0.0,0.0,0.0,92.0,0.0,2358.0
2022-02-03 17:00:00,0.0,882.0,2824.0,0.0,1271.0,0.0,0.0,0.0,6.0,0.0,2357.0
2022-02-03 18:00:00,0.0,889.0,2948.0,0.0,1457.0,0.0,0.0,0.0,4.0,0.0,2376.0
2022-02-03 19:00:00,0.0,885.0,2891.0,0.0,1300.0,0.0,0.0,0.0,7.0,0.0,2349.0
2022-02-03 20:00:00,0.0,875.0,2791.0,0.0,982.0,0.0,0.0,0.0,10.0,0.0,2244.0
2022-02-03 21:00:00,0.0,845.0,2365.0,0.0,476.0,0.0,0.0,0.0,0.0,0.0,2216.0
2022-02-03 22:00:00,0.0,840.0,2197.0,0.0,285.0,0.0,0.0,0.0,0.0,0.0,2158.0
2022-02-03 23:00:00,0.0,843.0,1699.0,0.0,7.0,0.0,0.0,0.0,0.0,0.0,2083.0
2022-02-04 00:00:00,0.0,868.0,1796.0,0.0,7.0,0.0,0.0,0.0,0.0,0.0,1912.0
2022-02-04 01:00:00,0.0,861.0,1768.0,0.0,22.0,0.0,0.0,0.0,0.0,0.0,1805.0
2022-02-04 02:00:00,0.0,814.0,1734.0,0.0,38.0,0.0,0.0,0.0,0.0,0.0,1720.0
2022-02-04 03:00:00,0.0,850.0,1816.0,0.0,38.0,0.0,0.0,0.0,0.0,0.0,1630.0
2022-02-04 04:00:00,0.0,816.0,1949.0,0.0,39.0,0.0,0.0,0.0,0.0,0.0,1519.0
2022-02-04 05:00:00,0.0,814.0,2504.0,0.0,101.0,0.0,0.0,0.0,1.0,0.0,1377.0
2022-02-04 06:00:00,0.0,877.0,3147.0,0.0,437.0,0.0,0.0,0.0,16.0,0.0,1256.0
2022-02-04 07:00:00,0.0,879.0,3750.0,0.0,652.0,0.0,0.0,0.0,444.0,0.0,1027.0
2022-02-04 08:00:00,0.0,881.0,3743.0,0.0,604.0,0.0,0.0,0.0,1356.0,0.0,777.0
2022-02-04 09:00:00,0.0,860.0,3469.0,0.0,587.0,0.0,0.0,0.0,2016.0,0.0,532.0
2022-02-04 10:00:00,0.0,850.0,3090.0,0.0,514.0,0.0,0.0,0.0,2388.0,0.0,411.0
2022-02-04 11:00:00,0.0,842.0,2674.0,0.0,399.0,0.0,0.0,0.0,2532.0,0.0,295.0
2022-02-04 12:00:00,0.0,763.0,2831.0,0.0,168.0,0.0,0.0,0.0,2464.0,0.0,277.0
2022-02-04 13:00:00,0.0,841.0,2937.0,0.0,9.0,0.0,0.0,0.0,2214.0,0.0,285.0
2022-02-04 14:00:00,0.0,792.0,3001.0,0.0,78.0,0.0,0.0,0.0,1722.0,0.0,284.0
2022-02-04 15:00:00,0.0,849.0,3483.0,0.0,353.0,0.0,0.0,0.0,911.0,0.0,256.0
2022-02-04 16:00:00,0.0,850.0,4050.0,0.0,775.0,0.0,0.0,0.0,140.0,0.0,247.0
2022-02-04 17:00:00,0.0,856.0,4454.0,0.0,1031.0,0.0,0.0,0.0,3.0,0.0,284.0
2022-02-04 18:00:00,0.0,878.0,4487.0,0.0,994.0,0.0,0.0,0.0,4.0,0.0,326.0
2022-02-04 19:00:00,0.0,898.0,4263.0,0.0,880.0,0.0,0.0,0.0,9.0,0.0,452.0
2022-02-04 20:00:00,0.0,903.0,3918.0,0.0,622.0,0.0,0.0,0.0,15.0,0.0,582.0
2022-02-04 21:00:00,0.0,903.0,3251.0,0.0,352.0,0.0,0.0,0.0,0.0,0.0,679.0
2022-02-04 22:00:00,0.0,891.0,3268.0,0.0,88.0,0.0,0.0,0.0,0.0,0.0,809.0
2022-02-04 23:00:00,0.0,867.0,2549.0,0.0,19.0,0.0,0.0,0.0,0.0,0.0,935.0
2022-02-05 00:00:00,0.0,876.0,2404.0,0.0,7.0,0.0,0.0,0.0,0.0,0.0,980.0
2022-02-05 01:00:00,0.0,876.0,2169.0,0.0,7.0,0.0,0.0,0.0,0.0,0.0,981.0
2022-02-05 02:00:00,0.0,866.0,2156.0,0.0,7.0,0.0,0.0,0.0,0.0,0.0,973.0
2022-02-05 03:00:00,0.0,871.0,2207.0,0.0,7.0,0.0,0.0,0.0,0.0,0.0,932.0
2022-02-05 04:00:00,0.0,872.0,2267.0,0.0,7.0,0.0,0.0,0.0,36.0,0.0,875.0
2022-02-05 05:00:00,0.0,859.0,2170.0,0.0,33.0,0.0,0.0,0.0,35.0,0.0,1017.0
2022-02-05 06:00:00,0.0,820.0,2448.0,0.0,299.0,0.0,0.0,0.0,53.0,0.0,1054.0
2022-02-05 07:00:00,0.0,834.0,2389.0,0.0,407.0,0.0,0.0,0.0,516.0,0.0,1107.0
2022-02-05 08:00:00,0.0,865.0,2724.0,0.0,481.0,0.0,0.0,0.0,1241.0,0.0,830.0
2022-02-05 09:00:00,0.0,868.0,2644.0,0.0,420.0,0.0,0.0,0.0,1768.0,0.0,663.0
2022-02-05 10:00:00,0.0,866.0,2460.0,0.0,297.0,0.0,0.0,0.0,2096.0,0.0,587.0
2022-02-05 11:00:00,0.0,867.0,2317.0,0.0,193.0,0.0,0.0,0.0,2262.0,0.0,564.0
2022-02-05 12:00:00,0.0,778.0,2038.0,0.0,135.0,0.0,0.0,0.0,2215.0,0.0,497.0
2022-02-05 13:00:00,0.0,757.0,2139.0,0.0,9.0,0.0,0.0,0.0,1966.0,0.0,401.0
2022-02-05 14:00:00,0.0,751.0,2381.0,0.0,10.0,0.0,0.0,0.0,1530.0,0.0,328.0
2022-02-05 15:00:00,0.0,831.0,3093.0,0.0,141.0,0.0,0.0,0.0,802.0,0.0,282.0
2022-02-05 16:00:00,0.0,881.0,3582.0,0.0,407.0,0.0,0.0,0.0,124.0,0.0,243.0
2022-02-05 17:00:00,0.0,895.0,4168.0,0.0,1119.0,0.0,0.0,0.0,10.0,0.0,226.0
2022-02-05 18:00:00,0.0,901.0,4282.0,0.0,1200.0,0.0,0.0,0.0,8.0,0.0,257.0
2022-02-05 19:00:00,0.0,902.0,4342.0,0.0,1077.0,0.0,0.0,0.0,4.0,0.0,220.0
2022-02-05 20:00:00,0.0,902.0,4182.0,0.0,668.0,0.0,0.0,0.0,1.0,0.0,164.0
2022-02-05 21:00:00,0.0,908.0,3791.0,0.0,377.0,0.0,0.0,0.0,0.0,0.0,132.0
2022-02-05 22:00:00,0.0,904.0,3513.0,0.0,211.0,0.0,0.0,0.0,0.0,0.0,134.0
2022-02-05 23:00:00,0.0,893.0,3042.0,0.0,33.0,0.0,0.0,0.0,0.0,0.0,128.0
2022-02-06 00:00:00,0.0,865.0,2394.0,0.0,38.0,0.0,0.0,0.0,0.0,0.0,118.0
2022-02-06 01:00:00,0.0,863.0,2123.0,0.0,38.0,0.0,0.0,0.0,0.0,0.0,138.0
2022-02-06 02:00:00,0.0,825.0,1954.0,0.0,38.0,0.0,0.0,0.0,0.0,0.0,199.0
2022-02-06 03:00:00,0.0,783.0,1957.0,0.0,38.0,0.0,0.0,0.0,0.0,0.0,277.0
2022-02-06 04:00:00,0.0,724.0,1910.0,0.0,39.0,0.0,0.0,0.0,1.0,0.0,427.0
2022-02-06 05:00:00,0.0,765.0,1922.0,0.0,65.0,0.0,0.0,0.0,4.0,0.0,526.0
2022-02-06 06:00:00,0.0,860.0,2083.0,0.0,234.0,0.0,0.0,0.0,21.0,0.0,508.0
2022-02-06 07:00:00,0.0,840.0,2020.0,0.0,418.0,0.0,0.0,0.0,378.0,0.0,483.0
2022-02-06 08:00:00,0.0,811.0,1808.0,0.0,496.0,0.0,0.0,0.0,1155.0,0.0,487.0
2022-02-06 09:00:00,0.0,729.0,1519.0,0.0,492.0,0.0,0.0,0.0,1857.0,0.0,449.0
2022-02-06 10:00:00,0.0,715.0,1507.0,0.0,148.0,0.0,0.0,0.0,2199.0,0.0,359.0
2022-02-06 11:00:00,0.0,714.0,1461.0,0.0,129.0,0.0,0.0,0.0,2309.0,0.0,290.0
2022-02-06 12:00:00,0.0,718.0,1456.0,0.0,52.0,0.0,0.0,0.0,2240.0,0.0,226.0
2022-02-06 13:00:00,0.0,716.0,1456.0,0.0,40.0,0.0,0.0,0.0,1947.0,0.0,162.0
2022-02-06 14:00:00,0.0,716.0,1703.0,0.0,38.0,0.0,0.0,0.0,1477.0,0.0,157.0
2022-02-06 15:00:00,0.0,726.0,2030.0,0.0,24.0,0.0,0.0,0.0,785.0,0.0,179.0
2022-02-06 16:00:00,0.0,843.0,2639.0,0.0,203.0,0.0,0.0,0.0,115.0,0.0,255.0
2022-02-06 17:00:00,0.0,871.0,2929.0,0.0,785.0,0.0,0.0,0.0,3.0,0.0,340.0
2022-02-06 18:00:00,0.0,880.0,3017.0,0.0,1019.0,0.0,0.0,0.0,3.0,0.0,434.0
2022-02-06 19:00:00,0.0,913.0,2884.0,0.0,890.0,0.0,0.0,0.0,4.0,0.0,528.0
2022-02-06 20:00:00,0.0,917.0,2769.0,0.0,579.0,0.0,0.0,0.0,7.0,0.0,651.0
2022-02-06 21:00:00,0.0,901.0,2503.0,0.0,265.0,0.0,0.0,0.0,0.0,0.0,854.0
2022-02-06 22:00:00,0.0,879.0,2285.0,0.0,135.0,0.0,0.0,0.0,0.0,0.0,1021.0
2022-02-06 23:00:00,0.0,855.0,1751.0,0.0,41.0,0.0,0.0,0.0,0.0,0.0,1076.0
2022-02-07 00:00:00,0.0,746.0,1352.0,0.0,49.0,0.0,0.0,0.0,0.0,0.0,1248.0
2022-02-07 01:00:00,0.0,745.0,823.0,0.0,46.0,0.0,0.0,0.0,0.0,0.0,1368.0
2022-02-07 02:00:00,0.0,755.0,746.0,0.0,39.0,0.0,0.0,0.0,0.0,0.0,1465.0
2022-02-07 03:00:00,0.0,719.0,693.0,0.0,50.0,0.0,0.0,0.0,0.0,0.0,1602.0
2022-02-07 04:00:00,0.0,721.0,694.0,0.0,51.0,0.0,0.0,0.0,37.0,0.0,1784.0
2022-02-07 05:00:00,0.0,730.0,884.0,0.0,123.0,0.0,0.0,0.0,34.0,0.0,1975.0
2022-02-07 06:00:00,0.0,723.0,1519.0,0.0,320.0,0.0,0.0,0.0,42.0,0.0,2186.0
2022-02-07 07:00:00,0.0,807.0,2095.0,0.0,626.0,0.0,0.0,0.0,371.0,0.0,2217.0
2022-02-07 08:00:00,0.0,856.0,2130.0,0.0,601.0,0.0,0.0,0.0,842.0,0.0,2207.0
2022-02-07 09:00:00,0.0,839.0,2116.0,0.0,551.0,0.0,0.0,0.0,1194.0,0.0,2148.0
2022-02-07 10:00:00,0.0,838.0,2035.0,0.0,124.0,0.0,0.0,0.0,1345.0,0.0,2293.0
2022-02-07 11:00:00,0.0,862.0,2044.0,0.0,56.0,0.0,0.0,0.0,1435.0,0.0,2463.0
2022-02-07 12:00:00,0.0,899.0,1927.0,0.0,33.0,0.0,0.0,0.0,1444.0,0.0,2495.0
2022-02-07 13:00:00,0.0,939.0,1796.0,0.0,11.0,0.0,0.0,0.0,1250.0,0.0,2522.0
2022-02-07 14:00:00,0.0,992.0,2101.0,0.0,20.0,0.0,0.0,0.0,795.0,0.0,2514.0
2022-02-07 15:00:00,0.0,1036.0,2207.0,0.0,23.0,0.0,0.0,0.0,404.0,0.0,2410.0
2022-02-07 16:00:00,0.0,1069.0,2261.0,0.0,216.0,0.0,0.0,0.0,78.0,0.0,2313.0
2022-02-07 17:00:00,0.0,1071.0,2463.0,0.0,834.0,0.0,0.0,0.0,10.0,0.0,2228.0
2022-02-07 18:00:00,0.0,1070.0,2796.0,0.0,1215.0,0.0,0.0,0.0,13.0,0.0,2206.0
2022-02-07 19:00:00,0.0,1075.0,2853.0,0.0,1194.0,0.0,0.0,0.0,14.0,0.0,2184.0
2022-02-07 20:00:00,0.0,1079.0,2548.0,0.0,880.0,0.0,0.0,0.0,12.0,0.0,2192.0
2022-02-07 21:00:00,0.0,1048.0,2087.0,0.0,378.0,0.0,0.0,0.0,0.0,0.0,2194.0
2022-02-07 22:00:00,0.0,959.0,1657.0,0.0,85.0,0.0,0.0,0.0,0.0,0.0,2262.0
2022-02-07 23:00:00,0.0,830.0,1320.0,0.0,72.0,0.0,0.0,0.0,0.0,0.0,2284.0
2022-02-08 00:00:00,0.0,750.0,1159.0,0.0,37.0,0.0,0.0,0.0,0.0,0.0,2371.0
2022-02-08 01:00:00,0.0,706.0,825.0,0.0,37.0,0.0,0.0,0.0,0.0,0.0,2391.0
2022-02-08 02:00:00,0.0,740.0,865.0,0.0,37.0,0.0,0.0,0.0,0.0,0.0,2314.0
2022-02-08 03:00:00,0.0,716.0,751.0,0.0,60.0,0.0,0.0,0.0,0.0,0.0,2344.0
2022-02-08 04:00:00,0.0,731.0,724.0,0.0,112.0,0.0,0.0,0.0,8.0,0.0,2160.0
2022-02-08 05:00:00,0.0,814.0,775.0,0.0,268.0,0.0,0.0,0.0,7.0,0.0,1971.0
2022-02-08 06:00:00,0.0,860.0,1217.0,0.0,374.0,0.0,0.0,0.0,7.0,0.0,2013.0
2022-02-08 07:00:00,0.0,841.0,1684.0,0.0,664.0,0.0,0.0,0.0,171.0,0.0,2020.0
2022-02-08 08:00:00,0.0,818.0,2065.0,0.0,842.0,0.0,0.0,0.0,512.0,0.0,2018.0
2022-02-08 09:00:00,0.0,827.0,2099.0,0.0,775.0,0.0,0.0,0.0,760.0,0.0,2096.0
2022-02-08 10:00:00,0.0,828.0,2308.0,0.0,564.0,0.0,0.0,0.0,951.0,0.0,2117.0
2022-02-08 11:00:00,0.0,824.0,2224.0,0.0,721.0,0.0,0.0,0.0,1029.0,0.0,2072.0
2022-02-08 12:00:00,0.0,816.0,2078.0,0.0,732.0,0.0,0.0,0.0,1097.0,0.0,2141.0
2022-02-08 13:00:00,0.0,807.0,2034.0,0.0,410.0,0.0,0.0,0.0,1089.0,0.0,2231.0
2022-02-08 14:00:00,0.0,811.0,2396.0,0.0,100.0,0.0,0.0,0.0,954.0,0.0,2222.0
2022-02-08 15:00:00,0.0,820.0,2591.0,0.0,23.0,0.0,0.0,0.0,603.0,0.0,2218.0
2022-02-08 16:00:00,0.0,817.0,2803.0,0.0,244.0,0.0,0.0,0.0,123.0,0.0,2200.0
2022-02-08 17:00:00,0.0,818.0,3109.0,0.0,646.0,0.0,0.0,0.0,2.0,0.0,2222.0
2022-02-08 18:00:00,0.0,819.0,3196.0,0.0,1016.0,0.0,0.0,0.0,2.0,0.0,2196.0
2022-02-08 19:00:00,0.0,850.0,3139.0,0.0,920.0,0.0,0.0,0.0,3.0,0.0,2204.0
2022-02-08 20:00:00,0.0,887.0,2882.0,0.0,784.0,0.0,0.0,0.0,0.0,0.0,2144.0
2022-02-08 21:00:00,0.0,865.0,2478.0,0.0,378.0,0.0,0.0,0.0,0.0,0.0,2064.0
2022-02-08 22:00:00,0.0,816.0,2267.0,0.0,68.0,0.0,0.0,0.0,0.0,0.0,2124.0
2022-02-08 23:00:00,0.0,817.0,1649.0,0.0,7.0,0.0,0.0,0.0,0.0,0.0,2148.0
2022-02-09 00:00:00,0.0,771.0,1612.0,0.0,7.0,0.0,0.0,0.0,0.0,0.0,2070.0
2022-02-09 01:00:00,0.0,732.0,1372.0,0.0,7.0,0.0,0.0,0.0,0.0,0.0,2075.0
2022-02-09 02:00:00,0.0,732.0,1274.0,0.0,7.0,0.0,0.0,0.0,0.0,0.0,2076.0
2022-02-09 03:00:00,0.0,718.0,1305.0,0.0,7.0,0.0,0.0,0.0,0.0,0.0,2053.0
2022-02-09 04:00:00,0.0,724.0,1393.0,0.0,7.0,0.0,0.0,0.0,3.0,0.0,1920.0
2022-02-09 05:00:00,0.0,725.0,1758.0,0.0,58.0,0.0,0.0,0.0,3.0,0.0,1891.0
2022-02-09 06:00:00,0.0,798.0,2153.0,0.0,490.0,0.0,0.0,0.0,29.0,0.0,1772.0
2022-02-09 07:00:00,0.0,837.0,2378.0,0.0,694.0,0.0,0.0,0.0,643.0,0.0,1716.0
2022-02-09 08:00:00,0.0,823.0,2400.0,0.0,670.0,0.0,0.0,0.0,1489.0,0.0,1658.0
2022-02-09 09:00:00,0.0,826.0,2424.0,0.0,666.0,0.0,0.0,0.0,2085.0,0.0,1560.0
2022-02-09 10:00:00,0.0,816.0,2104.0,0.0,130.0,0.0,0.0,0.0,2478.0,0.0,1611.0
2022-02-09 11:00:00,0.0,753.0,1864.0,0.0,59.0,0.0,0.0,0.0,2547.0,0.0,1670.0
2022-02-09 12:00:00,0.0,727.0,1873.0,0.0,51.0,0.0,0.0,0.0,2435.0,0.0,1688.0
2022-02-09 13:00:00,0.0,728.0,2013.0,0.0,38.0,0.0,0.0,0.0,2161.0,0.0,1715.0
2022-02-09 14:00:00,0.0,728.0,2080.0,0.0,85.0,0.0,0.0,0.0,1685.0,0.0,1661.0
2022-02-09 15:00:00,0.0,727.0,2429.0,0.0,103.0,0.0,0.0,0.0,1002.0,0.0,1507.0
2022-02-09 16:00:00,0.0,796.0,3076.0,0.0,413.0,0.0,0.0,0.0,196.0,0.0,1391.0
2022-02-09 17:00:00,0.0,831.0,3264.0,0.0,880.0,0.0,0.0,0.0,8.0,0.0,1366.0
2022-02-09 18:00:00,0.0,888.0,3678.0,0.0,1090.0,0.0,0.0,0.0,3.0,0.0,1459.0
2022-02-09 19:00:00,0.0,914.0,3531.0,0.0,802.0,0.0,0.0,0.0,3.0,0.0,1517.0
2022-02-09 20:00:00,0.0,928.0,3153.0,0.0,433.0,0.0,0.0,0.0,2.0,0.0,1542.0
2022-02-09 21:00:00,0.0,818.0,3193.0,0.0,133.0,0.0,0.0,0.0,0.0,0.0,1490.0
2022-02-09 22:00:00,0.0,681.0,3117.0,0.0,8.0,0.0,0.0,0.0,0.0,0.0,1429.0
2022-02-09 23:00:00,0.0,623.0,2340.0,0.0,7.0,0.0,0.0,0.0,0.0,0.0,1409.0
2022-02-10 00:00:00,0.0,619.0,2149.0,0.0,28.0,0.0,0.0,0.0,0.0,0.0,1386.0
2022-02-10 01:00:00,0.0,634.0,1818.0,0.0,32.0,0.0,0.0,0.0,0.0,0.0,1348.0
2022-02-10 02:00:00,0.0,634.0,1745.0,0.0,32.0,0.0,0.0,0.0,0.0,0.0,1393.0
2022-02-10 03:00:00,0.0,641.0,1711.0,0.0,32.0,0.0,0.0,0.0,0.0,0.0,1399.0
2022-02-10 04:00:00,0.0,630.0,1722.0,0.0,33.0,0.0,0.0,0.0,10.0,0.0,1399.0
2022-02-10 05:00:00,0.0,679.0,1902.0,0.0,60.0,0.0,0.0,0.0,9.0,0.0,1413.0
2022-02-10 06:00:00,0.0,840.0,2254.0,0.0,214.0,0.0,0.0,0.0,46.0,0.0,1400.0
2022-02-10 07:00:00,0.0,906.0,2510.0,0.0,306.0,0.0,0.0,0.0,707.0,0.0,1292.0
2022-02-10 08:00:00,0.0,911.0,2475.0,0.0,337.0,0.0,0.0,0.0,1652.0,0.0,1207.0
2022-02-10 09:00:00,0.0,869.0,2326.0,0.0,498.0,0.0,0.0,0.0,2253.0,0.0,1178.0
2022-02-10 10:00:00,0.0,834.0,2286.0,0.0,152.0,0.0,0.0,0.0,2581.0,0.0,1154.0
2022-02-10 11:00:00,0.0,804.0,2080.0,0.0,52.0,0.0,0.0,0.0,2719.0,0.0,1018.0
2022-02-10 12:00:00,0.0,834.0,2011.0,0.0,76.0,0.0,0.0,0.0,2680.0,0.0,847.0
2022-02-10 13:00:00,0.0,853.0,2052.0,0.0,63.0,0.0,0.0,0.0,2434.0,0.0,671.0
2022-02-10 14:00:00,0.0,840.0,2361.0,0.0,124.0,0.0,0.0,0.0,1946.0,0.0,636.0
2022-02-10 15:00:00,0.0,870.0,2972.0,0.0,103.0,0.0,0.0,0.0,1160.0,0.0,617.0
2022-02-10 16:00:00,0.0,899.0,3319.0,0.0,375.0,0.0,0.0,0.0,233.0,0.0,624.0
2022-02-10 17:00:00,0.0,900.0,3224.0,0.0,905.0,0.0,0.0,0.0,4.0,0.0,656.0
2022-02-10 18:00:00,0.0,916.0,3564.0,0.0,973.0,0.0,0.0,0.0,3.0,0.0,613.0
2022-02-10 19:00:00,0.0,920.0,3559.0,0.0,818.0,0.0,0.0,0.0,2.0,0.0,648.0
2022-02-10 20:00:00,0.0,915.0,3264.0,0.0,705.0,0.0,0.0,0.0,5.0,0.0,689.0
2022-02-10 21:00:00,0.0,909.0,3146.0,0.0,290.0,0.0,0.0,0.0,0.0,0.0,715.0
2022-02-10 22:00:00,0.0,923.0,2946.0,0.0,45.0,0.0,0.0,0.0,0.0,0.0,673.0
2022-02-10 23:00:00,0.0,923.0,2418.0,0.0,7.0,0.0,0.0,0.0,0.0,0.0,553.0
2022-02-11 00:00:00,0.0,880.0,2064.0,0.0,7.0,0.0,0.0,0.0,0.0,0.0,558.0
2022-02-11 01:00:00,0.0,864.0,1944.0,0.0,7.0,0.0,0.0,0.0,0.0,0.0,450.0
2022-02-11 02:00:00,0.0,870.0,1919.0,0.0,7.0,0.0,0.0,0.0,0.0,0.0,376.0
2022-02-11 03:00:00,0.0,871.0,1855.0,0.0,7.0,0.0,0.0,0.0,0.0,0.0,418.0
2022-02-11 04:00:00,0.0,861.0,1893.0,0.0,8.0,0.0,0.0,0.0,0.0,0.0,347.0
2022-02-11 05:00:00,0.0,880.0,2568.0,0.0,68.0,0.0,0.0,0.0,0.0,0.0,304.0
2022-02-11 06:00:00,0.0,895.0,2867.0,0.0,338.0,0.0,0.0,0.0,35.0,0.0,288.0
2022-02-11 07:00:00,0.0,917.0,2911.0,0.0,851.0,0.0,0.0,0.0,685.0,0.0,233.0
2022-02-11 08:00:00,0.0,915.0,2844.0,0.0,637.0,0.0,0.0,0.0,1593.0,0.0,184.0
2022-02-11 09:00:00,0.0,889.0,2959.0,0.0,523.0,0.0,0.0,0.0,2200.0,0.0,176.0
2022-02-11 10:00:00,0.0,881.0,2646.0,0.0,54.0,0.0,0.0,0.0,2529.0,0.0,171.0
2022-02-11 11:00:00,0.0,885.0,2382.0,0.0,53.0,0.0,0.0,0.0,2650.0,0.0,190.0
2022-02-11 12:00:00,0.0,876.0,2245.0,0.0,73.0,0.0,0.0,0.0,2589.0,0.0,194.0
2022-02-11 13:00:00,0.0,875.0,2182.0,0.0,64.0,0.0,0.0,0.0,2335.0,0.0,255.0
2022-02-11 14:00:00,0.0,835.0,2431.0,0.0,136.0,0.0,0.0,0.0,1862.0,0.0,292.0
2022-02-11 15:00:00,0.0,874.0,2732.0,0.0,228.0,0.0,0.0,0.0,1111.0,0.0,332.0
2022-02-11 16:00:00,0.0,860.0,3228.0,0.0,502.0,0.0,0.0,0.0,228.0,0.0,475.0
2022-02-11 17:00:00,0.0,875.0,3317.0,0.0,670.0,0.0,0.0,0.0,3.0,0.0,662.0
2022-02-11 18:00:00,0.0,912.0,3546.0,0.0,930.0,0.0,0.0,0.0,4.0,0.0,819.0
2022-02-11 19:00:00,0.0,909.0,3352.0,0.0,811.0,0.0,0.0,0.0,11.0,0.0,931.0
2022-02-11 20:00:00,0.0,883.0,3055.0,0.0,501.0,0.0,0.0,0.0,11.0,0.0,939.0
2022-02-11 21:00:00,0.0,889.0,3025.0,0.0,174.0,0.0,0.0,0.0,0.0,0.0,882.0
2022-02-11 22:00:00,0.0,899.0,3179.0,0.0,100.0,0.0,0.0,0.0,0.0,0.0,794.0
2022-02-11 23:00:00,0.0,846.0,2516.0,0.0,7.0,0.0,0.0,0.0,0.0,0.0,611.0
2022-02-12 00:00:00,0.0,777.0,2252.0,0.0,7.0,0.0,0.0,0.0,0.0,0.0,476.0
2022-02-12 01:00:00,0.0,624.0,2042.0,0.0,7.0,0.0,0.0,0.0,0.0,0.0,405.0
2022-02-12 02:00:00,0.0,626.0,1891.0,0.0,7.0,0.0,0.0,0.0,0.0,0.0,358.0
2022-02-12 03:00:00,0.0,626.0,1820.0,0.0,7.0,0.0,0.0,0.0,0.0,0.0,444.0
2022-02-12 04:00:00,0.0,626.0,1800.0,0.0,7.0,0.0,0.0,0.0,2.0,0.0,436.0
2022-02-12 05:00:00,0.0,628.0,1952.0,0.0,32.0,0.0,0.0,0.0,0.0,0.0,386.0
2022-02-12 06:00:00,0.0,635.0,2179.0,0.0,154.0,0.0,0.0,0.0,29.0,0.0,365.0
2022-02-12 07:00:00,0.0,635.0,2059.0,0.0,358.0,0.0,0.0,0.0,479.0,0.0,365.0
2022-02-12 08:00:00,0.0,638.0,1977.0,0.0,396.0,0.0,0.0,0.0,1196.0,0.0,304.0
2022-02-12 09:00:00,0.0,600.0,1959.0,0.0,363.0,0.0,0.0,0.0,1714.0,0.0,300.0
2022-02-12 10:00:00,0.0,568.0,1927.0,0.0,56.0,0.0,0.0,0.0,1984.0,0.0,297.0
2022-02-12 11:00:00,0.0,600.0,2025.0,0.0,52.0,0.0,0.0,0.0,2067.0,0.0,273.0
2022-02-12 12:00:00,0.0,589.0,2189.0,0.0,77.0,0.0,0.0,0.0,1942.0,0.0,266.0
2022-02-12 13:00:00,0.0,590.0,2258.0,0.0,66.0,0.0,0.0,0.0,1621.0,0.0,261.0
2022-02-12 14:00:00,0.0,616.0,2584.0,0.0,62.0,0.0,0.0,0.0,1159.0,0.0,330.0
2022-02-12 15:00:00,0.0,619.0,3038.0,0.0,50.0,0.0,0.0,0.0,611.0,0.0,367.0
2022-02-12 16:00:00,0.0,627.0,3209.0,0.0,168.0,0.0,0.0,0.0,136.0,0.0,451.0
2022-02-12 17:00:00,0.0,625.0,3327.0,0.0,676.0,0.0,0.0,0.0,27.0,0.0,630.0
2022-02-12 18:00:00,0.0,626.0,3241.0,0.0,915.0,0.0,0.0,0.0,22.0,0.0,798.0
2022-02-12 19:00:00,0.0,632.0,3054.0,0.0,836.0,0.0,0.0,0.0,23.0,0.0,894.0
2022-02-12 20:00:00,0.0,626.0,2926.0,0.0,534.0,0.0,0.0,0.0,24.0,0.0,968.0
2022-02-12 21:00:00,0.0,630.0,2900.0,0.0,229.0,0.0,0.0,0.0,0.0,0.0,939.0
2022-02-12 22:00:00,0.0,646.0,2957.0,0.0,50.0,0.0,0.0,0.0,0.0,0.0,813.0
2022-02-12 23:00:00,0.0,639.0,2599.0,0.0,7.0,0.0,0.0,0.0,0.0,0.0,741.0
2022-02-13 00:00:00,0.0,610.0,1895.0,0.0,7.0,0.0,0.0,0.0,0.0,0.0,702.0
2022-02-13 01:00:00,0.0,614.0,1493.0,0.0,64.0,0.0,0.0,0.0,0.0,0.0,693.0
2022-02-13 02:00:00,0.0,614.0,1348.0,0.0,33.0,0.0,0.0,0.0,0.0,0.0,702.0
2022-02-13 03:00:00,0.0,619.0,1204.0,0.0,186.0,0.0,0.0,0.0,0.0,0.0,680.0
2022-02-13 04:00:00,0.0,601.0,1078.0,0.0,148.0,0.0,0.0,0.0,1.0,0.0,838.0
2022-02-13 05:00:00,0.0,601.0,1063.0,0.0,114.0,0.0,0.0,0.0,1.0,0.0,1045.0
2022-02-13 06:00:00,0.0,583.0,864.0,0.0,327.0,0.0,0.0,0.0,12.0,0.0,1324.0
2022-02-13 07:00:00,0.0,574.0,883.0,0.0,234.0,0.0,0.0,0.0,199.0,0.0,1614.0
2022-02-13 08:00:00,0.0,572.0,927.0,0.0,200.0,0.0,0.0,0.0,522.0,0.0,1737.0
2022-02-13 09:00:00,0.0,567.0,1079.0,0.0,251.0,0.0,0.0,0.0,840.0,0.0,1807.0
2022-02-13 10:00:00,0.0,563.0,1256.0,0.0,107.0,0.0,0.0,0.0,1076.0,0.0,1863.0
2022-02-13 11:00:00,0.0,602.0,1323.0,0.0,59.0,0.0,0.0,0.0,1234.0,0.0,1813.0
2022-02-13 12:00:00,0.0,593.0,1231.0,0.0,105.0,0.0,0.0,0.0,1246.0,0.0,1813.0
2022-02-13 13:00:00,0.0,573.0,1119.0,0.0,87.0,0.0,0.0,0.0,1093.0,0.0,1773.0
2022-02-13 14:00:00,0.0,566.0,1278.0,0.0,82.0,0.0,0.0,0.0,838.0,0.0,1758.0
2022-02-13 15:00:00,0.0,611.0,1597.0,0.0,77.0,0.0,0.0,0.0,478.0,0.0,1706.0
2022-02-13 16:00:00,0.0,592.0,2103.0,0.0,157.0,0.0,0.0,0.0,95.0,0.0,1693.0
2022-02-13 17:00:00,0.0,624.0,2752.0,0.0,798.0,0.0,0.0,0.0,0.0,0.0,1630.0
2022-02-13 18:00:00,0.0,618.0,3000.0,0.0,993.0,0.0,0.0,0.0,0.0,0.0,1558.0
2022-02-13 19:00:00,0.0,622.0,3015.0,0.0,1047.0,0.0,0.0,0.0,0.0,0.0,1452.0
2022-02-13 20:00:00,0.0,624.0,3159.0,0.0,785.0,0.0,0.0,0.0,0.0,0.0,1272.0
2022-02-13 21:00:00,0.0,625.0,3128.0,0.0,274.0,0.0,0.0,0.0,0.0,0.0,1163.0
2022-02-13 22:00:00,0.0,620.0,2850.0,0.0,224.0,0.0,0.0,0.0,0.0,0.0,1030.0
2022-02-13 23:00:00,0.0,608.0,2226.0,0.0,7.0,0.0,0.0,0.0,0.0,0.0,868.0
2022-02-14 00:00:00,0.0,571.0,1638.0,0.0,7.0,0.0,0.0,0.0,0.0,0.0,845.0
2022-02-14 01:00:00,0.0,571.0,1428.0,0.0,37.0,0.0,0.0,0.0,0.0,0.0,734.0
2022-02-14 02:00:00,0.0,604.0,1426.0,0.0,36.0,0.0,0.0,0.0,0.0,0.0,607.0
2022-02-14 03:00:00,0.0,590.0,1320.0,0.0,37.0,0.0,0.0,0.0,0.0,0.0,578.0
2022-02-14 04:00:00,0.0,597.0,1464.0,0.0,37.0,0.0,0.0,0.0,0.0,0.0,546.0
2022-02-14 05:00:00,0.0,620.0,2399.0,0.0,190.0,0.0,0.0,0.0,0.0,0.0,476.0
2022-02-14 06:00:00,0.0,631.0,2921.0,0.0,580.0,0.0,0.0,0.0,25.0,0.0,377.0
2022-02-14 07:00:00,0.0,630.0,3468.0,0.0,773.0,0.0,0.0,0.0,326.0,0.0,270.0
2022-02-14 08:00:00,0.0,645.0,3653.0,0.0,788.0,0.0,0.0,0.0,778.0,0.0,238.0
2022-02-14 09:00:00,0.0,631.0,3500.0,0.0,513.0,0.0,0.0,0.0,1222.0,0.0,237.0
2022-02-14 10:00:00,0.0,618.0,3247.0,0.0,434.0,0.0,0.0,0.0,1574.0,0.0,203.0
2022-02-14 11:00:00,0.0,618.0,3181.0,0.0,176.0,0.0,0.0,0.0,1760.0,0.0,198.0
2022-02-14 12:00:00,0.0,615.0,3038.0,0.0,91.0,0.0,0.0,0.0,1754.0,0.0,199.0
2022-02-14 13:00:00,0.0,613.0,3015.0,0.0,93.0,0.0,0.0,0.0,1597.0,0.0,190.0
2022-02-14 14:00:00,0.0,614.0,3324.0,0.0,102.0,0.0,0.0,0.0,1337.0,0.0,189.0
2022-02-14 15:00:00,0.0,621.0,3368.0,0.0,66.0,0.0,0.0,0.0,821.0,0.0,213.0
2022-02-14 16:00:00,0.0,630.0,3800.0,0.0,470.0,0.0,0.0,0.0,185.0,0.0,195.0
2022-02-14 17:00:00,0.0,625.0,3948.0,0.0,1141.0,0.0,0.0,0.0,1.0,0.0,172.0
2022-02-14 18:00:00,0.0,640.0,4034.0,0.0,1276.0,0.0,0.0,0.0,0.0,0.0,149.0
2022-02-14 19:00:00,0.0,640.0,3834.0,0.0,1130.0,0.0,0.0,0.0,0.0,0.0,162.0
2022-02-14 20:00:00,0.0,635.0,3705.0,0.0,618.0,0.0,0.0,0.0,0.0,0.0,172.0
2022-02-14 21:00:00,0.0,639.0,3730.0,0.0,168.0,0.0,0.0,0.0,0.0,0.0,195.0
2022-02-14 22:00:00,0.0,642.0,3607.0,0.0,183.0,0.0,0.0,0.0,0.0,0.0,190.0
2022-02-14 23:00:00,0.0,642.0,3607.0,0.0,183.0,0.0,0.0,0.0,0.0,0.0,206.0
2022-02-15 00:00:00,0.0,623.0,2378.0,0.0,25.0,0.0,0.0,0.0,0.0,0.0,224.0
2022-02-15 01:00:00,0.0,618.0,2253.0,0.0,32.0,0.0,0.0,0.0,0.0,0.0,228.0
2022-02-15 02:00:00,0.0,604.0,2067.0,0.0,32.0,0.0,0.0,0.0,0.0,0.0,247.0
2022-02-15 03:00:00,0.0,608.0,2042.0,0.0,32.0,0.0,0.0,0.0,0.0,0.0,264.0
2022-02-15 04:00:00,0.0,593.0,2045.0,0.0,33.0,0.0,0.0,0.0,0.0,0.0,303.0
2022-02-15 05:00:00,0.0,625.0,2335.0,0.0,67.0,0.0,0.0,0.0,0.0,0.0,311.0
2022-02-15 06:00:00,0.0,634.0,3227.0,0.0,491.0,0.0,0.0,0.0,41.0,0.0,291.0
2022-02-15 07:00:00,0.0,634.0,3457.0,0.0,529.0,0.0,0.0,0.0,497.0,0.0,243.0
2022-02-15 08:00:00,0.0,636.0,3441.0,0.0,557.0,0.0,0.0,0.0,1160.0,0.0,285.0
2022-02-15 09:00:00,0.0,624.0,3491.0,0.0,351.0,0.0,0.0,0.0,1710.0,0.0,342.0
2022-02-15 10:00:00,0.0,618.0,3222.0,0.0,122.0,0.0,0.0,0.0,2164.0,0.0,404.0
2022-02-15 11:00:00,0.0,617.0,2682.0,0.0,51.0,0.0,0.0,0.0,2300.0,0.0,379.0
2022-02-15 12:00:00,0.0,581.0,2491.0,0.0,76.0,0.0,0.0,0.0,2225.0,0.0,470.0
2022-02-15 13:00:00,0.0,577.0,2509.0,0.0,64.0,0.0,0.0,0.0,1963.0,0.0,408.0
2022-02-15 14:00:00,0.0,610.0,2912.0,0.0,123.0,0.0,0.0,0.0,1512.0,0.0,415.0
2022-02-15 15:00:00,0.0,613.0,3209.0,0.0,201.0,0.0,0.0,0.0,821.0,0.0,439.0
2022-02-15 16:00:00,0.0,616.0,3616.0,0.0,412.0,0.0,0.0,0.0,155.0,0.0,435.0
2022-02-15 17:00:00,0.0,618.0,3583.0,0.0,756.0,0.0,0.0,0.0,0.0,0.0,485.0
2022-02-15 18:00:00,0.0,636.0,3762.0,0.0,891.0,0.0,0.0,0.0,0.0,0.0,546.0
2022-02-15 19:00:00,0.0,645.0,3690.0,0.0,716.0,0.0,0.0,0.0,0.0,0.0,541.0
2022-02-15 20:00:00,0.0,647.0,3638.0,0.0,455.0,0.0,0.0,0.0,0.0,0.0,526.0
2022-02-15 21:00:00,0.0,654.0,3337.0,0.0,152.0,0.0,0.0,0.0,0.0,0.0,620.0
2022-02-15 22:00:00,0.0,659.0,3085.0,0.0,78.0,0.0,0.0,0.0,0.0,0.0,671.0
2022-02-15 23:00:00,0.0,642.0,2230.0,0.0,38.0,0.0,0.0,0.0,0.0,0.0,691.0
2022-02-16 00:00:00,0.0,619.0,2142.0,0.0,38.0,0.0,0.0,0.0,0.0,0.0,677.0
2022-02-16 01:00:00,0.0,618.0,2186.0,0.0,38.0,0.0,0.0,0.0,0.0,0.0,620.0
2022-02-16 02:00:00,0.0,625.0,2165.0,0.0,38.0,0.0,0.0,0.0,0.0,0.0,567.0
2022-02-16 03:00:00,0.0,625.0,2194.0,0.0,38.0,0.0,0.0,0.0,0.0,0.0,522.0
2022-02-16 04:00:00,0.0,597.0,2273.0,0.0,38.0,0.0,0.0,0.0,0.0,0.0,527.0
2022-02-16 05:00:00,0.0,589.0,2749.0,0.0,42.0,0.0,0.0,0.0,0.0,0.0,569.0
2022-02-16 06:00:00,0.0,592.0,2969.0,0.0,425.0,0.0,0.0,0.0,30.0,0.0,667.0
2022-02-16 07:00:00,0.0,586.0,3362.0,0.0,350.0,0.0,0.0,0.0,300.0,0.0,770.0
2022-02-16 08:00:00,0.0,580.0,3589.0,0.0,536.0,0.0,0.0,0.0,687.0,0.0,919.0
2022-02-16 09:00:00,0.0,578.0,3196.0,0.0,439.0,0.0,0.0,0.0,1023.0,0.0,988.0
2022-02-16 10:00:00,0.0,569.0,3049.0,0.0,108.0,0.0,0.0,0.0,1238.0,0.0,1048.0
2022-02-16 11:00:00,0.0,571.0,2862.0,0.0,72.0,0.0,0.0,0.0,1326.0,0.0,1177.0
2022-02-16 12:00:00,0.0,570.0,2374.0,0.0,76.0,0.0,0.0,0.0,1370.0,0.0,1246.0
2022-02-16 13:00:00,0.0,570.0,2234.0,0.0,64.0,0.0,0.0,0.0,1118.0,0.0,1341.0
2022-02-16 14:00:00,0.0,575.0,2672.0,0.0,111.0,0.0,0.0,0.0,764.0,0.0,1373.0
2022-02-16 15:00:00,0.0,572.0,3135.0,0.0,101.0,0.0,0.0,0.0,354.0,0.0,1390.0
2022-02-16 16:00:00,0.0,578.0,3364.0,0.0,199.0,0.0,0.0,0.0,66.0,0.0,1383.0
2022-02-16 17:00:00,0.0,566.0,3424.0,0.0,616.0,0.0,0.0,0.0,0.0,0.0,1381.0
2022-02-16 18:00:00,0.0,591.0,3826.0,0.0,932.0,0.0,0.0,0.0,0.0,0.0,1362.0
2022-02-16 19:00:00,0.0,607.0,3673.0,0.0,706.0,0.0,0.0,0.0,0.0,0.0,1318.0
2022-02-16 20:00:00,0.0,590.0,3396.0,0.0,403.0,0.0,0.0,0.0,0.0,0.0,1388.0
2022-02-16 21:00:00,0.0,587.0,3015.0,0.0,177.0,0.0,0.0,0.0,0.0,0.0,1456.0
2022-02-16 22:00:00,0.0,613.0,2587.0,0.0,137.0,0.0,0.0,0.0,0.0,0.0,1269.0
2022-02-16 23:00:00,0.0,624.0,1759.0,0.0,8.0,0.0,0.0,0.0,0.0,0.0,1074.0
2022-02-17 00:00:00,0.0,623.0,1741.0,0.0,7.0,0.0,0.0,0.0,0.0,0.0,881.0
2022-02-17 01:00:00,0.0,620.0,1564.0,0.0,7.0,0.0,0.0,0.0,0.0,0.0,702.0
2022-02-17 02:00:00,0.0,623.0,1679.0,0.0,7.0,0.0,0.0,0.0,0.0,0.0,469.0
2022-02-17 03:00:00,0.0,636.0,1675.0,0.0,7.0,0.0,0.0,0.0,0.0,0.0,433.0
2022-02-17 04:00:00,0.0,626.0,1686.0,0.0,7.0,0.0,0.0,0.0,0.0,0.0,430.0
2022-02-17 05:00:00,0.0,608.0,2129.0,0.0,118.0,0.0,0.0,0.0,0.0,0.0,432.0
2022-02-17 06:00:00,0.0,625.0,2993.0,0.0,475.0,0.0,0.0,0.0,22.0,0.0,320.0
2022-02-17 07:00:00,0.0,623.0,3496.0,0.0,543.0,0.0,0.0,0.0,360.0,0.0,296.0
2022-02-17 08:00:00,0.0,621.0,3411.0,0.0,400.0,0.0,0.0,0.0,1025.0,0.0,265.0
2022-02-17 09:00:00,0.0,615.0,3386.0,0.0,326.0,0.0,0.0,0.0,1502.0,0.0,237.0
2022-02-17 10:00:00,0.0,602.0,3051.0,0.0,190.0,0.0,0.0,0.0,1851.0,0.0,245.0
2022-02-17 11:00:00,0.0,603.0,2668.0,0.0,61.0,0.0,0.0,0.0,2078.0,0.0,255.0
2022-02-17 12:00:00,0.0,582.0,2266.0,0.0,76.0,0.0,0.0,0.0,2199.0,0.0,351.0
2022-02-17 13:00:00,0.0,575.0,2184.0,0.0,64.0,0.0,0.0,0.0,2041.0,0.0,469.0
2022-02-17 14:00:00,0.0,565.0,2280.0,0.0,63.0,0.0,0.0,0.0,1677.0,0.0,508.0
2022-02-17 15:00:00,0.0,562.0,2437.0,0.0,38.0,0.0,0.0,0.0,1071.0,0.0,540.0
2022-02-17 16:00:00,0.0,580.0,2876.0,0.0,161.0,0.0,0.0,0.0,255.0,0.0,555.0
2022-02-17 17:00:00,0.0,611.0,3253.0,0.0,773.0,0.0,0.0,0.0,2.0,0.0,607.0
2022-02-17 18:00:00,0.0,629.0,3348.0,0.0,819.0,0.0,0.0,0.0,0.0,0.0,655.0
2022-02-17 19:00:00,0.0,626.0,3295.0,0.0,699.0,0.0,0.0,0.0,0.0,0.0,693.0
2022-02-17 20:00:00,0.0,625.0,3173.0,0.0,389.0,0.0,0.0,0.0,0.0,0.0,783.0
2022-02-17 21:00:00,0.0,602.0,2544.0,0.0,76.0,0.0,0.0,0.0,0.0,0.0,948.0
2022-02-17 22:00:00,0.0,620.0,2132.0,0.0,32.0,0.0,0.0,0.0,0.0,0.0,1154.0
2022-02-17 23:00:00,0.0,578.0,1524.0,0.0,8.0,0.0,0.0,0.0,0.0,0.0,1288.0
2022-02-18 00:00:00,0.0,566.0,1202.0,0.0,37.0,0.0,0.0,0.0,0.0,0.0,1361.0
2022-02-18 01:00:00,0.0,559.0,1092.0,0.0,50.0,0.0,0.0,0.0,0.0,0.0,1508.0
2022-02-18 02:00:00,0.0,557.0,1048.0,0.0,50.0,0.0,0.0,0.0,0.0,0.0,1534.0
2022-02-18 03:00:00,0.0,557.0,1047.0,0.0,37.0,0.0,0.0,0.0,0.0,0.0,1472.0
2022-02-18 04:00:00,0.0,557.0,1175.0,0.0,37.0,0.0,0.0,0.0,0.0,0.0,1443.0
2022-02-18 05:00:00,0.0,569.0,1472.0,0.0,68.0,0.0,0.0,0.0,0.0,0.0,1253.0
2022-02-18 06:00:00,0.0,571.0,1864.0,0.0,302.0,0.0,0.0,0.0,58.0,0.0,1055.0
2022-02-18 07:00:00,0.0,583.0,1995.0,0.0,350.0,0.0,0.0,0.0,654.0,0.0,1134.0
2022-02-18 08:00:00,0.0,578.0,1699.0,0.0,375.0,0.0,0.0,0.0,1421.0,0.0,1256.0
2022-02-18 09:00:00,0.0,568.0,1549.0,0.0,321.0,0.0,0.0,0.0,2059.0,0.0,1224.0
2022-02-18 10:00:00,0.0,565.0,1421.0,0.0,124.0,0.0,0.0,0.0,2538.0,0.0,1312.0
2022-02-18 11:00:00,0.0,554.0,1327.0,0.0,31.0,0.0,0.0,0.0,2758.0,0.0,1481.0
2022-02-18 12:00:00,0.0,376.0,1078.0,0.0,19.0,0.0,0.0,0.0,2704.0,0.0,1605.0
2022-02-18 13:00:00,0.0,191.0,1063.0,0.0,10.0,0.0,0.0,0.0,2439.0,0.0,1528.0
2022-02-18 14:00:00,0.0,178.0,1420.0,0.0,26.0,0.0,0.0,0.0,1968.0,0.0,1394.0
2022-02-18 15:00:00,0.0,177.0,1994.0,0.0,235.0,0.0,0.0,0.0,1225.0,0.0,1183.0
2022-02-18 16:00:00,0.0,234.0,2431.0,0.0,375.0,0.0,0.0,0.0,322.0,0.0,1064.0
2022-02-18 17:00:00,0.0,374.0,2896.0,0.0,1155.0,0.0,0.0,0.0,2.0,0.0,926.0
2022-02-18 18:00:00,0.0,403.0,3246.0,0.0,1252.0,0.0,0.0,0.0,0.0,0.0,757.0
2022-02-18 19:00:00,0.0,404.0,3387.0,0.0,848.0,0.0,0.0,0.0,0.0,0.0,658.0
2022-02-18 20:00:00,0.0,406.0,3295.0,0.0,341.0,0.0,0.0,0.0,0.0,0.0,556.0
2022-02-18 21:00:00,0.0,398.0,3150.0,0.0,45.0,0.0,0.0,0.0,0.0,0.0,482.0
2022-02-18 22:00:00,0.0,394.0,3020.0,0.0,47.0,0.0,0.0,0.0,0.0,0.0,426.0
2022-02-18 23:00:00,0.0,395.0,2450.0,0.0,55.0,0.0,0.0,0.0,0.0,0.0,396.0
2022-02-19 00:00:00,0.0,401.0,2105.0,0.0,33.0,0.0,0.0,0.0,0.0,0.0,435.0
2022-02-19 01:00:00,0.0,397.0,1938.0,0.0,42.0,0.0,0.0,0.0,0.0,0.0,364.0
2022-02-19 02:00:00,0.0,399.0,1936.0,0.0,33.0,0.0,0.0,0.0,0.0,0.0,272.0
2022-02-19 03:00:00,0.0,399.0,1862.0,0.0,64.0,0.0,0.0,0.0,0.0,0.0,234.0
2022-02-19 04:00:00,0.0,383.0,1855.0,0.0,64.0,0.0,0.0,0.0,0.0,0.0,257.0
2022-02-19 05:00:00,0.0,382.0,1991.0,0.0,102.0,0.0,0.0,0.0,0.0,0.0,296.0
2022-02-19 06:00:00,0.0,393.0,2037.0,0.0,293.0,0.0,0.0,0.0,73.0,0.0,300.0
2022-02-19 07:00:00,0.0,402.0,2144.0,0.0,325.0,0.0,0.0,0.0,843.0,0.0,289.0
2022-02-19 08:00:00,0.0,405.0,2106.0,0.0,256.0,0.0,0.0,0.0,1713.0,0.0,302.0
2022-02-19 09:00:00,0.0,396.0,1507.0,0.0,216.0,0.0,0.0,0.0,2280.0,0.0,337.0
2022-02-19 10:00:00,0.0,381.0,1044.0,0.0,78.0,0.0,0.0,0.0,2597.0,0.0,386.0
2022-02-19 11:00:00,0.0,388.0,856.0,0.0,62.0,0.0,0.0,0.0,2722.0,0.0,452.0
2022-02-19 12:00:00,0.0,387.0,895.0,0.0,76.0,0.0,0.0,0.0,2657.0,0.0,514.0
2022-02-19 13:00:00,0.0,358.0,864.0,0.0,67.0,0.0,0.0,0.0,2418.0,0.0,624.0
2022-02-19 14:00:00,0.0,346.0,1032.0,0.0,63.0,0.0,0.0,0.0,1954.0,0.0,664.0
2022-02-19 15:00:00,0.0,346.0,1360.0,0.0,42.0,0.0,0.0,0.0,1195.0,0.0,656.0
2022-02-19 16:00:00,0.0,270.0,1852.0,0.0,299.0,0.0,0.0,0.0,274.0,0.0,789.0
2022-02-19 17:00:00,0.0,225.0,2211.0,0.0,783.0,0.0,0.0,0.0,1.0,0.0,1029.0
2022-02-19 18:00:00,0.0,216.0,2357.0,0.0,976.0,0.0,0.0,0.0,0.0,0.0,1165.0
2022-02-19 19:00:00,0.0,224.0,2465.0,0.0,607.0,0.0,0.0,0.0,0.0,0.0,1242.0
2022-02-19 20:00:00,0.0,226.0,2438.0,0.0,404.0,0.0,0.0,0.0,0.0,0.0,1374.0
2022-02-19 21:00:00,0.0,218.0,2070.0,0.0,59.0,0.0,0.0,0.0,0.0,0.0,1438.0
2022-02-19 22:00:00,0.0,211.0,1800.0,0.0,108.0,0.0,0.0,0.0,0.0,0.0,1484.0
2022-02-19 23:00:00,0.0,207.0,1576.0,0.0,51.0,0.0,0.0,0.0,0.0,0.0,1469.0
2022-02-20 00:00:00,0.0,205.0,1447.0,0.0,7.0,0.0,0.0,0.0,0.0,0.0,1459.0
2022-02-20 01:00:00,0.0,209.0,1164.0,0.0,7.0,0.0,0.0,0.0,0.0,0.0,1428.0
2022-02-20 02:00:00,0.0,209.0,1082.0,0.0,49.0,0.0,0.0,0.0,0.0,0.0,1445.0
2022-02-20 03:00:00,0.0,211.0,992.0,0.0,52.0,0.0,0.0,0.0,0.0,0.0,1361.0
2022-02-20 04:00:00,0.0,215.0,877.0,0.0,85.0,0.0,0.0,0.0,0.0,0.0,1368.0
2022-02-20 05:00:00,0.0,207.0,898.0,0.0,148.0,0.0,0.0,0.0,0.0,0.0,1320.0
2022-02-20 06:00:00,0.0,209.0,855.0,0.0,240.0,0.0,0.0,0.0,25.0,0.0,1326.0
2022-02-20 07:00:00,0.0,209.0,901.0,0.0,254.0,0.0,0.0,0.0,265.0,0.0,1375.0
2022-02-20 08:00:00,0.0,208.0,1049.0,0.0,375.0,0.0,0.0,0.0,605.0,0.0,1194.0
2022-02-20 09:00:00,0.0,275.0,1179.0,0.0,457.0,0.0,0.0,0.0,883.0,0.0,1054.0
2022-02-20 10:00:00,0.0,375.0,1250.0,0.0,256.0,0.0,0.0,0.0,1159.0,0.0,1079.0
2022-02-20 11:00:00,0.0,400.0,1088.0,0.0,197.0,0.0,0.0,0.0,1285.0,0.0,1229.0
2022-02-20 12:00:00,0.0,399.0,1205.0,0.0,301.0,0.0,0.0,0.0,1122.0,0.0,1297.0
2022-02-20 13:00:00,0.0,397.0,1308.0,0.0,126.0,0.0,0.0,0.0,893.0,0.0,1316.0
2022-02-20 14:00:00,0.0,396.0,1444.0,0.0,164.0,0.0,0.0,0.0,670.0,0.0,1284.0
2022-02-20 15:00:00,0.0,407.0,1628.0,0.0,152.0,0.0,0.0,0.0,415.0,0.0,1244.0
2022-02-20 16:00:00,0.0,413.0,1819.0,0.0,351.0,0.0,0.0,0.0,129.0,0.0,1207.0
2022-02-20 17:00:00,0.0,430.0,2240.0,0.0,676.0,0.0,0.0,0.0,1.0,0.0,1189.0
2022-02-20 18:00:00,0.0,421.0,2469.0,0.0,765.0,0.0,0.0,0.0,0.0,0.0,1143.0
2022-02-20 19:00:00,0.0,419.0,2546.0,0.0,754.0,0.0,0.0,0.0,0.0,0.0,1179.0
2022-02-20 20:00:00,0.0,426.0,2343.0,0.0,423.0,0.0,0.0,0.0,0.0,0.0,1135.0
2022-02-20 21:00:00,0.0,423.0,2338.0,0.0,92.0,0.0,0.0,0.0,0.0,0.0,1066.0
2022-02-20 22:00:00,0.0,424.0,2190.0,0.0,96.0,0.0,0.0,0.0,0.0,0.0,899.0
2022-02-20 23:00:00,0.0,411.0,1870.0,0.0,37.0,0.0,0.0,0.0,0.0,0.0,751.0
2022-02-21 00:00:00,0.0,411.0,1798.0,0.0,50.0,0.0,0.0,0.0,0.0,0.0,659.0
2022-02-21 01:00:00,0.0,421.0,1482.0,0.0,60.0,0.0,0.0,0.0,0.0,0.0,585.0
2022-02-21 02:00:00,0.0,435.0,1459.0,0.0,63.0,0.0,0.0,0.0,0.0,0.0,541.0
2022-02-21 03:00:00,0.0,422.0,1337.0,0.0,189.0,0.0,0.0,0.0,0.0,0.0,402.0
2022-02-21 04:00:00,0.0,425.0,1262.0,0.0,112.0,0.0,0.0,0.0,0.0,0.0,381.0
2022-02-21 05:00:00,0.0,408.0,1513.0,0.0,406.0,0.0,0.0,0.0,0.0,0.0,420.0
2022-02-21 06:00:00,0.0,406.0,2020.0,0.0,489.0,0.0,0.0,0.0,69.0,0.0,426.0
2022-02-21 07:00:00,0.0,430.0,2123.0,0.0,500.0,0.0,0.0,0.0,664.0,0.0,421.0
2022-02-21 08:00:00,0.0,468.0,2095.0,0.0,371.0,0.0,0.0,0.0,1400.0,0.0,421.0
2022-02-21 09:00:00,0.0,470.0,1880.0,0.0,252.0,0.0,0.0,0.0,1947.0,0.0,408.0
2022-02-21 10:00:00,0.0,415.0,1620.0,0.0,157.0,0.0,0.0,0.0,2277.0,0.0,445.0
2022-02-21 11:00:00,0.0,413.0,1393.0,0.0,72.0,0.0,0.0,0.0,2379.0,0.0,546.0
2022-02-21 12:00:00,0.0,417.0,1277.0,0.0,84.0,0.0,0.0,0.0,2308.0,0.0,690.0
2022-02-21 13:00:00,0.0,418.0,1277.0,0.0,96.0,0.0,0.0,0.0,2048.0,0.0,881.0
2022-02-21 14:00:00,0.0,421.0,1491.0,0.0,89.0,0.0,0.0,0.0,1648.0,0.0,976.0
2022-02-21 15:00:00,0.0,424.0,1752.0,0.0,99.0,0.0,0.0,0.0,981.0,0.0,1070.0
2022-02-21 16:00:00,0.0,424.0,2068.0,0.0,260.0,0.0,0.0,0.0,246.0,0.0,1172.0
2022-02-21 17:00:00,0.0,429.0,2280.0,0.0,818.0,0.0,0.0,0.0,2.0,0.0,1329.0
2022-02-21 18:00:00,0.0,427.0,2149.0,0.0,916.0,0.0,0.0,0.0,0.0,0.0,1496.0
2022-02-21 19:00:00,0.0,427.0,2165.0,0.0,765.0,0.0,0.0,0.0,0.0,0.0,1569.0
2022-02-21 20:00:00,0.0,426.0,1883.0,0.0,376.0,0.0,0.0,0.0,0.0,0.0,1592.0
2022-02-21 21:00:00,0.0,424.0,1554.0,0.0,75.0,0.0,0.0,0.0,0.0,0.0,1639.0
2022-02-21 22:00:00,0.0,423.0,1410.0,0.0,126.0,0.0,0.0,0.0,0.0,0.0,1580.0
2022-02-21 23:00:00,0.0,406.0,1144.0,0.0,115.0,0.0,0.0,0.0,0.0,0.0,1476.0
2022-02-22 00:00:00,0.0,423.0,1130.0,0.0,34.0,0.0,0.0,0.0,0.0,0.0,1382.0
2022-02-22 01:00:00,0.0,430.0,1092.0,0.0,34.0,0.0,0.0,0.0,0.0,0.0,1447.0
2022-02-22 02:00:00,0.0,427.0,956.0,0.0,34.0,0.0,0.0,0.0,0.0,0.0,1493.0
2022-02-22 03:00:00,0.0,421.0,916.0,0.0,34.0,0.0,0.0,0.0,0.0,0.0,1657.0
2022-02-22 04:00:00,0.0,420.0,957.0,0.0,35.0,0.0,0.0,0.0,0.0,0.0,1614.0
2022-02-22 05:00:00,0.0,485.0,1252.0,0.0,109.0,0.0,0.0,0.0,0.0,0.0,1355.0
2022-02-22 06:00:00,0.0,555.0,1571.0,0.0,330.0,0.0,0.0,0.0,67.0,0.0,1227.0
2022-02-22 07:00:00,0.0,577.0,1700.0,0.0,535.0,0.0,0.0,0.0,509.0,0.0,1120.0
2022-02-22 08:00:00,0.0,590.0,2000.0,0.0,632.0,0.0,0.0,0.0,969.0,0.0,1032.0
2022-02-22 09:00:00,0.0,592.0,1641.0,0.0,465.0,0.0,0.0,0.0,1335.0,0.0,1047.0
2022-02-22 10:00:00,0.0,582.0,1517.0,0.0,242.0,0.0,0.0,0.0,1571.0,0.0,1036.0
2022-02-22 11:00:00,0.0,558.0,1554.0,0.0,279.0,0.0,0.0,0.0,1536.0,0.0,1080.0
2022-02-22 12:00:00,0.0,564.0,1577.0,0.0,312.0,0.0,0.0,0.0,1401.0,0.0,958.0
2022-02-22 13:00:00,0.0,533.0,1564.0,0.0,407.0,0.0,0.0,0.0,1176.0,0.0,1040.0
2022-02-22 14:00:00,0.0,379.0,1678.0,0.0,310.0,0.0,0.0,0.0,727.0,0.0,1150.0
2022-02-22 15:00:00,0.0,381.0,1735.0,0.0,215.0,0.0,0.0,0.0,378.0,0.0,1139.0
2022-02-22 16:00:00,0.0,434.0,2005.0,0.0,326.0,0.0,0.0,0.0,110.0,0.0,1079.0
2022-02-22 17:00:00,0.0,610.0,2107.0,0.0,747.0,0.0,0.0,0.0,2.0,0.0,1042.0
2022-02-22 18:00:00,0.0,659.0,2497.0,0.0,975.0,0.0,0.0,0.0,0.0,0.0,840.0
2022-02-22 19:00:00,0.0,655.0,2590.0,0.0,786.0,0.0,0.0,0.0,0.0,0.0,671.0
2022-02-22 20:00:00,0.0,647.0,2383.0,0.0,463.0,0.0,0.0,0.0,0.0,0.0,673.0
2022-02-22 21:00:00,0.0,634.0,2279.0,0.0,152.0,0.0,0.0,0.0,0.0,0.0,702.0
2022-02-22 22:00:00,0.0,616.0,1911.0,0.0,145.0,0.0,0.0,0.0,0.0,0.0,776.0
2022-02-22 23:00:00,0.0,621.0,1451.0,0.0,57.0,0.0,0.0,0.0,0.0,0.0,872.0
2022-02-23 00:00:00,0.0,622.0,1369.0,0.0,36.0,0.0,0.0,0.0,0.0,0.0,1006.0
2022-02-23 01:00:00,0.0,633.0,1263.0,0.0,36.0,0.0,0.0,0.0,0.0,0.0,1075.0
2022-02-23 02:00:00,0.0,626.0,1238.0,0.0,36.0,0.0,0.0,0.0,0.0,0.0,1222.0
2022-02-23 03:00:00,0.0,619.0,1203.0,0.0,36.0,0.0,0.0,0.0,0.0,0.0,1351.0
2022-02-23 04:00:00,0.0,612.0,1169.0,0.0,37.0,0.0,0.0,0.0,0.0,0.0,1524.0
2022-02-23 05:00:00,0.0,618.0,1120.0,0.0,112.0,0.0,0.0,0.0,0.0,0.0,1758.0
2022-02-23 06:00:00,0.0,648.0,1327.0,0.0,208.0,0.0,0.0,0.0,16.0,0.0,1917.0
2022-02-23 07:00:00,0.0,655.0,1614.0,0.0,407.0,0.0,0.0,0.0,187.0,0.0,1988.0
2022-02-23 08:00:00,0.0,653.0,1465.0,0.0,512.0,0.0,0.0,0.0,491.0,0.0,2166.0
2022-02-23 09:00:00,0.0,643.0,1278.0,0.0,343.0,0.0,0.0,0.0,835.0,0.0,2168.0
2022-02-23 10:00:00,0.0,549.0,1102.0,0.0,253.0,0.0,0.0,0.0,1222.0,0.0,2130.0
2022-02-23 11:00:00,0.0,353.0,1066.0,0.0,51.0,0.0,0.0,0.0,1456.0,0.0,2242.0
2022-02-23 12:00:00,0.0,356.0,1067.0,0.0,20.0,0.0,0.0,0.0,1385.0,0.0,2319.0
2022-02-23 13:00:00,0.0,358.0,1142.0,0.0,20.0,0.0,0.0,0.0,1225.0,0.0,2483.0
2022-02-23 14:00:00,0.0,356.0,1118.0,0.0,33.0,0.0,0.0,0.0,913.0,0.0,2564.0
2022-02-23 15:00:00,0.0,353.0,1373.0,0.0,9.0,0.0,0.0,0.0,494.0,0.0,2588.0
2022-02-23 16:00:00,0.0,380.0,1643.0,0.0,342.0,0.0,0.0,0.0,142.0,0.0,2635.0
2022-02-23 17:00:00,0.0,418.0,2038.0,0.0,777.0,0.0,0.0,0.0,2.0,0.0,2672.0
2022-02-23 18:00:00,0.0,447.0,2344.0,0.0,943.0,0.0,0.0,0.0,0.0,0.0,2692.0
2022-02-23 19:00:00,0.0,449.0,2330.0,0.0,836.0,0.0,0.0,0.0,0.0,0.0,2679.0
2022-02-23 20:00:00,0.0,431.0,2255.0,0.0,419.0,0.0,0.0,0.0,0.0,0.0,2689.0
2022-02-23 21:00:00,0.0,413.0,1714.0,0.0,278.0,0.0,0.0,0.0,0.0,0.0,2681.0
2022-02-23 22:00:00,0.0,399.0,1579.0,0.0,183.0,0.0,0.0,0.0,0.0,0.0,2639.0
2022-02-23 23:00:00,0.0,394.0,1251.0,0.0,85.0,0.0,0.0,0.0,0.0,0.0,2594.0
2022-02-24 00:00:00,0.0,385.0,1057.0,0.0,34.0,0.0,0.0,0.0,0.0,0.0,2540.0
2022-02-24 01:00:00,0.0,383.0,660.0,0.0,41.0,0.0,0.0,0.0,0.0,0.0,2494.0
2022-02-24 02:00:00,0.0,382.0,601.0,0.0,33.0,0.0,0.0,0.0,0.0,0.0,2467.0
2022-02-24 03:00:00,0.0,383.0,613.0,0.0,33.0,0.0,0.0,0.0,0.0,0.0,2410.0
2022-02-24 04:00:00,0.0,384.0,596.0,0.0,43.0,0.0,0.0,0.0,0.0,0.0,2462.0
2022-02-24 05:00:00,0.0,393.0,805.0,0.0,116.0,0.0,0.0,0.0,0.0,0.0,2459.0
2022-02-24 06:00:00,0.0,408.0,1122.0,0.0,320.0,0.0,0.0,0.0,96.0,0.0,2442.0
2022-02-24 07:00:00,0.0,419.0,1343.0,0.0,370.0,0.0,0.0,0.0,789.0,0.0,2426.0
2022-02-24 08:00:00,0.0,431.0,1228.0,0.0,319.0,0.0,0.0,0.0,1625.0,0.0,2466.0
2022-02-24 09:00:00,0.0,409.0,1247.0,0.0,93.0,0.0,0.0,0.0,2238.0,0.0,2562.0
2022-02-24 10:00:00,0.0,377.0,1233.0,0.0,47.0,0.0,0.0,0.0,2434.0,0.0,2633.0
2022-02-24 11:00:00,0.0,375.0,1040.0,0.0,28.0,0.0,0.0,0.0,2531.0,0.0,2657.0
2022-02-24 12:00:00,0.0,375.0,1021.0,0.0,74.0,0.0,0.0,0.0,2499.0,0.0,2685.0
2022-02-24 13:00:00,0.0,373.0,1026.0,0.0,24.0,0.0,0.0,0.0,2310.0,0.0,2699.0
2022-02-24 14:00:00,0.0,379.0,1158.0,0.0,7.0,0.0,0.0,0.0,1912.0,0.0,2625.0
2022-02-24 15:00:00,0.0,381.0,1368.0,0.0,42.0,0.0,0.0,0.0,1229.0,0.0,2588.0
2022-02-24 16:00:00,0.0,391.0,2246.0,0.0,371.0,0.0,0.0,0.0,382.0,0.0,2518.0
2022-02-24 17:00:00,0.0,402.0,2724.0,0.0,903.0,0.0,0.0,0.0,6.0,0.0,2452.0
2022-02-24 18:00:00,0.0,403.0,3045.0,0.0,973.0,0.0,0.0,0.0,0.0,0.0,2354.0
2022-02-24 19:00:00,0.0,394.0,2929.0,0.0,933.0,0.0,0.0,0.0,0.0,0.0,2277.0
2022-02-24 20:00:00,0.0,398.0,2664.0,0.0,627.0,0.0,0.0,0.0,0.0,0.0,2231.0
2022-02-24 21:00:00,0.0,400.0,2543.0,0.0,120.0,0.0,0.0,0.0,0.0,0.0,2153.0
2022-02-24 22:00:00,0.0,380.0,2378.0,0.0,46.0,0.0,0.0,0.0,0.0,0.0,2037.0
2022-02-24 23:00:00,0.0,371.0,1992.0,0.0,32.0,0.0,0.0,0.0,0.0,0.0,1937.0
2022-02-25 00:00:00,0.0,387.0,1851.0,0.0,7.0,0.0,0.0,0.0,0.0,0.0,1809.0
2022-02-25 01:00:00,0.0,387.0,1549.0,0.0,7.0,0.0,0.0,0.0,0.0,0.0,1794.0
2022-02-25 02:00:00,0.0,384.0,1483.0,0.0,7.0,0.0,0.0,0.0,0.0,0.0,1767.0
2022-02-25 03:00:00,0.0,377.0,1487.0,0.0,7.0,0.0,0.0,0.0,0.0,0.0,1633.0
2022-02-25 04:00:00,0.0,381.0,1787.0,0.0,9.0,0.0,0.0,0.0,0.0,0.0,1481.0
2022-02-25 05:00:00,0.0,392.0,2186.0,0.0,235.0,0.0,0.0,0.0,0.0,0.0,1385.0
2022-02-25 06:00:00,0.0,410.0,2976.0,0.0,551.0,0.0,0.0,0.0,121.0,0.0,1170.0
2022-02-25 07:00:00,0.0,413.0,3049.0,0.0,590.0,0.0,0.0,0.0,962.0,0.0,963.0
2022-02-25 08:00:00,0.0,425.0,2863.0,0.0,500.0,0.0,0.0,0.0,1757.0,0.0,843.0
2022-02-25 09:00:00,0.0,406.0,2417.0,0.0,169.0,0.0,0.0,0.0,2344.0,0.0,753.0
2022-02-25 10:00:00,0.0,370.0,2362.0,0.0,65.0,0.0,0.0,0.0,2691.0,0.0,644.0
2022-02-25 11:00:00,0.0,366.0,2274.0,0.0,66.0,0.0,0.0,0.0,2836.0,0.0,541.0
2022-02-25 12:00:00,0.0,365.0,2333.0,0.0,74.0,0.0,0.0,0.0,2781.0,0.0,461.0
2022-02-25 13:00:00,0.0,366.0,2317.0,0.0,63.0,0.0,0.0,0.0,2525.0,0.0,411.0
2022-02-25 14:00:00,0.0,366.0,2465.0,0.0,66.0,0.0,0.0,0.0,2061.0,0.0,323.0
2022-02-25 15:00:00,0.0,367.0,2998.0,0.0,247.0,0.0,0.0,0.0,1326.0,0.0,297.0
2022-02-25 16:00:00,0.0,371.0,3511.0,0.0,652.0,0.0,0.0,0.0,405.0,0.0,319.0
2022-02-25 17:00:00,0.0,389.0,3850.0,0.0,1122.0,0.0,0.0,0.0,6.0,0.0,332.0
2022-02-25 18:00:00,0.0,396.0,3841.0,0.0,1148.0,0.0,0.0,0.0,0.0,0.0,372.0
2022-02-25 19:00:00,0.0,396.0,3690.0,0.0,959.0,0.0,0.0,0.0,0.0,0.0,362.0
2022-02-25 20:00:00,0.0,399.0,3454.0,0.0,872.0,0.0,0.0,0.0,0.0,0.0,303.0
2022-02-25 21:00:00,0.0,398.0,3431.0,0.0,651.0,0.0,0.0,0.0,0.0,0.0,307.0
2022-02-25 22:00:00,0.0,382.0,3354.0,0.0,555.0,0.0,0.0,0.0,0.0,0.0,265.0
2022-02-25 23:00:00,0.0,377.0,3343.0,0.0,455.0,0.0,0.0,0.0,0.0,0.0,218.0
2022-02-26 00:00:00,0.0,376.0,3202.0,0.0,111.0,0.0,0.0,0.0,0.0,0.0,222.0
2022-02-26 01:00:00,0.0,376.0,3068.0,0.0,109.0,0.0,0.0,0.0,0.0,0.0,204.0
2022-02-26 02:00:00,0.0,377.0,2812.0,0.0,105.0,0.0,0.0,0.0,0.0,0.0,158.0
2022-02-26 03:00:00,0.0,375.0,2804.0,0.0,100.0,0.0,0.0,0.0,0.0,0.0,127.0
2022-02-26 04:00:00,0.0,377.0,2885.0,0.0,55.0,0.0,0.0,0.0,0.0,0.0,131.0
2022-02-26 05:00:00,0.0,379.0,2950.0,0.0,272.0,0.0,0.0,0.0,0.0,0.0,118.0
2022-02-26 06:00:00,0.0,380.0,2909.0,0.0,612.0,0.0,0.0,0.0,107.0,0.0,99.0
2022-02-26 07:00:00,0.0,377.0,2953.0,0.0,675.0,0.0,0.0,0.0,746.0,0.0,74.0
2022-02-26 08:00:00,0.0,377.0,2961.0,0.0,490.0,0.0,0.0,0.0,1473.0,0.0,81.0
2022-02-26 09:00:00,0.0,376.0,2752.0,0.0,250.0,0.0,0.0,0.0,2060.0,0.0,74.0
2022-02-26 10:00:00,0.0,375.0,2709.0,0.0,106.0,0.0,0.0,0.0,2297.0,0.0,98.0
2022-02-26 11:00:00,0.0,374.0,2801.0,0.0,102.0,0.0,0.0,0.0,2210.0,0.0,136.0
2022-02-26 12:00:00,0.0,375.0,3055.0,0.0,75.0,0.0,0.0,0.0,1961.0,0.0,172.0
2022-02-26 13:00:00,0.0,376.0,3180.0,0.0,66.0,0.0,0.0,0.0,1552.0,0.0,210.0
2022-02-26 14:00:00,0.0,377.0,3372.0,0.0,79.0,0.0,0.0,0.0,1003.0,0.0,258.0
2022-02-26 15:00:00,0.0,374.0,3537.0,0.0,243.0,0.0,0.0,0.0,517.0,0.0,312.0
2022-02-26 16:00:00,0.0,387.0,3821.0,0.0,611.0,0.0,0.0,0.0,132.0,0.0,395.0
2022-02-26 17:00:00,0.0,405.0,3894.0,0.0,955.0,0.0,0.0,0.0,2.0,0.0,480.0
2022-02-26 18:00:00,0.0,405.0,3840.0,0.0,968.0,0.0,0.0,0.0,0.0,0.0,598.0
2022-02-26 19:00:00,0.0,402.0,3792.0,0.0,731.0,0.0,0.0,0.0,0.0,0.0,721.0
2022-02-26 20:00:00,0.0,393.0,3745.0,0.0,539.0,0.0,0.0,0.0,0.0,0.0,851.0
2022-02-26 21:00:00,0.0,394.0,3597.0,0.0,266.0,0.0,0.0,0.0,0.0,0.0,965.0
2022-02-26 22:00:00,0.0,381.0,3159.0,0.0,165.0,0.0,0.0,0.0,0.0,0.0,1039.0
2022-02-26 23:00:00,0.0,366.0,2659.0,0.0,52.0,0.0,0.0,0.0,0.0,0.0,1103.0
2022-02-27 00:00:00,0.0,364.0,1812.0,0.0,21.0,0.0,0.0,0.0,0.0,0.0,1245.0
2022-02-27 01:00:00,0.0,366.0,1170.0,0.0,36.0,0.0,0.0,0.0,0.0,0.0,1429.0
2022-02-27 02:00:00,0.0,365.0,1084.0,0.0,48.0,0.0,0.0,0.0,0.0,0.0,1620.0
2022-02-27 03:00:00,0.0,367.0,982.0,0.0,46.0,0.0,0.0,0.0,0.0,0.0,1880.0
2022-02-27 04:00:00,0.0,368.0,923.0,0.0,36.0,0.0,0.0,0.0,0.0,0.0,2017.0
2022-02-27 05:00:00,0.0,366.0,905.0,0.0,61.0,0.0,0.0,0.0,0.0,0.0,2330.0
2022-02-27 06:00:00,0.0,364.0,1022.0,0.0,45.0,0.0,0.0,0.0,11.0,0.0,2393.0
2022-02-27 07:00:00,0.0,364.0,1123.0,0.0,250.0,0.0,0.0,0.0,100.0,0.0,2494.0
2022-02-27 08:00:00,0.0,365.0,927.0,0.0,298.0,0.0,0.0,0.0,248.0,0.0,2735.0
2022-02-27 09:00:00,0.0,364.0,1114.0,0.0,126.0,0.0,0.0,0.0,448.0,0.0,2765.0
2022-02-27 10:00:00,0.0,366.0,1204.0,0.0,76.0,0.0,0.0,0.0,739.0,0.0,2585.0
2022-02-27 11:00:00,0.0,368.0,1269.0,0.0,120.0,0.0,0.0,0.0,1023.0,0.0,2397.0
2022-02-27 12:00:00,0.0,370.0,1162.0,0.0,204.0,0.0,0.0,0.0,1228.0,0.0,2333.0
2022-02-27 13:00:00,0.0,366.0,922.0,0.0,320.0,0.0,0.0,0.0,1111.0,0.0,2229.0
2022-02-27 14:00:00,0.0,364.0,1013.0,0.0,107.0,0.0,0.0,0.0,821.0,0.0,2026.0
2022-02-27 15:00:00,0.0,360.0,1458.0,0.0,128.0,0.0,0.0,0.0,416.0,0.0,1677.0
2022-02-27 16:00:00,0.0,370.0,1977.0,0.0,261.0,0.0,0.0,0.0,123.0,0.0,1430.0
2022-02-27 17:00:00,0.0,376.0,2674.0,0.0,790.0,0.0,0.0,0.0,3.0,0.0,1260.0
2022-02-27 18:00:00,0.0,377.0,2998.0,0.0,1052.0,0.0,0.0,0.0,0.0,0.0,1062.0
2022-02-27 19:00:00,0.0,372.0,3082.0,0.0,899.0,0.0,0.0,0.0,0.0,0.0,933.0
2022-02-27 20:00:00,0.0,381.0,3133.0,0.0,686.0,0.0,0.0,0.0,0.0,0.0,797.0
2022-02-27 21:00:00,0.0,380.0,3098.0,0.0,403.0,0.0,0.0,0.0,0.0,0.0,762.0
2022-02-27 22:00:00,0.0,373.0,3191.0,0.0,130.0,0.0,0.0,0.0,0.0,0.0,745.0
2022-02-27 23:00:00,0.0,362.0,2919.0,0.0,83.0,0.0,0.0,0.0,0.0,0.0,731.0
2022-02-28 00:00:00,0.0,360.0,2870.0,0.0,62.0,0.0,0.0,0.0,0.0,0.0,696.0
2022-02-28 01:00:00,0.0,359.0,2815.0,0.0,61.0,0.0,0.0,0.0,0.0,0.0,634.0
2022-02-28 02:00:00,0.0,360.0,2629.0,0.0,59.0,0.0,0.0,0.0,0.0,0.0,646.0
2022-02-28 03:00:00,0.0,359.0,2658.0,0.0,62.0,0.0,0.0,0.0,0.0,0.0,686.0
2022-02-28 04:00:00,0.0,360.0,2730.0,0.0,49.0,0.0,0.0,0.0,0.0,0.0,719.0
2022-02-28 05:00:00,0.0,358.0,3257.0,0.0,103.0,0.0,0.0,0.0,0.0,0.0,701.0
2022-02-28 06:00:00,0.0,360.0,3620.0,0.0,533.0,0.0,0.0,0.0,42.0,0.0,709.0
2022-02-28 07:00:00,0.0,383.0,4039.0,0.0,841.0,0.0,0.0,0.0,280.0,0.0,654.0
2022-02-28 08:00:00,0.0,412.0,3972.0,0.0,707.0,0.0,0.0,0.0,602.0,0.0,598.0
2022-02-28 09:00:00,0.0,411.0,3952.0,0.0,532.0,0.0,0.0,0.0,977.0,0.0,537.0
2022-02-28 10:00:00,0.0,387.0,3878.0,0.0,265.0,0.0,0.0,0.0,1233.0,0.0,514.0
2022-02-28 11:00:00,0.0,377.0,3876.0,0.0,241.0,0.0,0.0,0.0,1208.0,0.0,581.0
2022-02-28 12:00:00,0.0,380.0,3918.0,0.0,343.0,0.0,0.0,0.0,1057.0,0.0,628.0
2022-02-28 13:00:00,0.0,381.0,4052.0,0.0,473.0,0.0,0.0,0.0,821.0,0.0,641.0
2022-02-28 14:00:00,0.0,381.0,4137.0,0.0,407.0,0.0,0.0,0.0,625.0,0.0,678.0
2022-02-28 15:00:00,0.0,431.0,4193.0,0.0,404.0,0.0,0.0,0.0,350.0,0.0,731.0
2022-02-28 16:00:00,0.0,498.0,4198.0,0.0,615.0,0.0,0.0,0.0,96.0,0.0,762.0
2022-02-28 17:00:00,0.0,587.0,4199.0,0.0,1149.0,0.0,0.0,0.0,2.0,0.0,820.0
2022-02-28 18:00:00,0.0,643.0,4200.0,0.0,1288.0,0.0,0.0,0.0,0.0,0.0,910.0
2022-02-28 19:00:00,0.0,669.0,4156.0,0.0,1109.0,0.0,0.0,0.0,0.0,0.0,909.0
2022-02-28 20:00:00,0.0,643.0,4007.0,0.0,876.0,0.0,0.0,0.0,0.0,0.0,921.0
2022-02-28 21:00:00,0.0,631.0,3487.0,0.0,507.0,0.0,0.0,0.0,0.0,0.0,932.0
2022-02-28 22:00:00,0.0,642.0,3455.0,0.0,337.0,0.0,0.0,0.0,0.0,0.0,849.0
2022-02-28 23:00:00,0.0,645.0,3186.0,0.0,111.0,0.0,0.0,0.0,0.0,0.0,784.0
2022-03-01 00:00:00,0.0,551.0,2965.0,0.0,37.0,0.0,0.0,0.0,0.0,0.0,715.0
2022-03-01 01:00:00,0.0,398.0,2988.0,0.0,37.0,0.0,0.0,0.0,0.0,0.0,675.0
2022-03-01 02:00:00,0.0,390.0,2793.0,0.0,37.0,0.0,0.0,0.0,0.0,0.0,693.0
2022-03-01 03:00:00,0.0,383.0,2692.0,0.0,37.0,0.0,0.0,0.0,0.0,0.0,745.0
2022-03-01 04:00:00,0.0,382.0,2873.0,0.0,37.0,0.0,0.0,0.0,0.0,0.0,705.0
2022-03-01 05:00:00,0.0,380.0,3268.0,0.0,209.0,0.0,0.0,0.0,0.0,0.0,708.0
2022-03-01 06:00:00,0.0,396.0,3449.0,0.0,940.0,0.0,0.0,0.0,35.0,0.0,765.0
2022-03-01 07:00:00,0.0,404.0,3775.0,0.0,1197.0,0.0,0.0,0.0,225.0,0.0,727.0
2022-03-01 08:00:00,0.0,400.0,3826.0,0.0,1388.0,0.0,0.0,0.0,503.0,0.0,721.0
2022-03-01 09:00:00,0.0,403.0,3816.0,0.0,1312.0,0.0,0.0,0.0,758.0,0.0,669.0
2022-03-01 10:00:00,0.0,411.0,3787.0,0.0,919.0,0.0,0.0,0.0,971.0,0.0,606.0
2022-03-01 11:00:00,0.0,410.0,3804.0,0.0,811.0,0.0,0.0,0.0,1018.0,0.0,670.0
2022-03-01 12:00:00,0.0,383.0,3802.0,0.0,847.0,0.0,0.0,0.0,989.0,0.0,738.0
2022-03-01 13:00:00,0.0,360.0,3809.0,0.0,868.0,0.0,0.0,0.0,855.0,0.0,799.0
2022-03-01 14:00:00,0.0,373.0,3952.0,0.0,1016.0,0.0,0.0,0.0,639.0,0.0,875.0
2022-03-01 15:00:00,0.0,406.0,4062.0,0.0,1070.0,0.0,0.0,0.0,355.0,0.0,981.0
2022-03-01 16:00:00,0.0,408.0,4129.0,0.0,1051.0,0.0,0.0,0.0,101.0,0.0,1070.0
2022-03-01 17:00:00,0.0,415.0,4200.0,0.0,1300.0,0.0,0.0,0.0,2.0,0.0,1073.0
2022-03-01 18:00:00,0.0,433.0,4298.0,0.0,1190.0,0.0,0.0,0.0,0.0,0.0,1203.0
2022-03-01 19:00:00,0.0,475.0,4257.0,0.0,896.0,0.0,0.0,0.0,0.0,0.0,1322.0
2022-03-01 20:00:00,0.0,536.0,3977.0,0.0,564.0,0.0,0.0,0.0,0.0,0.0,1439.0
2022-03-01 21:00:00,0.0,540.0,3700.0,0.0,424.0,0.0,0.0,0.0,0.0,0.0,1557.0
2022-03-01 22:00:00,0.0,549.0,3531.0,0.0,302.0,0.0,0.0,0.0,0.0,0.0,1558.0
2022-03-01 23:00:00,0.0,548.0,3451.0,0.0,230.0,0.0,0.0,0.0,0.0,0.0,1639.0
2022-03-02 00:00:00,0.0,548.0,3026.0,0.0,7.0,0.0,0.0,0.0,0.0,0.0,1748.0
2022-03-02 01:00:00,0.0,548.0,2501.0,0.0,7.0,0.0,0.0,0.0,0.0,0.0,1906.0
2022-03-02 02:00:00,0.0,544.0,2278.0,0.0,7.0,0.0,0.0,0.0,0.0,0.0,2059.0
2022-03-02 03:00:00,0.0,546.0,2162.0,0.0,7.0,0.0,0.0,0.0,0.0,0.0,2253.0
2022-03-02 04:00:00,0.0,545.0,2479.0,0.0,10.0,0.0,0.0,0.0,0.0,0.0,2328.0
2022-03-02 05:00:00,0.0,549.0,3041.0,0.0,192.0,0.0,0.0,0.0,0.0,0.0,2369.0
2022-03-02 06:00:00,0.0,553.0,3556.0,0.0,678.0,0.0,0.0,0.0,52.0,0.0,2352.0
2022-03-02 07:00:00,0.0,595.0,3812.0,0.0,866.0,0.0,0.0,0.0,319.0,0.0,2353.0
2022-03-02 08:00:00,0.0,616.0,3825.0,0.0,787.0,0.0,0.0,0.0,694.0,0.0,2351.0
2022-03-02 09:00:00,0.0,602.0,3891.0,0.0,399.0,0.0,0.0,0.0,1066.0,0.0,2314.0
2022-03-02 10:00:00,0.0,577.0,3723.0,0.0,279.0,0.0,0.0,0.0,1391.0,0.0,2247.0
2022-03-02 11:00:00,0.0,556.0,3422.0,0.0,214.0,0.0,0.0,0.0,1563.0,0.0,2233.0
2022-03-02 12:00:00,0.0,549.0,3458.0,0.0,181.0,0.0,0.0,0.0,1547.0,0.0,2082.0
2022-03-02 13:00:00,0.0,570.0,3451.0,0.0,164.0,0.0,0.0,0.0,1392.0,0.0,2016.0
2022-03-02 14:00:00,0.0,577.0,3654.0,0.0,232.0,0.0,0.0,0.0,1103.0,0.0,2003.0
2022-03-02 15:00:00,0.0,598.0,3998.0,0.0,371.0,0.0,0.0,0.0,695.0,0.0,1872.0
2022-03-02 16:00:00,0.0,619.0,4043.0,0.0,612.0,0.0,0.0,0.0,235.0,0.0,1844.0
2022-03-02 17:00:00,0.0,627.0,4226.0,0.0,990.0,0.0,0.0,0.0,8.0,0.0,1830.0
2022-03-02 18:00:00,0.0,691.0,4359.0,0.0,1144.0,0.0,0.0,0.0,0.0,0.0,1843.0
2022-03-02 19:00:00,0.0,739.0,4413.0,0.0,1214.0,0.0,0.0,0.0,0.0,0.0,1814.0
2022-03-02 20:00:00,0.0,740.0,4037.0,0.0,603.0,0.0,0.0,0.0,0.0,0.0,1720.0
2022-03-02 21:00:00,0.0,712.0,3913.0,0.0,227.0,0.0,0.0,0.0,0.0,0.0,1604.0
2022-03-02 22:00:00,0.0,718.0,3943.0,0.0,146.0,0.0,0.0,0.0,0.0,0.0,1439.0
2022-03-02 23:00:00,0.0,712.0,3796.0,0.0,65.0,0.0,0.0,0.0,0.0,0.0,1213.0
2022-03-03 00:00:00,0.0,713.0,3181.0,0.0,7.0,0.0,0.0,0.0,0.0,0.0,1040.0
2022-03-03 01:00:00,0.0,717.0,3138.0,0.0,7.0,0.0,0.0,0.0,0.0,0.0,933.0
2022-03-03 02:00:00,0.0,716.0,2912.0,0.0,7.0,0.0,0.0,0.0,0.0,0.0,1003.0
2022-03-03 03:00:00,0.0,765.0,2788.0,0.0,7.0,0.0,0.0,0.0,0.0,0.0,1025.0
2022-03-03 04:00:00,0.0,881.0,2891.0,0.0,8.0,0.0,0.0,0.0,0.0,0.0,962.0
2022-03-03 05:00:00,0.0,872.0,3408.0,0.0,248.0,0.0,0.0,0.0,0.0,0.0,834.0
2022-03-03 06:00:00,0.0,783.0,3937.0,0.0,705.0,0.0,0.0,0.0,194.0,0.0,718.0
2022-03-03 07:00:00,0.0,815.0,3744.0,0.0,752.0,0.0,0.0,0.0,1034.0,0.0,753.0
2022-03-03 08:00:00,0.0,802.0,3504.0,0.0,729.0,0.0,0.0,0.0,1885.0,0.0,763.0
2022-03-03 09:00:00,0.0,796.0,3329.0,0.0,364.0,0.0,0.0,0.0,2471.0,0.0,648.0
2022-03-03 10:00:00,0.0,798.0,3330.0,0.0,200.0,0.0,0.0,0.0,2808.0,0.0,535.0
2022-03-03 11:00:00,0.0,790.0,3372.0,0.0,117.0,0.0,0.0,0.0,2848.0,0.0,502.0
2022-03-03 12:00:00,0.0,783.0,3466.0,0.0,135.0,0.0,0.0,0.0,2673.0,0.0,415.0
2022-03-03 13:00:00,0.0,804.0,3514.0,0.0,236.0,0.0,0.0,0.0,2377.0,0.0,368.0
2022-03-03 14:00:00,0.0,801.0,3776.0,0.0,469.0,0.0,0.0,0.0,1887.0,0.0,436.0
2022-03-03 15:00:00,0.0,816.0,4022.0,0.0,687.0,0.0,0.0,0.0,1232.0,0.0,466.0
2022-03-03 16:00:00,0.0,823.0,4178.0,0.0,1007.0,0.0,0.0,0.0,389.0,0.0,488.0
2022-03-03 17:00:00,0.0,891.0,4357.0,0.0,1291.0,0.0,0.0,0.0,8.0,0.0,488.0
2022-03-03 18:00:00,0.0,973.0,4551.0,0.0,1256.0,0.0,0.0,0.0,0.0,0.0,539.0
2022-03-03 19:00:00,0.0,1012.0,4527.0,0.0,956.0,0.0,0.0,0.0,0.0,0.0,489.0
2022-03-03 20:00:00,0.0,1016.0,4496.0,0.0,722.0,0.0,0.0,0.0,0.0,0.0,415.0
2022-03-03 21:00:00,0.0,1103.0,4194.0,0.0,688.0,0.0,0.0,0.0,0.0,0.0,376.0
2022-03-03 22:00:00,0.0,1091.0,4093.0,0.0,711.0,0.0,0.0,0.0,0.0,0.0,345.0
2022-03-03 23:00:00,0.0,1121.0,4039.0,0.0,566.0,0.0,0.0,0.0,0.0,0.0,303.0
2022-03-04 00:00:00,0.0,1181.0,4131.0,0.0,63.0,0.0,0.0,0.0,0.0,0.0,343.0
2022-03-04 01:00:00,0.0,1139.0,4019.0,0.0,66.0,0.0,0.0,0.0,0.0,0.0,422.0
2022-03-04 02:00:00,0.0,1135.0,3944.0,0.0,56.0,0.0,0.0,0.0,0.0,0.0,423.0
2022-03-04 03:00:00,0.0,1208.0,3897.0,0.0,59.0,0.0,0.0,0.0,0.0,0.0,370.0
2022-03-04 04:00:00,0.0,1269.0,3874.0,0.0,45.0,0.0,0.0,0.0,0.0,0.0,336.0
2022-03-04 05:00:00,0.0,1280.0,3900.0,0.0,361.0,0.0,0.0,0.0,0.0,0.0,280.0
2022-03-04 06:00:00,0.0,1270.0,4169.0,0.0,1073.0,0.0,0.0,0.0,69.0,0.0,239.0
2022-03-04 07:00:00,0.0,1300.0,4058.0,0.0,804.0,0.0,0.0,0.0,573.0,0.0,229.0
2022-03-04 08:00:00,0.0,1294.0,4167.0,0.0,606.0,0.0,0.0,0.0,1179.0,0.0,230.0
2022-03-04 09:00:00,0.0,1308.0,3928.0,0.0,646.0,0.0,0.0,0.0,1699.0,0.0,251.0
2022-03-04 10:00:00,0.0,1267.0,3806.0,0.0,644.0,0.0,0.0,0.0,2006.0,0.0,270.0
2022-03-04 11:00:00,0.0,1253.0,3903.0,0.0,657.0,0.0,0.0,0.0,1933.0,0.0,280.0
2022-03-04 12:00:00,0.0,1031.0,3932.0,0.0,930.0,0.0,0.0,0.0,1716.0,0.0,304.0
2022-03-04 13:00:00,0.0,1007.0,3866.0,0.0,1048.0,0.0,0.0,0.0,1467.0,0.0,287.0
2022-03-04 14:00:00,0.0,984.0,3933.0,0.0,927.0,0.0,0.0,0.0,1120.0,0.0,250.0
2022-03-04 15:00:00,0.0,1083.0,4166.0,0.0,681.0,0.0,0.0,0.0,637.0,0.0,232.0
2022-03-04 16:00:00,0.0,1187.0,4246.0,0.0,751.0,0.0,0.0,0.0,192.0,0.0,208.0
2022-03-04 17:00:00,0.0,1305.0,4232.0,0.0,940.0,0.0,0.0,0.0,4.0,0.0,271.0
2022-03-04 18:00:00,0.0,1371.0,4363.0,0.0,1022.0,0.0,0.0,0.0,0.0,0.0,317.0
2022-03-04 19:00:00,0.0,1351.0,4272.0,0.0,937.0,0.0,0.0,0.0,0.0,0.0,306.0
2022-03-04 20:00:00,0.0,1245.0,4084.0,0.0,731.0,0.0,0.0,0.0,0.0,0.0,313.0
2022-03-04 21:00:00,0.0,1203.0,4133.0,0.0,736.0,0.0,0.0,0.0,0.0,0.0,345.0
2022-03-04 22:00:00,0.0,1190.0,4103.0,0.0,610.0,0.0,0.0,0.0,0.0,0.0,377.0
2022-03-04 23:00:00,0.0,1182.0,4059.0,0.0,373.0,0.0,0.0,0.0,0.0,0.0,390.0
2022-03-05 00:00:00,0.0,1272.0,3773.0,0.0,333.0,0.0,0.0,0.0,0.0,0.0,386.0
2022-03-05 01:00:00,0.0,1308.0,3530.0,0.0,247.0,0.0,0.0,0.0,0.0,0.0,309.0
2022-03-05 02:00:00,0.0,1230.0,3488.0,0.0,177.0,0.0,0.0,0.0,0.0,0.0,313.0
2022-03-05 03:00:00,0.0,1217.0,3476.0,0.0,151.0,0.0,0.0,0.0,0.0,0.0,274.0
2022-03-05 04:00:00,0.0,1220.0,3685.0,0.0,141.0,0.0,0.0,0.0,9.0,0.0,216.0
2022-03-05 05:00:00,0.0,1246.0,3728.0,0.0,487.0,0.0,0.0,0.0,4.0,0.0,179.0
2022-03-05 06:00:00,0.0,1340.0,3733.0,0.0,745.0,0.0,0.0,0.0,37.0,0.0,130.0
2022-03-05 07:00:00,0.0,1363.0,3710.0,0.0,1005.0,0.0,0.0,0.0,202.0,0.0,145.0
2022-03-05 08:00:00,0.0,1363.0,3826.0,0.0,1023.0,0.0,0.0,0.0,394.0,0.0,187.0
2022-03-05 09:00:00,0.0,1346.0,3579.0,0.0,891.0,0.0,0.0,0.0,550.0,0.0,263.0
2022-03-05 10:00:00,0.0,1317.0,3653.0,0.0,878.0,0.0,0.0,0.0,796.0,0.0,286.0
2022-03-05 11:00:00,0.0,1319.0,3670.0,0.0,935.0,0.0,0.0,0.0,739.0,0.0,301.0
2022-03-05 12:00:00,0.0,1324.0,3646.0,0.0,914.0,0.0,0.0,0.0,644.0,0.0,420.0
2022-03-05 13:00:00,0.0,1333.0,3471.0,0.0,945.0,0.0,0.0,0.0,477.0,0.0,499.0
2022-03-05 14:00:00,0.0,1332.0,3606.0,0.0,852.0,0.0,0.0,0.0,367.0,0.0,571.0
2022-03-05 15:00:00,0.0,1325.0,3779.0,0.0,870.0,0.0,0.0,0.0,164.0,0.0,554.0
2022-03-05 16:00:00,0.0,1344.0,3765.0,0.0,828.0,0.0,0.0,0.0,48.0,0.0,573.0
2022-03-05 17:00:00,0.0,1357.0,3871.0,0.0,1121.0,0.0,0.0,0.0,11.0,0.0,664.0
2022-03-05 18:00:00,0.0,1355.0,3132.0,0.0,1845.0,0.0,0.0,0.0,9.0,0.0,743.0
2022-03-05 19:00:00,0.0,1356.0,2775.0,0.0,2073.0,0.0,0.0,0.0,4.0,0.0,802.0
2022-03-05 20:00:00,0.0,1356.0,3848.0,0.0,907.0,0.0,0.0,0.0,7.0,0.0,898.0
2022-03-05 21:00:00,0.0,1331.0,4026.0,0.0,366.0,0.0,0.0,0.0,0.0,0.0,1000.0
2022-03-05 22:00:00,0.0,1333.0,3957.0,0.0,308.0,0.0,0.0,0.0,0.0,0.0,1002.0
2022-03-05 23:00:00,0.0,1344.0,3522.0,0.0,163.0,0.0,0.0,0.0,0.0,0.0,940.0
2022-03-06 00:00:00,0.0,1321.0,2857.0,0.0,148.0,0.0,0.0,0.0,0.0,0.0,929.0
2022-03-06 01:00:00,0.0,1345.0,2551.0,0.0,86.0,0.0,0.0,0.0,0.0,0.0,994.0
2022-03-06 02:00:00,0.0,1354.0,2419.0,0.0,53.0,0.0,0.0,0.0,0.0,0.0,999.0
2022-03-06 03:00:00,0.0,1395.0,2332.0,0.0,56.0,0.0,0.0,0.0,0.0,0.0,972.0
2022-03-06 04:00:00,0.0,1412.0,2384.0,0.0,150.0,0.0,0.0,0.0,0.0,0.0,943.0
2022-03-06 05:00:00,0.0,1396.0,2482.0,0.0,250.0,0.0,0.0,0.0,0.0,0.0,942.0
2022-03-06 06:00:00,0.0,1400.0,2594.0,0.0,529.0,0.0,0.0,0.0,30.0,0.0,921.0
2022-03-06 07:00:00,0.0,1398.0,2378.0,0.0,612.0,0.0,0.0,0.0,253.0,0.0,814.0
2022-03-06 08:00:00,0.0,1361.0,2439.0,0.0,606.0,0.0,0.0,0.0,552.0,0.0,724.0
2022-03-06 09:00:00,0.0,1353.0,2723.0,0.0,571.0,0.0,0.0,0.0,798.0,0.0,650.0
2022-03-06 10:00:00,0.0,1358.0,2705.0,0.0,521.0,0.0,0.0,0.0,1105.0,0.0,663.0
2022-03-06 11:00:00,0.0,1382.0,2548.0,0.0,582.0,0.0,0.0,0.0,1166.0,0.0,716.0
2022-03-06 12:00:00,0.0,1402.0,2314.0,0.0,428.0,0.0,0.0,0.0,1269.0,0.0,782.0
2022-03-06 13:00:00,0.0,1405.0,1988.0,0.0,350.0,0.0,0.0,0.0,1215.0,0.0,912.0
2022-03-06 14:00:00,0.0,1406.0,1982.0,0.0,390.0,0.0,0.0,0.0,988.0,0.0,974.0
2022-03-06 15:00:00,0.0,1419.0,1953.0,0.0,428.0,0.0,0.0,0.0,665.0,0.0,1003.0
2022-03-06 16:00:00,0.0,1429.0,2228.0,0.0,668.0,0.0,0.0,0.0,223.0,0.0,984.0
2022-03-06 17:00:00,0.0,1422.0,2733.0,0.0,1068.0,0.0,0.0,0.0,9.0,0.0,869.0
2022-03-06 18:00:00,0.0,1429.0,3028.0,0.0,1054.0,0.0,0.0,0.0,0.0,0.0,785.0
2022-03-06 19:00:00,0.0,1434.0,3234.0,0.0,1136.0,0.0,0.0,0.0,0.0,0.0,701.0
2022-03-06 20:00:00,0.0,1433.0,3395.0,0.0,982.0,0.0,0.0,0.0,0.0,0.0,673.0
2022-03-06 21:00:00,0.0,1432.0,3321.0,0.0,896.0,0.0,0.0,0.0,0.0,0.0,632.0
2022-03-06 22:00:00,0.0,1438.0,3297.0,0.0,946.0,0.0,0.0,0.0,0.0,0.0,586.0
2022-03-06 23:00:00,0.0,1441.0,3184.0,0.0,574.0,0.0,0.0,0.0,0.0,0.0,563.0
2022-03-07 00:00:00,0.0,1444.0,3139.0,0.0,274.0,0.0,0.0,0.0,0.0,0.0,512.0
2022-03-07 01:00:00,0.0,1439.0,2907.0,0.0,217.0,0.0,0.0,0.0,0.0,0.0,499.0
2022-03-07 02:00:00,0.0,1441.0,2735.0,0.0,169.0,0.0,0.0,0.0,0.0,0.0,478.0
2022-03-07 03:00:00,0.0,1443.0,2681.0,0.0,169.0,0.0,0.0,0.0,0.0,0.0,491.0
2022-03-07 04:00:00,0.0,1442.0,2979.0,0.0,185.0,0.0,0.0,0.0,0.0,0.0,476.0
2022-03-07 05:00:00,0.0,1428.0,3207.0,0.0,425.0,0.0,0.0,0.0,0.0,0.0,410.0
2022-03-07 06:00:00,0.0,1401.0,3254.0,0.0,685.0,0.0,0.0,0.0,148.0,0.0,357.0
2022-03-07 07:00:00,0.0,1391.0,3463.0,0.0,716.0,0.0,0.0,0.0,654.0,0.0,292.0
2022-03-07 08:00:00,0.0,1420.0,3273.0,0.0,394.0,0.0,0.0,0.0,1211.0,0.0,290.0
2022-03-07 09:00:00,0.0,1422.0,3342.0,0.0,156.0,0.0,0.0,0.0,1677.0,0.0,345.0
2022-03-07 10:00:00,0.0,1429.0,3109.0,0.0,78.0,0.0,0.0,0.0,1984.0,0.0,412.0
2022-03-07 11:00:00,0.0,1426.0,2879.0,0.0,60.0,0.0,0.0,0.0,2000.0,0.0,475.0
2022-03-07 12:00:00,0.0,1420.0,2600.0,0.0,50.0,0.0,0.0,0.0,1955.0,0.0,548.0
2022-03-07 13:00:00,0.0,1409.0,2503.0,0.0,64.0,0.0,0.0,0.0,1686.0,0.0,554.0
2022-03-07 14:00:00,0.0,1412.0,2742.0,0.0,65.0,0.0,0.0,0.0,1224.0,0.0,583.0
2022-03-07 15:00:00,0.0,1416.0,3409.0,0.0,131.0,0.0,0.0,0.0,652.0,0.0,520.0
2022-03-07 16:00:00,0.0,1414.0,3707.0,0.0,393.0,0.0,0.0,0.0,183.0,0.0,431.0
2022-03-07 17:00:00,0.0,1412.0,3856.0,0.0,811.0,0.0,0.0,0.0,7.0,0.0,391.0
2022-03-07 18:00:00,0.0,1414.0,3980.0,0.0,961.0,0.0,0.0,0.0,0.0,0.0,473.0
2022-03-07 19:00:00,0.0,1411.0,3947.0,0.0,701.0,0.0,0.0,0.0,0.0,0.0,559.0
2022-03-07 20:00:00,0.0,1416.0,3880.0,0.0,469.0,0.0,0.0,0.0,0.0,0.0,636.0
2022-03-07 21:00:00,0.0,1410.0,3774.0,0.0,267.0,0.0,0.0,0.0,0.0,0.0,630.0
2022-03-07 22:00:00,0.0,1417.0,3680.0,0.0,201.0,0.0,0.0,0.0,0.0,0.0,677.0
2022-03-07 23:00:00,0.0,1403.0,3172.0,0.0,75.0,0.0,0.0,0.0,0.0,0.0,747.0
2022-03-08 00:00:00,0.0,1279.0,2893.0,0.0,279.0,0.0,0.0,0.0,0.0,0.0,865.0
2022-03-08 01:00:00,0.0,1283.0,2607.0,0.0,223.0,0.0,0.0,0.0,0.0,0.0,909.0
2022-03-08 02:00:00,0.0,1292.0,2627.0,0.0,76.0,0.0,0.0,0.0,0.0,0.0,816.0
2022-03-08 03:00:00,0.0,1334.0,2600.0,0.0,70.0,0.0,0.0,0.0,0.0,0.0,769.0
2022-03-08 04:00:00,0.0,1344.0,2735.0,0.0,342.0,0.0,0.0,0.0,0.0,0.0,693.0
2022-03-08 05:00:00,0.0,1333.0,3074.0,0.0,528.0,0.0,0.0,0.0,0.0,0.0,600.0
2022-03-08 06:00:00,0.0,1290.0,3725.0,0.0,820.0,0.0,0.0,0.0,107.0,0.0,529.0
2022-03-08 07:00:00,0.0,1234.0,4064.0,0.0,1035.0,0.0,0.0,0.0,478.0,0.0,544.0
2022-03-08 08:00:00,0.0,1230.0,4319.0,0.0,955.0,0.0,0.0,0.0,803.0,0.0,492.0
2022-03-08 09:00:00,0.0,1211.0,4205.0,0.0,1013.0,0.0,0.0,0.0,1111.0,0.0,449.0
2022-03-08 10:00:00,0.0,1220.0,3959.0,0.0,851.0,0.0,0.0,0.0,1350.0,0.0,503.0
2022-03-08 11:00:00,0.0,1236.0,3810.0,0.0,722.0,0.0,0.0,0.0,1447.0,0.0,597.0
2022-03-08 12:00:00,0.0,1235.0,3551.0,0.0,569.0,0.0,0.0,0.0,1459.0,0.0,686.0
2022-03-08 13:00:00,0.0,1230.0,3490.0,0.0,516.0,0.0,0.0,0.0,1281.0,0.0,881.0
2022-03-08 14:00:00,0.0,1204.0,3749.0,0.0,364.0,0.0,0.0,0.0,911.0,0.0,977.0
2022-03-08 15:00:00,0.0,1215.0,4093.0,0.0,396.0,0.0,0.0,0.0,527.0,0.0,971.0
2022-03-08 16:00:00,0.0,1233.0,4174.0,0.0,441.0,0.0,0.0,0.0,175.0,0.0,969.0
2022-03-08 17:00:00,0.0,1265.0,4254.0,0.0,939.0,0.0,0.0,0.0,6.0,0.0,931.0
2022-03-08 18:00:00,0.0,1306.0,4491.0,0.0,1140.0,0.0,0.0,0.0,0.0,0.0,985.0
2022-03-08 19:00:00,0.0,1329.0,4561.0,0.0,1036.0,0.0,0.0,0.0,0.0,0.0,908.0
2022-03-08 20:00:00,0.0,1362.0,4425.0,0.0,741.0,0.0,0.0,0.0,0.0,0.0,895.0
2022-03-08 21:00:00,0.0,1369.0,4296.0,0.0,395.0,0.0,0.0,0.0,0.0,0.0,957.0
2022-03-08 22:00:00,0.0,1209.0,4245.0,0.0,323.0,0.0,0.0,0.0,0.0,0.0,985.0
2022-03-08 23:00:00,0.0,1106.0,4172.0,0.0,260.0,0.0,0.0,0.0,0.0,0.0,864.0
2022-03-09 00:00:00,0.0,1077.0,3469.0,0.0,489.0,0.0,0.0,0.0,0.0,0.0,811.0
2022-03-09 01:00:00,0.0,1017.0,2927.0,0.0,796.0,0.0,0.0,0.0,0.0,0.0,875.0
2022-03-09 02:00:00,0.0,1010.0,2710.0,0.0,774.0,0.0,0.0,0.0,0.0,0.0,847.0
2022-03-09 03:00:00,0.0,994.0,2638.0,0.0,646.0,0.0,0.0,0.0,0.0,0.0,963.0
2022-03-09 04:00:00,0.0,989.0,2790.0,0.0,832.0,0.0,0.0,0.0,0.0,0.0,1117.0
2022-03-09 05:00:00,0.0,974.0,2946.0,0.0,1216.0,0.0,0.0,0.0,1.0,0.0,1246.0
2022-03-09 06:00:00,0.0,965.0,3332.0,0.0,1587.0,0.0,0.0,0.0,73.0,0.0,1277.0
2022-03-09 07:00:00,0.0,988.0,3740.0,0.0,1195.0,0.0,0.0,0.0,314.0,0.0,1346.0
2022-03-09 08:00:00,0.0,985.0,3710.0,0.0,1214.0,0.0,0.0,0.0,617.0,0.0,1438.0
2022-03-09 09:00:00,0.0,958.0,3615.0,0.0,1142.0,0.0,0.0,0.0,917.0,0.0,1493.0
2022-03-09 10:00:00,0.0,970.0,3383.0,0.0,1006.0,0.0,0.0,0.0,1163.0,0.0,1665.0
2022-03-09 11:00:00,0.0,985.0,3302.0,0.0,862.0,0.0,0.0,0.0,1311.0,0.0,1761.0
2022-03-09 12:00:00,0.0,978.0,3291.0,0.0,866.0,0.0,0.0,0.0,1290.0,0.0,1772.0
2022-03-09 13:00:00,0.0,968.0,3198.0,0.0,788.0,0.0,0.0,0.0,1141.0,0.0,1844.0
2022-03-09 14:00:00,0.0,970.0,3317.0,0.0,858.0,0.0,0.0,0.0,807.0,0.0,1915.0
2022-03-09 15:00:00,0.0,979.0,3498.0,0.0,819.0,0.0,0.0,0.0,465.0,0.0,1938.0
2022-03-09 16:00:00,0.0,1010.0,3606.0,0.0,940.0,0.0,0.0,0.0,146.0,0.0,1988.0
2022-03-09 17:00:00,0.0,1029.0,3838.0,0.0,1370.0,0.0,0.0,0.0,8.0,0.0,2055.0
2022-03-09 18:00:00,0.0,1045.0,4061.0,0.0,1445.0,0.0,0.0,0.0,0.0,0.0,2106.0
2022-03-09 19:00:00,0.0,1058.0,4034.0,0.0,1203.0,0.0,0.0,0.0,0.0,0.0,2125.0
2022-03-09 20:00:00,0.0,1075.0,3823.0,0.0,987.0,0.0,0.0,0.0,0.0,0.0,2076.0
2022-03-09 21:00:00,0.0,1083.0,3367.0,0.0,907.0,0.0,0.0,0.0,0.0,0.0,2050.0
2022-03-09 22:00:00,0.0,1069.0,3153.0,0.0,1002.0,0.0,0.0,0.0,0.0,0.0,1961.0
2022-03-09 23:00:00,0.0,1056.0,3002.0,0.0,510.0,0.0,0.0,0.0,0.0,0.0,1908.0
2022-03-10 00:00:00,0.0,1078.0,2362.0,0.0,40.0,0.0,0.0,0.0,0.0,0.0,1881.0
2022-03-10 01:00:00,0.0,1116.0,2087.0,0.0,168.0,0.0,0.0,0.0,0.0,0.0,1813.0
2022-03-10 02:00:00,0.0,1124.0,1984.0,0.0,141.0,0.0,0.0,0.0,0.0,0.0,1863.0
2022-03-10 03:00:00,0.0,1127.0,1995.0,0.0,103.0,0.0,0.0,0.0,0.0,0.0,1903.0
2022-03-10 04:00:00,0.0,1128.0,2038.0,0.0,235.0,0.0,0.0,0.0,0.0,0.0,1830.0
2022-03-10 05:00:00,0.0,1131.0,2256.0,0.0,538.0,0.0,0.0,0.0,1.0,0.0,1806.0
2022-03-10 06:00:00,0.0,1137.0,2669.0,0.0,720.0,0.0,0.0,0.0,177.0,0.0,1801.0
2022-03-10 07:00:00,0.0,1125.0,2915.0,0.0,587.0,0.0,0.0,0.0,772.0,0.0,1776.0
2022-03-10 08:00:00,0.0,1137.0,3056.0,0.0,728.0,0.0,0.0,0.0,1470.0,0.0,1738.0
2022-03-10 09:00:00,0.0,1130.0,3102.0,0.0,699.0,0.0,0.0,0.0,1942.0,0.0,1701.0
2022-03-10 10:00:00,0.0,1122.0,3144.0,0.0,389.0,0.0,0.0,0.0,2169.0,0.0,1683.0
2022-03-10 11:00:00,0.0,1127.0,3160.0,0.0,142.0,0.0,0.0,0.0,2146.0,0.0,1609.0
2022-03-10 12:00:00,0.0,1187.0,3312.0,0.0,203.0,0.0,0.0,0.0,1918.0,0.0,1624.0
2022-03-10 13:00:00,0.0,1234.0,3244.0,0.0,157.0,0.0,0.0,0.0,1669.0,0.0,1664.0
2022-03-10 14:00:00,0.0,1252.0,3275.0,0.0,278.0,0.0,0.0,0.0,1312.0,0.0,1699.0
2022-03-10 15:00:00,0.0,1264.0,3251.0,0.0,553.0,0.0,0.0,0.0,858.0,0.0,1772.0
2022-03-10 16:00:00,0.0,1258.0,3654.0,0.0,719.0,0.0,0.0,0.0,321.0,0.0,1838.0
2022-03-10 17:00:00,0.0,1279.0,3832.0,0.0,982.0,0.0,0.0,0.0,17.0,0.0,1893.0
2022-03-10 18:00:00,0.0,1280.0,3778.0,0.0,1258.0,0.0,0.0,0.0,0.0,0.0,1969.0
2022-03-10 19:00:00,0.0,1275.0,3588.0,0.0,1040.0,0.0,0.0,0.0,0.0,0.0,1960.0
2022-03-10 20:00:00,0.0,1278.0,3699.0,0.0,915.0,0.0,0.0,0.0,0.0,0.0,1838.0
2022-03-10 21:00:00,0.0,1282.0,3239.0,0.0,941.0,0.0,0.0,0.0,0.0,0.0,1765.0
2022-03-10 22:00:00,0.0,1224.0,3211.0,0.0,589.0,0.0,0.0,0.0,0.0,0.0,1745.0
2022-03-10 23:00:00,0.0,1082.0,2923.0,0.0,321.0,0.0,0.0,0.0,0.0,0.0,1781.0
2022-03-11 00:00:00,0.0,945.0,2215.0,0.0,7.0,0.0,0.0,0.0,0.0,0.0,1727.0
2022-03-11 01:00:00,0.0,928.0,2065.0,0.0,7.0,0.0,0.0,0.0,0.0,0.0,1652.0
2022-03-11 02:00:00,0.0,924.0,1936.0,0.0,7.0,0.0,0.0,0.0,0.0,0.0,1637.0
2022-03-11 03:00:00,0.0,901.0,1859.0,0.0,7.0,0.0,0.0,0.0,0.0,0.0,1651.0
2022-03-11 04:00:00,0.0,916.0,1903.0,0.0,70.0,0.0,0.0,0.0,0.0,0.0,1727.0
2022-03-11 05:00:00,0.0,967.0,2507.0,0.0,261.0,0.0,0.0,0.0,2.0,0.0,1654.0
2022-03-11 06:00:00,0.0,1033.0,2953.0,0.0,639.0,0.0,0.0,0.0,207.0,0.0,1560.0
2022-03-11 07:00:00,0.0,1136.0,3144.0,0.0,824.0,0.0,0.0,0.0,870.0,0.0,1450.0
2022-03-11 08:00:00,0.0,1204.0,3559.0,0.0,718.0,0.0,0.0,0.0,1594.0,0.0,1424.0
2022-03-11 09:00:00,0.0,1285.0,3442.0,0.0,414.0,0.0,0.0,0.0,2065.0,0.0,1397.0
2022-03-11 10:00:00,0.0,1348.0,3190.0,0.0,255.0,0.0,0.0,0.0,2242.0,0.0,1359.0
2022-03-11 11:00:00,0.0,1350.0,3251.0,0.0,235.0,0.0,0.0,0.0,2136.0,0.0,1247.0
2022-03-11 12:00:00,0.0,1348.0,3312.0,0.0,257.0,0.0,0.0,0.0,2053.0,0.0,1151.0
2022-03-11 13:00:00,0.0,1355.0,3394.0,0.0,230.0,0.0,0.0,0.0,1712.0,0.0,1059.0
2022-03-11 14:00:00,0.0,1362.0,3592.0,0.0,177.0,0.0,0.0,0.0,1322.0,0.0,981.0
2022-03-11 15:00:00,0.0,1381.0,3657.0,0.0,208.0,0.0,0.0,0.0,903.0,0.0,941.0
2022-03-11 16:00:00,0.0,1367.0,3966.0,0.0,837.0,0.0,0.0,0.0,346.0,0.0,882.0
2022-03-11 17:00:00,0.0,1295.0,4105.0,0.0,1123.0,0.0,0.0,0.0,21.0,0.0,923.0
2022-03-11 18:00:00,0.0,1290.0,4277.0,0.0,1048.0,0.0,0.0,0.0,0.0,0.0,909.0
2022-03-11 19:00:00,0.0,1269.0,4416.0,0.0,760.0,0.0,0.0,0.0,0.0,0.0,795.0
2022-03-11 20:00:00,0.0,1278.0,4402.0,0.0,575.0,0.0,0.0,0.0,0.0,0.0,746.0
2022-03-11 21:00:00,0.0,1300.0,4242.0,0.0,286.0,0.0,0.0,0.0,0.0,0.0,675.0
2022-03-11 22:00:00,0.0,1321.0,4005.0,0.0,232.0,0.0,0.0,0.0,0.0,0.0,584.0
2022-03-11 23:00:00,0.0,1320.0,3581.0,0.0,270.0,0.0,0.0,0.0,0.0,0.0,555.0
2022-03-12 00:00:00,0.0,1312.0,2956.0,0.0,210.0,0.0,0.0,0.0,0.0,0.0,524.0
2022-03-12 01:00:00,0.0,1309.0,2730.0,0.0,21.0,0.0,0.0,0.0,0.0,0.0,569.0
2022-03-12 02:00:00,0.0,1309.0,2407.0,0.0,7.0,0.0,0.0,0.0,0.0,0.0,646.0
2022-03-12 03:00:00,0.0,1318.0,2204.0,0.0,7.0,0.0,0.0,0.0,0.0,0.0,787.0
2022-03-12 04:00:00,0.0,1214.0,2243.0,0.0,7.0,0.0,0.0,0.0,0.0,0.0,821.0
2022-03-12 05:00:00,0.0,1260.0,2457.0,0.0,247.0,0.0,0.0,0.0,2.0,0.0,844.0
2022-03-12 06:00:00,0.0,1239.0,2643.0,0.0,394.0,0.0,0.0,0.0,206.0,0.0,866.0
2022-03-12 07:00:00,0.0,1228.0,2418.0,0.0,448.0,0.0,0.0,0.0,890.0,0.0,997.0
2022-03-12 08:00:00,0.0,1235.0,2347.0,0.0,428.0,0.0,0.0,0.0,1588.0,0.0,1070.0
2022-03-12 09:00:00,0.0,1247.0,2485.0,0.0,274.0,0.0,0.0,0.0,2064.0,0.0,1116.0
2022-03-12 10:00:00,0.0,1206.0,2481.0,0.0,206.0,0.0,0.0,0.0,2199.0,0.0,1231.0
2022-03-12 11:00:00,0.0,1254.0,2606.0,0.0,243.0,0.0,0.0,0.0,2031.0,0.0,1325.0
2022-03-12 12:00:00,0.0,1327.0,2815.0,0.0,286.0,0.0,0.0,0.0,1844.0,0.0,1295.0
2022-03-12 13:00:00,0.0,1310.0,2680.0,0.0,247.0,0.0,0.0,0.0,1640.0,0.0,1381.0
2022-03-12 14:00:00,0.0,1270.0,2857.0,0.0,292.0,0.0,0.0,0.0,1372.0,0.0,1487.0
2022-03-12 15:00:00,0.0,1256.0,3103.0,0.0,260.0,0.0,0.0,0.0,905.0,0.0,1603.0
2022-03-12 16:00:00,0.0,1284.0,3279.0,0.0,631.0,0.0,0.0,0.0,367.0,0.0,1617.0
2022-03-12 17:00:00,0.0,1298.0,3610.0,0.0,1091.0,0.0,0.0,0.0,23.0,0.0,1603.0
2022-03-12 18:00:00,0.0,1321.0,3725.0,0.0,1314.0,0.0,0.0,0.0,0.0,0.0,1614.0
2022-03-12 19:00:00,0.0,1319.0,3681.0,0.0,1437.0,0.0,0.0,0.0,0.0,0.0,1611.0
2022-03-12 20:00:00,0.0,1324.0,3549.0,0.0,1253.0,0.0,0.0,0.0,0.0,0.0,1459.0
2022-03-12 21:00:00,0.0,1325.0,3342.0,0.0,1078.0,0.0,0.0,0.0,0.0,0.0,1373.0
2022-03-12 22:00:00,0.0,1320.0,3096.0,0.0,904.0,0.0,0.0,0.0,0.0,0.0,1147.0
2022-03-12 23:00:00,0.0,1318.0,2902.0,0.0,710.0,0.0,0.0,0.0,0.0,0.0,1019.0
2022-03-13 00:00:00,0.0,1285.0,2691.0,0.0,259.0,0.0,0.0,0.0,0.0,0.0,903.0
2022-03-13 01:00:00,0.0,1280.0,2432.0,0.0,302.0,0.0,0.0,0.0,0.0,0.0,839.0
2022-03-13 02:00:00,0.0,1297.0,2219.0,0.0,277.0,0.0,0.0,0.0,0.0,0.0,804.0
2022-03-13 03:00:00,0.0,1305.0,2221.0,0.0,317.0,0.0,0.0,0.0,0.0,0.0,784.0
2022-03-13 04:00:00,0.0,1304.0,2197.0,0.0,455.0,0.0,0.0,0.0,0.0,0.0,743.0
2022-03-13 05:00:00,0.0,1308.0,2326.0,0.0,510.0,0.0,0.0,0.0,4.0,0.0,641.0
2022-03-13 06:00:00,0.0,1302.0,2266.0,0.0,473.0,0.0,0.0,0.0,323.0,0.0,516.0
2022-03-13 07:00:00,0.0,1296.0,2089.0,0.0,528.0,0.0,0.0,0.0,1152.0,0.0,426.0
2022-03-13 08:00:00,0.0,1301.0,2197.0,0.0,545.0,0.0,0.0,0.0,1929.0,0.0,324.0
2022-03-13 09:00:00,0.0,1265.0,2378.0,0.0,349.0,0.0,0.0,0.0,2477.0,0.0,255.0
2022-03-13 10:00:00,0.0,1160.0,2394.0,0.0,250.0,0.0,0.0,0.0,2859.0,0.0,210.0
2022-03-13 11:00:00,0.0,1012.0,2708.0,0.0,291.0,0.0,0.0,0.0,2930.0,0.0,179.0
2022-03-13 12:00:00,0.0,1017.0,2481.0,0.0,383.0,0.0,0.0,0.0,2912.0,0.0,190.0
2022-03-13 13:00:00,0.0,1025.0,2367.0,0.0,328.0,0.0,0.0,0.0,2648.0,0.0,219.0
2022-03-13 14:00:00,0.0,1026.0,2667.0,0.0,323.0,0.0,0.0,0.0,2129.0,0.0,250.0
2022-03-13 15:00:00,0.0,1036.0,3198.0,0.0,312.0,0.0,0.0,0.0,1379.0,0.0,229.0
2022-03-13 16:00:00,0.0,1050.0,3541.0,0.0,604.0,0.0,0.0,0.0,509.0,0.0,234.0
2022-03-13 17:00:00,0.0,1063.0,3841.0,0.0,1427.0,0.0,0.0,0.0,31.0,0.0,205.0
2022-03-13 18:00:00,0.0,1055.0,3871.0,0.0,1702.0,0.0,0.0,0.0,0.0,0.0,203.0
2022-03-13 19:00:00,0.0,1055.0,4042.0,0.0,2018.0,0.0,0.0,0.0,0.0,0.0,199.0
2022-03-13 20:00:00,0.0,1070.0,4006.0,0.0,1868.0,0.0,0.0,0.0,0.0,0.0,143.0
2022-03-13 21:00:00,0.0,1085.0,3944.0,0.0,1420.0,0.0,0.0,0.0,0.0,0.0,80.0
2022-03-13 22:00:00,0.0,1098.0,3879.0,0.0,912.0,0.0,0.0,0.0,0.0,0.0,57.0
2022-03-13 23:00:00,0.0,1090.0,3774.0,0.0,499.0,0.0,0.0,0.0,0.0,0.0,57.0
2022-03-14 00:00:00,0.0,1087.0,3466.0,0.0,41.0,0.0,0.0,0.0,0.0,0.0,54.0
2022-03-14 01:00:00,0.0,1089.0,3281.0,0.0,51.0,0.0,0.0,0.0,0.0,0.0,105.0
2022-03-14 02:00:00,0.0,1079.0,3078.0,0.0,114.0,0.0,0.0,0.0,0.0,0.0,173.0
2022-03-14 03:00:00,0.0,1082.0,3021.0,0.0,98.0,0.0,0.0,0.0,0.0,0.0,250.0
2022-03-14 04:00:00,0.0,1072.0,3079.0,0.0,229.0,0.0,0.0,0.0,0.0,0.0,358.0
2022-03-14 05:00:00,0.0,1062.0,3325.0,0.0,267.0,0.0,0.0,0.0,3.0,0.0,524.0
2022-03-14 06:00:00,0.0,1047.0,3538.0,0.0,468.0,0.0,0.0,0.0,273.0,0.0,709.0
2022-03-14 07:00:00,0.0,1052.0,3555.0,0.0,573.0,0.0,0.0,0.0,1034.0,0.0,853.0
2022-03-14 08:00:00,0.0,1078.0,3526.0,0.0,660.0,0.0,0.0,0.0,1845.0,0.0,938.0
2022-03-14 09:00:00,0.0,1109.0,3303.0,0.0,595.0,0.0,0.0,0.0,2478.0,0.0,953.0
2022-03-14 10:00:00,0.0,1118.0,3327.0,0.0,450.0,0.0,0.0,0.0,2585.0,0.0,921.0
2022-03-14 11:00:00,0.0,1078.0,3450.0,0.0,273.0,0.0,0.0,0.0,2552.0,0.0,930.0
2022-03-14 12:00:00,0.0,1047.0,3418.0,0.0,246.0,0.0,0.0,0.0,2420.0,0.0,1138.0
2022-03-14 13:00:00,0.0,1125.0,3136.0,0.0,278.0,0.0,0.0,0.0,2257.0,0.0,1214.0
2022-03-14 14:00:00,0.0,1215.0,3185.0,0.0,377.0,0.0,0.0,0.0,1912.0,0.0,1374.0
2022-03-14 15:00:00,0.0,1214.0,3184.0,0.0,542.0,0.0,0.0,0.0,1307.0,0.0,1399.0
2022-03-14 16:00:00,0.0,1228.0,3474.0,0.0,767.0,0.0,0.0,0.0,536.0,0.0,1420.0
2022-03-14 17:00:00,0.0,1263.0,3786.0,0.0,1305.0,0.0,0.0,0.0,37.0,0.0,1407.0
2022-03-14 18:00:00,0.0,1276.0,3973.0,0.0,1504.0,0.0,0.0,0.0,0.0,0.0,1501.0
2022-03-14 19:00:00,0.0,1285.0,3904.0,0.0,1483.0,0.0,0.0,0.0,0.0,0.0,1552.0
2022-03-14 20:00:00,0.0,1286.0,3739.0,0.0,1071.0,0.0,0.0,0.0,0.0,0.0,1538.0
2022-03-14 21:00:00,0.0,1240.0,3554.0,0.0,619.0,0.0,0.0,0.0,0.0,0.0,1393.0
2022-03-14 22:00:00,0.0,1244.0,3565.0,0.0,298.0,0.0,0.0,0.0,0.0,0.0,1319.0
2022-03-14 23:00:00,0.0,1237.0,3161.0,0.0,96.0,0.0,0.0,0.0,0.0,0.0,1216.0
2022-03-15 00:00:00,0.0,1281.0,2930.0,0.0,9.0,0.0,0.0,0.0,0.0,0.0,1119.0
2022-03-15 01:00:00,0.0,1271.0,2793.0,0.0,104.0,0.0,0.0,0.0,0.0,0.0,1012.0
2022-03-15 02:00:00,0.0,1281.0,2797.0,0.0,36.0,0.0,0.0,0.0,0.0,0.0,972.0
2022-03-15 03:00:00,0.0,1297.0,2852.0,0.0,7.0,0.0,0.0,0.0,0.0,0.0,841.0
2022-03-15 04:00:00,0.0,1298.0,3020.0,0.0,34.0,0.0,0.0,0.0,0.0,0.0,756.0
2022-03-15 05:00:00,0.0,1292.0,3087.0,0.0,320.0,0.0,0.0,0.0,8.0,0.0,651.0
2022-03-15 06:00:00,0.0,1287.0,3408.0,0.0,617.0,0.0,0.0,0.0,422.0,0.0,634.0
2022-03-15 07:00:00,0.0,1284.0,3599.0,0.0,663.0,0.0,0.0,0.0,1366.0,0.0,615.0
2022-03-15 08:00:00,0.0,1287.0,3620.0,0.0,769.0,0.0,0.0,0.0,2191.0,0.0,515.0
2022-03-15 09:00:00,0.0,1295.0,3292.0,0.0,683.0,0.0,0.0,0.0,2741.0,0.0,468.0
2022-03-15 10:00:00,0.0,1313.0,3280.0,0.0,419.0,0.0,0.0,0.0,3046.0,0.0,466.0
2022-03-15 11:00:00,0.0,1273.0,3066.0,0.0,258.0,0.0,0.0,0.0,3143.0,0.0,454.0
2022-03-15 12:00:00,0.0,1245.0,2960.0,0.0,296.0,0.0,0.0,0.0,3066.0,0.0,459.0
2022-03-15 13:00:00,0.0,1227.0,2903.0,0.0,330.0,0.0,0.0,0.0,2767.0,0.0,503.0
2022-03-15 14:00:00,0.0,1243.0,3041.0,0.0,404.0,0.0,0.0,0.0,2227.0,0.0,475.0
2022-03-15 15:00:00,0.0,1250.0,3301.0,0.0,520.0,0.0,0.0,0.0,1469.0,0.0,411.0
2022-03-15 16:00:00,0.0,1260.0,3375.0,0.0,794.0,0.0,0.0,0.0,557.0,0.0,315.0
2022-03-15 17:00:00,0.0,1268.0,3732.0,0.0,1040.0,0.0,0.0,0.0,40.0,0.0,296.0
2022-03-15 18:00:00,0.0,1295.0,4050.0,0.0,1411.0,0.0,0.0,0.0,0.0,0.0,269.0
2022-03-15 19:00:00,0.0,1296.0,4040.0,0.0,1403.0,0.0,0.0,0.0,0.0,0.0,237.0
2022-03-15 20:00:00,0.0,1306.0,3752.0,0.0,1004.0,0.0,0.0,0.0,0.0,0.0,210.0
2022-03-15 21:00:00,0.0,1287.0,3694.0,0.0,543.0,0.0,0.0,0.0,0.0,0.0,211.0
2022-03-15 22:00:00,0.0,1297.0,3718.0,0.0,434.0,0.0,0.0,0.0,0.0,0.0,247.0
2022-03-15 23:00:00,0.0,1278.0,3209.0,0.0,121.0,0.0,0.0,0.0,0.0,0.0,234.0
2022-03-16 00:00:00,0.0,1256.0,3026.0,0.0,29.0,0.0,0.0,0.0,0.0,0.0,266.0
2022-03-16 01:00:00,0.0,1263.0,2751.0,0.0,31.0,0.0,0.0,0.0,0.0,0.0,303.0
2022-03-16 02:00:00,0.0,1245.0,2765.0,0.0,31.0,0.0,0.0,0.0,0.0,0.0,280.0
2022-03-16 03:00:00,0.0,1251.0,2771.0,0.0,31.0,0.0,0.0,0.0,0.0,0.0,262.0
2022-03-16 04:00:00,0.0,1226.0,2764.0,0.0,32.0,0.0,0.0,0.0,0.0,0.0,296.0
2022-03-16 05:00:00,0.0,1232.0,3022.0,0.0,257.0,0.0,0.0,0.0,2.0,0.0,405.0
2022-03-16 06:00:00,0.0,1241.0,3313.0,0.0,480.0,0.0,0.0,0.0,180.0,0.0,502.0
2022-03-16 07:00:00,0.0,1270.0,3535.0,0.0,974.0,0.0,0.0,0.0,728.0,0.0,579.0
2022-03-16 08:00:00,0.0,1253.0,3591.0,0.0,1366.0,0.0,0.0,0.0,1406.0,0.0,555.0
2022-03-16 09:00:00,0.0,1260.0,3610.0,0.0,1182.0,0.0,0.0,0.0,1838.0,0.0,580.0
2022-03-16 10:00:00,0.0,1274.0,3440.0,0.0,922.0,0.0,0.0,0.0,2059.0,0.0,674.0
2022-03-16 11:00:00,0.0,1259.0,3138.0,0.0,710.0,0.0,0.0,0.0,2161.0,0.0,830.0
2022-03-16 12:00:00,0.0,1258.0,3075.0,0.0,691.0,0.0,0.0,0.0,2235.0,0.0,927.0
2022-03-16 13:00:00,0.0,1256.0,3051.0,0.0,642.0,0.0,0.0,0.0,2046.0,0.0,1017.0
2022-03-16 14:00:00,0.0,1243.0,3354.0,0.0,475.0,0.0,0.0,0.0,1620.0,0.0,1036.0
2022-03-16 15:00:00,0.0,1239.0,3497.0,0.0,402.0,0.0,0.0,0.0,1091.0,0.0,1013.0
2022-03-16 16:00:00,0.0,1254.0,3474.0,0.0,503.0,0.0,0.0,0.0,453.0,0.0,997.0
2022-03-16 17:00:00,0.0,1244.0,3554.0,0.0,1097.0,0.0,0.0,0.0,40.0,0.0,1030.0
2022-03-16 18:00:00,0.0,1259.0,3888.0,0.0,1255.0,0.0,0.0,0.0,0.0,0.0,950.0
2022-03-16 19:00:00,0.0,1259.0,3771.0,0.0,1111.0,0.0,0.0,0.0,0.0,0.0,830.0
2022-03-16 20:00:00,0.0,1264.0,3729.0,0.0,1028.0,0.0,0.0,0.0,0.0,0.0,742.0
2022-03-16 21:00:00,0.0,1270.0,3543.0,0.0,657.0,0.0,0.0,0.0,0.0,0.0,676.0
2022-03-16 22:00:00,0.0,1262.0,3255.0,0.0,434.0,0.0,0.0,0.0,0.0,0.0,558.0
2022-03-16 23:00:00,0.0,1272.0,2999.0,0.0,205.0,0.0,0.0,0.0,0.0,0.0,518.0
2022-03-17 00:00:00,0.0,1247.0,2533.0,0.0,75.0,0.0,0.0,0.0,0.0,0.0,520.0
2022-03-17 01:00:00,0.0,1175.0,2297.0,0.0,80.0,0.0,0.0,0.0,0.0,0.0,578.0
2022-03-17 02:00:00,0.0,1137.0,2224.0,0.0,80.0,0.0,0.0,0.0,0.0,0.0,597.0
2022-03-17 03:00:00,0.0,1141.0,2058.0,0.0,80.0,0.0,0.0,0.0,0.0,0.0,674.0
2022-03-17 04:00:00,0.0,1160.0,2059.0,0.0,80.0,0.0,0.0,0.0,0.0,0.0,756.0
2022-03-17 05:00:00,0.0,1188.0,2297.0,0.0,152.0,0.0,0.0,0.0,8.0,0.0,818.0
2022-03-17 06:00:00,0.0,1211.0,2782.0,0.0,322.0,0.0,0.0,0.0,270.0,0.0,909.0
2022-03-17 07:00:00,0.0,1220.0,2930.0,0.0,445.0,0.0,0.0,0.0,890.0,0.0,916.0
2022-03-17 08:00:00,0.0,1222.0,3053.0,0.0,426.0,0.0,0.0,0.0,1578.0,0.0,802.0
2022-03-17 09:00:00,0.0,1237.0,3054.0,0.0,262.0,0.0,0.0,0.0,2035.0,0.0,726.0
2022-03-17 10:00:00,0.0,1238.0,2891.0,0.0,223.0,0.0,0.0,0.0,2222.0,0.0,808.0
2022-03-17 11:00:00,0.0,1238.0,2795.0,0.0,161.0,0.0,0.0,0.0,2154.0,0.0,869.0
2022-03-17 12:00:00,0.0,1237.0,3008.0,0.0,169.0,0.0,0.0,0.0,1877.0,0.0,826.0
2022-03-17 13:00:00,0.0,1258.0,3258.0,0.0,269.0,0.0,0.0,0.0,1350.0,0.0,947.0
2022-03-17 14:00:00,0.0,1258.0,3495.0,0.0,329.0,0.0,0.0,0.0,854.0,0.0,1139.0
2022-03-17 15:00:00,0.0,1266.0,3372.0,0.0,431.0,0.0,0.0,0.0,499.0,0.0,1332.0
2022-03-17 16:00:00,0.0,1263.0,3482.0,0.0,418.0,0.0,0.0,0.0,170.0,0.0,1392.0
2022-03-17 17:00:00,0.0,1269.0,3743.0,0.0,777.0,0.0,0.0,0.0,11.0,0.0,1425.0
2022-03-17 18:00:00,0.0,1276.0,3717.0,0.0,1080.0,0.0,0.0,0.0,0.0,0.0,1506.0
2022-03-17 19:00:00,0.0,1272.0,3588.0,0.0,1010.0,0.0,0.0,0.0,0.0,0.0,1627.0
2022-03-17 20:00:00,0.0,1265.0,3498.0,0.0,755.0,0.0,0.0,0.0,0.0,0.0,1816.0
2022-03-17 21:00:00,0.0,1247.0,3132.0,0.0,438.0,0.0,0.0,0.0,0.0,0.0,1938.0
2022-03-17 22:00:00,0.0,1260.0,2533.0,0.0,435.0,0.0,0.0,0.0,0.0,0.0,1983.0
2022-03-17 23:00:00,0.0,1241.0,1992.0,0.0,308.0,0.0,0.0,0.0,0.0,0.0,2065.0
2022-03-18 00:00:00,0.0,1178.0,1814.0,0.0,74.0,0.0,0.0,0.0,0.0,0.0,2114.0
2022-03-18 01:00:00,0.0,1099.0,1673.0,0.0,72.0,0.0,0.0,0.0,0.0,0.0,2188.0
2022-03-18 02:00:00,0.0,971.0,1669.0,0.0,73.0,0.0,0.0,0.0,0.0,0.0,2195.0
2022-03-18 03:00:00,0.0,911.0,1729.0,0.0,94.0,0.0,0.0,0.0,0.0,0.0,2245.0
2022-03-18 04:00:00,0.0,911.0,1868.0,0.0,127.0,0.0,0.0,0.0,0.0,0.0,2283.0
2022-03-18 05:00:00,0.0,1000.0,2025.0,0.0,317.0,0.0,0.0,0.0,4.0,0.0,2219.0
2022-03-18 06:00:00,0.0,1082.0,2532.0,0.0,717.0,0.0,0.0,0.0,109.0,0.0,2254.0
2022-03-18 07:00:00,0.0,1119.0,2758.0,0.0,1018.0,0.0,0.0,0.0,312.0,0.0,2290.0
2022-03-18 08:00:00,0.0,1068.0,3334.0,0.0,948.0,0.0,0.0,0.0,514.0,0.0,2297.0
2022-03-18 09:00:00,0.0,986.0,3347.0,0.0,822.0,0.0,0.0,0.0,663.0,0.0,2276.0
2022-03-18 10:00:00,0.0,1026.0,3259.0,0.0,702.0,0.0,0.0,0.0,851.0,0.0,2278.0
2022-03-18 11:00:00,0.0,1062.0,3246.0,0.0,510.0,0.0,0.0,0.0,962.0,0.0,2294.0
2022-03-18 12:00:00,0.0,1040.0,3192.0,0.0,442.0,0.0,0.0,0.0,943.0,0.0,2380.0
2022-03-18 13:00:00,0.0,949.0,3135.0,0.0,378.0,0.0,0.0,0.0,864.0,0.0,2457.0
2022-03-18 14:00:00,0.0,949.0,3138.0,0.0,620.0,0.0,0.0,0.0,705.0,0.0,2464.0
2022-03-18 15:00:00,0.0,941.0,3309.0,0.0,566.0,0.0,0.0,0.0,463.0,0.0,2423.0
2022-03-18 16:00:00,0.0,933.0,3362.0,0.0,818.0,0.0,0.0,0.0,198.0,0.0,2389.0
2022-03-18 17:00:00,0.0,938.0,3529.0,0.0,1239.0,0.0,0.0,0.0,15.0,0.0,2324.0
2022-03-18 18:00:00,0.0,947.0,3655.0,0.0,1357.0,0.0,0.0,0.0,0.0,0.0,2321.0
2022-03-18 19:00:00,0.0,946.0,3640.0,0.0,1215.0,0.0,0.0,0.0,0.0,0.0,2382.0
2022-03-18 20:00:00,0.0,937.0,3530.0,0.0,710.0,0.0,0.0,0.0,0.0,0.0,2334.0
2022-03-18 21:00:00,0.0,952.0,3138.0,0.0,445.0,0.0,0.0,0.0,0.0,0.0,2258.0
2022-03-18 22:00:00,0.0,963.0,2902.0,0.0,348.0,0.0,0.0,0.0,0.0,0.0,2218.0
2022-03-18 23:00:00,0.0,966.0,2335.0,0.0,236.0,0.0,0.0,0.0,0.0,0.0,2228.0
2022-03-19 00:00:00,0.0,935.0,1845.0,0.0,134.0,0.0,0.0,0.0,0.0,0.0,2200.0
2022-03-19 01:00:00,0.0,790.0,1551.0,0.0,180.0,0.0,0.0,0.0,0.0,0.0,2292.0
2022-03-19 02:00:00,0.0,783.0,1295.0,0.0,169.0,0.0,0.0,0.0,0.0,0.0,2382.0
2022-03-19 03:00:00,0.0,775.0,1418.0,0.0,155.0,0.0,0.0,0.0,0.0,0.0,2379.0
2022-03-19 04:00:00,0.0,771.0,1401.0,0.0,163.0,0.0,0.0,0.0,0.0,0.0,2388.0
2022-03-19 05:00:00,0.0,775.0,1476.0,0.0,423.0,0.0,0.0,0.0,9.0,0.0,2332.0
2022-03-19 06:00:00,0.0,780.0,1437.0,0.0,389.0,0.0,0.0,0.0,291.0,0.0,2326.0
2022-03-19 07:00:00,0.0,783.0,1467.0,0.0,413.0,0.0,0.0,0.0,928.0,0.0,2364.0
2022-03-19 08:00:00,0.0,774.0,1538.0,0.0,377.0,0.0,0.0,0.0,1523.0,0.0,2424.0
2022-03-19 09:00:00,0.0,765.0,1404.0,0.0,370.0,0.0,0.0,0.0,1950.0,0.0,2436.0
2022-03-19 10:00:00,0.0,783.0,1267.0,0.0,316.0,0.0,0.0,0.0,2149.0,0.0,2421.0
2022-03-19 11:00:00,0.0,773.0,1356.0,0.0,254.0,0.0,0.0,0.0,2165.0,0.0,2479.0
2022-03-19 12:00:00,0.0,739.0,1356.0,0.0,180.0,0.0,0.0,0.0,2097.0,0.0,2504.0
2022-03-19 13:00:00,0.0,748.0,1373.0,0.0,209.0,0.0,0.0,0.0,1871.0,0.0,2485.0
2022-03-19 14:00:00,0.0,723.0,1459.0,0.0,185.0,0.0,0.0,0.0,1499.0,0.0,2485.0
2022-03-19 15:00:00,0.0,748.0,1762.0,0.0,219.0,0.0,0.0,0.0,993.0,0.0,2491.0
2022-03-19 16:00:00,0.0,782.0,2196.0,0.0,385.0,0.0,0.0,0.0,394.0,0.0,2448.0
2022-03-19 17:00:00,0.0,797.0,2812.0,0.0,842.0,0.0,0.0,0.0,33.0,0.0,2297.0
2022-03-19 18:00:00,0.0,802.0,3077.0,0.0,1284.0,0.0,0.0,0.0,0.0,0.0,2275.0
2022-03-19 19:00:00,0.0,824.0,3071.0,0.0,1410.0,0.0,0.0,0.0,0.0,0.0,2327.0
2022-03-19 20:00:00,0.0,809.0,2847.0,0.0,1003.0,0.0,0.0,0.0,0.0,0.0,2334.0
2022-03-19 21:00:00,0.0,807.0,2768.0,0.0,616.0,0.0,0.0,0.0,0.0,0.0,2359.0
2022-03-19 22:00:00,0.0,786.0,2378.0,0.0,336.0,0.0,0.0,0.0,0.0,0.0,2431.0
2022-03-19 23:00:00,0.0,755.0,2054.0,0.0,151.0,0.0,0.0,0.0,0.0,0.0,2422.0
2022-03-20 00:00:00,0.0,787.0,1531.0,0.0,91.0,0.0,0.0,0.0,0.0,0.0,2411.0
2022-03-20 01:00:00,0.0,797.0,977.0,0.0,119.0,0.0,0.0,0.0,0.0,0.0,2472.0
2022-03-20 02:00:00,0.0,763.0,791.0,0.0,75.0,0.0,0.0,0.0,0.0,0.0,2517.0
2022-03-20 03:00:00,0.0,721.0,774.0,0.0,50.0,0.0,0.0,0.0,0.0,0.0,2579.0
2022-03-20 04:00:00,0.0,707.0,757.0,0.0,51.0,0.0,0.0,0.0,0.0,0.0,2638.0
2022-03-20 05:00:00,0.0,708.0,757.0,0.0,117.0,0.0,0.0,0.0,13.0,0.0,2596.0
2022-03-20 06:00:00,0.0,720.0,757.0,0.0,222.0,0.0,0.0,0.0,358.0,0.0,2605.0
2022-03-20 07:00:00,0.0,722.0,746.0,0.0,243.0,0.0,0.0,0.0,1105.0,0.0,2627.0
2022-03-20 08:00:00,0.0,720.0,746.0,0.0,166.0,0.0,0.0,0.0,1800.0,0.0,2627.0
2022-03-20 09:00:00,0.0,730.0,776.0,0.0,153.0,0.0,0.0,0.0,2262.0,0.0,2584.0
2022-03-20 10:00:00,0.0,749.0,912.0,0.0,116.0,0.0,0.0,0.0,2460.0,0.0,2643.0
2022-03-20 11:00:00,0.0,788.0,1045.0,0.0,78.0,0.0,0.0,0.0,2488.0,0.0,2716.0
2022-03-20 12:00:00,0.0,780.0,911.0,0.0,223.0,0.0,0.0,0.0,2396.0,0.0,2688.0
2022-03-20 13:00:00,0.0,738.0,845.0,0.0,259.0,0.0,0.0,0.0,2145.0,0.0,2663.0
2022-03-20 14:00:00,0.0,740.0,1006.0,0.0,309.0,0.0,0.0,0.0,1744.0,0.0,2629.0
2022-03-20 15:00:00,0.0,754.0,1366.0,0.0,287.0,0.0,0.0,0.0,1182.0,0.0,2620.0
2022-03-20 16:00:00,0.0,758.0,1752.0,0.0,477.0,0.0,0.0,0.0,501.0,0.0,2601.0
2022-03-20 17:00:00,0.0,773.0,2195.0,0.0,897.0,0.0,0.0,0.0,45.0,0.0,2604.0
2022-03-20 18:00:00,0.0,774.0,2453.0,0.0,967.0,0.0,0.0,0.0,0.0,0.0,2586.0
2022-03-20 19:00:00,0.0,778.0,2576.0,0.0,698.0,0.0,0.0,0.0,0.0,0.0,2569.0
2022-03-20 20:00:00,0.0,780.0,2680.0,0.0,494.0,0.0,0.0,0.0,0.0,0.0,2532.0
2022-03-20 21:00:00,0.0,784.0,2570.0,0.0,365.0,0.0,0.0,0.0,0.0,0.0,2502.0
2022-03-20 22:00:00,0.0,787.0,2396.0,0.0,322.0,0.0,0.0,0.0,0.0,0.0,2480.0
2022-03-20 23:00:00,0.0,747.0,1894.0,0.0,244.0,0.0,0.0,0.0,0.0,0.0,2502.0
2022-03-21 00:00:00,0.0,618.0,1709.0,0.0,53.0,0.0,0.0,0.0,0.0,0.0,2534.0
2022-03-21 01:00:00,0.0,611.0,1438.0,0.0,50.0,0.0,0.0,0.0,0.0,0.0,2529.0
2022-03-21 02:00:00,0.0,591.0,1294.0,0.0,50.0,0.0,0.0,0.0,0.0,0.0,2468.0
2022-03-21 03:00:00,0.0,584.0,1266.0,0.0,50.0,0.0,0.0,0.0,0.0,0.0,2433.0
2022-03-21 04:00:00,0.0,584.0,1495.0,0.0,52.0,0.0,0.0,0.0,0.0,0.0,2426.0
2022-03-21 05:00:00,0.0,634.0,1523.0,0.0,185.0,0.0,0.0,0.0,14.0,0.0,2380.0
2022-03-21 06:00:00,0.0,783.0,2057.0,0.0,405.0,0.0,0.0,0.0,375.0,0.0,2327.0
2022-03-21 07:00:00,0.0,824.0,2193.0,0.0,365.0,0.0,0.0,0.0,1167.0,0.0,2391.0
2022-03-21 08:00:00,0.0,833.0,2160.0,0.0,382.0,0.0,0.0,0.0,1889.0,0.0,2414.0
2022-03-21 09:00:00,0.0,826.0,2009.0,0.0,297.0,0.0,0.0,0.0,2340.0,0.0,2395.0
2022-03-21 10:00:00,0.0,813.0,1708.0,0.0,187.0,0.0,0.0,0.0,2451.0,0.0,2410.0
2022-03-21 11:00:00,0.0,795.0,1659.0,0.0,184.0,0.0,0.0,0.0,2438.0,0.0,2418.0
2022-03-21 12:00:00,0.0,783.0,1627.0,0.0,185.0,0.0,0.0,0.0,2380.0,0.0,2396.0
2022-03-21 13:00:00,0.0,795.0,1666.0,0.0,236.0,0.0,0.0,0.0,2155.0,0.0,2404.0
2022-03-21 14:00:00,0.0,786.0,1640.0,0.0,372.0,0.0,0.0,0.0,1740.0,0.0,2359.0
2022-03-21 15:00:00,0.0,790.0,2195.0,0.0,311.0,0.0,0.0,0.0,1214.0,0.0,2347.0
2022-03-21 16:00:00,0.0,822.0,2737.0,0.0,570.0,0.0,0.0,0.0,526.0,0.0,2277.0
2022-03-21 17:00:00,0.0,827.0,3044.0,0.0,928.0,0.0,0.0,0.0,47.0,0.0,2220.0
2022-03-21 18:00:00,0.0,833.0,3100.0,0.0,1521.0,0.0,0.0,0.0,0.0,0.0,2205.0
2022-03-21 19:00:00,0.0,838.0,2953.0,0.0,1050.0,0.0,0.0,0.0,0.0,0.0,2252.0
2022-03-21 20:00:00,0.0,899.0,2895.0,0.0,645.0,0.0,0.0,0.0,0.0,0.0,2287.0
2022-03-21 21:00:00,0.0,933.0,2727.0,0.0,361.0,0.0,0.0,0.0,0.0,0.0,2324.0
2022-03-21 22:00:00,0.0,956.0,2528.0,0.0,292.0,0.0,0.0,0.0,0.0,0.0,2288.0
2022-03-21 23:00:00,0.0,945.0,2063.0,0.0,168.0,0.0,0.0,0.0,0.0,0.0,2221.0
2022-03-22 00:00:00,0.0,855.0,1560.0,0.0,18.0,0.0,0.0,0.0,0.0,0.0,2203.0
2022-03-22 01:00:00,0.0,794.0,1273.0,0.0,51.0,0.0,0.0,0.0,0.0,0.0,2270.0
2022-03-22 02:00:00,0.0,790.0,1122.0,0.0,19.0,0.0,0.0,0.0,0.0,0.0,2334.0
2022-03-22 03:00:00,0.0,797.0,1093.0,0.0,30.0,0.0,0.0,0.0,0.0,0.0,2367.0
2022-03-22 04:00:00,0.0,795.0,1187.0,0.0,19.0,0.0,0.0,0.0,0.0,0.0,2292.0
2022-03-22 05:00:00,0.0,790.0,1316.0,0.0,120.0,0.0,0.0,0.0,15.0,0.0,2361.0
2022-03-22 06:00:00,0.0,817.0,1872.0,0.0,535.0,0.0,0.0,0.0,357.0,0.0,2461.0
2022-03-22 07:00:00,0.0,813.0,1952.0,0.0,475.0,0.0,0.0,0.0,1110.0,0.0,2493.0
2022-03-22 08:00:00,0.0,816.0,1834.0,0.0,430.0,0.0,0.0,0.0,1927.0,0.0,2482.0
2022-03-22 09:00:00,0.0,780.0,1505.0,0.0,294.0,0.0,0.0,0.0,2495.0,0.0,2508.0
2022-03-22 10:00:00,0.0,742.0,1361.0,0.0,60.0,0.0,0.0,0.0,2807.0,0.0,2505.0
2022-03-22 11:00:00,0.0,743.0,1241.0,0.0,80.0,0.0,0.0,0.0,2918.0,0.0,2426.0
2022-03-22 12:00:00,0.0,740.0,1239.0,0.0,21.0,0.0,0.0,0.0,2728.0,0.0,2424.0
2022-03-22 13:00:00,0.0,747.0,1241.0,0.0,33.0,0.0,0.0,0.0,2433.0,0.0,2443.0
2022-03-22 14:00:00,0.0,767.0,1579.0,0.0,144.0,0.0,0.0,0.0,1838.0,0.0,2403.0
2022-03-22 15:00:00,0.0,771.0,1889.0,0.0,179.0,0.0,0.0,0.0,1142.0,0.0,2336.0
2022-03-22 16:00:00,0.0,775.0,2448.0,0.0,358.0,0.0,0.0,0.0,413.0,0.0,2303.0
2022-03-22 17:00:00,0.0,784.0,3053.0,0.0,920.0,0.0,0.0,0.0,39.0,0.0,2090.0
2022-03-22 18:00:00,0.0,780.0,3427.0,0.0,1112.0,0.0,0.0,0.0,0.0,0.0,2109.0
2022-03-22 19:00:00,0.0,787.0,3511.0,0.0,1023.0,0.0,0.0,0.0,0.0,0.0,2121.0
2022-03-22 20:00:00,0.0,819.0,3305.0,0.0,714.0,0.0,0.0,0.0,0.0,0.0,2235.0
2022-03-22 21:00:00,0.0,818.0,2996.0,0.0,283.0,0.0,0.0,0.0,0.0,0.0,2275.0
2022-03-22 22:00:00,0.0,809.0,2672.0,0.0,231.0,0.0,0.0,0.0,0.0,0.0,2384.0
2022-03-22 23:00:00,0.0,786.0,1901.0,0.0,120.0,0.0,0.0,0.0,0.0,0.0,2506.0
2022-03-23 00:00:00,0.0,690.0,1553.0,0.0,36.0,0.0,0.0,0.0,0.0,0.0,2454.0
2022-03-23 01:00:00,0.0,599.0,1338.0,0.0,47.0,0.0,0.0,0.0,0.0,0.0,2430.0
2022-03-23 02:00:00,0.0,579.0,983.0,0.0,36.0,0.0,0.0,0.0,0.0,0.0,2506.0
2022-03-23 03:00:00,0.0,592.0,991.0,0.0,36.0,0.0,0.0,0.0,0.0,0.0,2504.0
2022-03-23 04:00:00,0.0,598.0,1128.0,0.0,58.0,0.0,0.0,0.0,0.0,0.0,2530.0
2022-03-23 05:00:00,0.0,641.0,1308.0,0.0,287.0,0.0,0.0,0.0,17.0,0.0,2496.0
2022-03-23 06:00:00,0.0,714.0,1747.0,0.0,618.0,0.0,0.0,0.0,380.0,0.0,2387.0
2022-03-23 07:00:00,0.0,749.0,1977.0,0.0,508.0,0.0,0.0,0.0,1095.0,0.0,2272.0
2022-03-23 08:00:00,0.0,755.0,2013.0,0.0,402.0,0.0,0.0,0.0,1762.0,0.0,2320.0
2022-03-23 09:00:00,0.0,753.0,1786.0,0.0,144.0,0.0,0.0,0.0,2250.0,0.0,2340.0
2022-03-23 10:00:00,0.0,773.0,1242.0,0.0,122.0,0.0,0.0,0.0,2610.0,0.0,2361.0
2022-03-23 11:00:00,0.0,757.0,1109.0,0.0,139.0,0.0,0.0,0.0,2793.0,0.0,2324.0
2022-03-23 12:00:00,0.0,740.0,1241.0,0.0,99.0,0.0,0.0,0.0,2733.0,0.0,2286.0
2022-03-23 13:00:00,0.0,739.0,1194.0,0.0,76.0,0.0,0.0,0.0,2518.0,0.0,2337.0
2022-03-23 14:00:00,0.0,778.0,1348.0,0.0,75.0,0.0,0.0,0.0,2181.0,0.0,2322.0
2022-03-23 15:00:00,0.0,793.0,1672.0,0.0,51.0,0.0,0.0,0.0,1589.0,0.0,2271.0
2022-03-23 16:00:00,0.0,782.0,2116.0,0.0,170.0,0.0,0.0,0.0,693.0,0.0,2227.0
2022-03-23 17:00:00,0.0,804.0,2828.0,0.0,769.0,0.0,0.0,0.0,64.0,0.0,2167.0
2022-03-23 18:00:00,0.0,821.0,3113.0,0.0,980.0,0.0,0.0,0.0,0.0,0.0,2096.0
2022-03-23 19:00:00,0.0,835.0,3315.0,0.0,1469.0,0.0,0.0,0.0,0.0,0.0,2124.0
2022-03-23 20:00:00,0.0,837.0,3159.0,0.0,632.0,0.0,0.0,0.0,0.0,0.0,2117.0
2022-03-23 21:00:00,0.0,826.0,3204.0,0.0,293.0,0.0,0.0,0.0,0.0,0.0,2139.0
2022-03-23 22:00:00,0.0,825.0,3243.0,0.0,284.0,0.0,0.0,0.0,0.0,0.0,2168.0
2022-03-23 23:00:00,0.0,815.0,2649.0,0.0,69.0,0.0,0.0,0.0,0.0,0.0,2160.0
2022-03-24 00:00:00,0.0,791.0,2212.0,0.0,69.0,0.0,0.0,0.0,0.0,0.0,2100.0
2022-03-24 01:00:00,0.0,775.0,1784.0,0.0,8.0,0.0,0.0,0.0,0.0,0.0,2071.0
2022-03-24 02:00:00,0.0,786.0,1782.0,0.0,7.0,0.0,0.0,0.0,0.0,0.0,2047.0
2022-03-24 03:00:00,0.0,769.0,1482.0,0.0,7.0,0.0,0.0,0.0,0.0,0.0,2132.0
2022-03-24 04:00:00,0.0,801.0,1660.0,0.0,7.0,0.0,0.0,0.0,0.0,0.0,2154.0
2022-03-24 05:00:00,0.0,813.0,2024.0,0.0,210.0,0.0,0.0,0.0,23.0,0.0,2106.0
2022-03-24 06:00:00,0.0,806.0,2430.0,0.0,390.0,0.0,0.0,0.0,518.0,0.0,2046.0
2022-03-24 07:00:00,0.0,794.0,2601.0,0.0,477.0,0.0,0.0,0.0,1437.0,0.0,1872.0
2022-03-24 08:00:00,0.0,770.0,2412.0,0.0,352.0,0.0,0.0,0.0,2195.0,0.0,1707.0
2022-03-24 09:00:00,0.0,743.0,2023.0,0.0,211.0,0.0,0.0,0.0,2692.0,0.0,1688.0
2022-03-24 10:00:00,0.0,766.0,1734.0,0.0,159.0,0.0,0.0,0.0,2978.0,0.0,1536.0
2022-03-24 11:00:00,0.0,769.0,1722.0,0.0,130.0,0.0,0.0,0.0,3064.0,0.0,1358.0
2022-03-24 12:00:00,0.0,758.0,1833.0,0.0,129.0,0.0,0.0,0.0,2983.0,0.0,1161.0
2022-03-24 13:00:00,0.0,754.0,1923.0,0.0,135.0,0.0,0.0,0.0,2715.0,0.0,943.0
2022-03-24 14:00:00,0.0,789.0,2289.0,0.0,153.0,0.0,0.0,0.0,2250.0,0.0,854.0
2022-03-24 15:00:00,0.0,772.0,2743.0,0.0,97.0,0.0,0.0,0.0,1534.0,0.0,824.0
2022-03-24 16:00:00,0.0,788.0,3071.0,0.0,280.0,0.0,0.0,0.0,646.0,0.0,695.0
2022-03-24 17:00:00,0.0,810.0,3381.0,0.0,764.0,0.0,0.0,0.0,60.0,0.0,612.0
2022-03-24 18:00:00,0.0,822.0,3648.0,0.0,831.0,0.0,0.0,0.0,0.0,0.0,575.0
2022-03-24 19:00:00,0.0,836.0,3900.0,0.0,1053.0,0.0,0.0,0.0,0.0,0.0,588.0
2022-03-24 20:00:00,0.0,821.0,3744.0,0.0,420.0,0.0,0.0,0.0,0.0,0.0,633.0
2022-03-24 21:00:00,0.0,786.0,3703.0,0.0,279.0,0.0,0.0,0.0,0.0,0.0,693.0
2022-03-24 22:00:00,0.0,773.0,3764.0,0.0,204.0,0.0,0.0,0.0,0.0,0.0,736.0
2022-03-24 23:00:00,0.0,604.0,3396.0,0.0,17.0,0.0,0.0,0.0,0.0,0.0,780.0
2022-03-25 00:00:00,0.0,567.0,3147.0,0.0,7.0,0.0,0.0,0.0,0.0,0.0,854.0
2022-03-25 01:00:00,0.0,569.0,2854.0,0.0,7.0,0.0,0.0,0.0,0.0,0.0,909.0
2022-03-25 02:00:00,0.0,571.0,2676.0,0.0,7.0,0.0,0.0,0.0,0.0,0.0,870.0
2022-03-25 03:00:00,0.0,577.0,2550.0,0.0,7.0,0.0,0.0,0.0,0.0,0.0,903.0
2022-03-25 04:00:00,0.0,572.0,2466.0,0.0,8.0,0.0,0.0,0.0,0.0,0.0,1016.0
2022-03-25 05:00:00,0.0,575.0,2607.0,0.0,71.0,0.0,0.0,0.0,23.0,0.0,1069.0
2022-03-25 06:00:00,0.0,576.0,2866.0,0.0,341.0,0.0,0.0,0.0,498.0,0.0,918.0
2022-03-25 07:00:00,0.0,575.0,2694.0,0.0,361.0,0.0,0.0,0.0,1384.0,0.0,780.0
2022-03-25 08:00:00,0.0,575.0,2171.0,0.0,314.0,0.0,0.0,0.0,2125.0,0.0,685.0
2022-03-25 09:00:00,0.0,568.0,1795.0,0.0,105.0,0.0,0.0,0.0,2640.0,0.0,661.0
2022-03-25 10:00:00,0.0,524.0,1500.0,0.0,64.0,0.0,0.0,0.0,2930.0,0.0,768.0
2022-03-25 11:00:00,0.0,522.0,1505.0,0.0,57.0,0.0,0.0,0.0,3021.0,0.0,884.0
2022-03-25 12:00:00,0.0,544.0,1601.0,0.0,38.0,0.0,0.0,0.0,2933.0,0.0,845.0
2022-03-25 13:00:00,0.0,541.0,1357.0,0.0,76.0,0.0,0.0,0.0,2660.0,0.0,758.0
2022-03-25 14:00:00,0.0,542.0,1477.0,0.0,119.0,0.0,0.0,0.0,2178.0,0.0,836.0
2022-03-25 15:00:00,0.0,546.0,1831.0,0.0,138.0,0.0,0.0,0.0,1477.0,0.0,910.0
2022-03-25 16:00:00,0.0,555.0,2666.0,0.0,470.0,0.0,0.0,0.0,623.0,0.0,935.0
2022-03-25 17:00:00,0.0,560.0,3135.0,0.0,905.0,0.0,0.0,0.0,61.0,0.0,946.0
2022-03-25 18:00:00,0.0,558.0,3181.0,0.0,940.0,0.0,0.0,0.0,0.0,0.0,946.0
2022-03-25 19:00:00,0.0,567.0,3380.0,0.0,740.0,0.0,0.0,0.0,0.0,0.0,936.0
2022-03-25 20:00:00,0.0,567.0,3601.0,0.0,307.0,0.0,0.0,0.0,0.0,0.0,953.0
2022-03-25 21:00:00,0.0,567.0,3629.0,0.0,153.0,0.0,0.0,0.0,0.0,0.0,851.0
2022-03-25 22:00:00,0.0,571.0,3585.0,0.0,191.0,0.0,0.0,0.0,0.0,0.0,881.0
2022-03-25 23:00:00,0.0,570.0,3151.0,0.0,21.0,0.0,0.0,0.0,0.0,0.0,875.0
2022-03-26 00:00:00,0.0,569.0,2404.0,0.0,36.0,0.0,0.0,0.0,0.0,0.0,1096.0
2022-03-26 01:00:00,0.0,573.0,2064.0,0.0,36.0,0.0,0.0,0.0,0.0,0.0,1206.0
2022-03-26 02:00:00,0.0,573.0,1594.0,0.0,36.0,0.0,0.0,0.0,0.0,0.0,1332.0
2022-03-26 03:00:00,0.0,566.0,1504.0,0.0,36.0,0.0,0.0,0.0,0.0,0.0,1403.0
2022-03-26 04:00:00,0.0,545.0,1554.0,0.0,37.0,0.0,0.0,0.0,0.0,0.0,1401.0
2022-03-26 05:00:00,0.0,547.0,1572.0,0.0,71.0,0.0,0.0,0.0,27.0,0.0,1425.0
2022-03-26 06:00:00,0.0,550.0,1628.0,0.0,132.0,0.0,0.0,0.0,502.0,0.0,1354.0
2022-03-26 07:00:00,0.0,561.0,1645.0,0.0,169.0,0.0,0.0,0.0,1374.0,0.0,1120.0
2022-03-26 08:00:00,0.0,562.0,1616.0,0.0,102.0,0.0,0.0,0.0,2117.0,0.0,889.0
2022-03-26 09:00:00,0.0,563.0,1451.0,0.0,73.0,0.0,0.0,0.0,2616.0,0.0,717.0
2022-03-26 10:00:00,0.0,546.0,1338.0,0.0,62.0,0.0,0.0,0.0,2889.0,0.0,604.0
2022-03-26 11:00:00,0.0,505.0,1331.0,0.0,35.0,0.0,0.0,0.0,2980.0,0.0,481.0
2022-03-26 12:00:00,0.0,528.0,1348.0,0.0,23.0,0.0,0.0,0.0,2899.0,0.0,454.0
2022-03-26 13:00:00,0.0,550.0,1376.0,0.0,62.0,0.0,0.0,0.0,2627.0,0.0,417.0
2022-03-26 14:00:00,0.0,509.0,1259.0,0.0,51.0,0.0,0.0,0.0,2113.0,0.0,435.0
2022-03-26 15:00:00,0.0,515.0,1860.0,0.0,68.0,0.0,0.0,0.0,1426.0,0.0,442.0
2022-03-26 16:00:00,0.0,543.0,2750.0,0.0,180.0,0.0,0.0,0.0,570.0,0.0,419.0
2022-03-26 17:00:00,0.0,565.0,3249.0,0.0,628.0,0.0,0.0,0.0,53.0,0.0,423.0
2022-03-26 18:00:00,0.0,564.0,3443.0,0.0,846.0,0.0,0.0,0.0,0.0,0.0,435.0
2022-03-26 19:00:00,0.0,561.0,3583.0,0.0,799.0,0.0,0.0,0.0,0.0,0.0,383.0
2022-03-26 20:00:00,0.0,561.0,3624.0,0.0,435.0,0.0,0.0,0.0,0.0,0.0,328.0
2022-03-26 21:00:00,0.0,564.0,3667.0,0.0,315.0,0.0,0.0,0.0,0.0,0.0,354.0
2022-03-26 22:00:00,0.0,565.0,3693.0,0.0,68.0,0.0,0.0,0.0,0.0,0.0,371.0
2022-03-26 23:00:00,0.0,563.0,3466.0,0.0,7.0,0.0,0.0,0.0,0.0,0.0,346.0
2022-03-27 00:00:00,0.0,568.0,2967.0,0.0,32.0,0.0,0.0,0.0,0.0,0.0,330.0
2022-03-27 01:00:00,0.0,570.0,2780.0,0.0,32.0,0.0,0.0,0.0,0.0,0.0,279.0
2022-03-27 02:00:00,0.0,0.0,0.0,0.0,0.0,0.0,0.0,0.0,0.0,0.0,0.0
2022-03-27 03:00:00,0.0,571.0,2604.0,0.0,68.0,0.0,0.0,0.0,0.0,0.0,232.0
2022-03-27 04:00:00,0.0,0.0,0.0,0.0,0.0,0.0,0.0,0.0,0.0,0.0,0.0
2022-03-27 05:00:00,0.0,0.0,0.0,0.0,0.0,0.0,0.0,0.0,0.0,0.0,0.0
2022-03-27 06:00:00,0.0,571.0,2479.0,0.0,155.0,0.0,0.0,0.0,45.0,0.0,154.0
2022-03-27 07:00:00,0.0,572.0,2276.0,0.0,284.0,0.0,0.0,0.0,425.0,0.0,115.0
2022-03-27 08:00:00,0.0,582.0,1853.0,0.0,316.0,0.0,0.0,0.0,1172.0,0.0,122.0
2022-03-27 09:00:00,0.0,584.0,1273.0,0.0,121.0,0.0,0.0,0.0,1878.0,0.0,129.0
2022-03-27 10:00:00,0.0,570.0,771.0,0.0,270.0,0.0,0.0,0.0,2369.0,0.0,139.0
2022-03-27 11:00:00,0.0,549.0,524.0,0.0,485.0,0.0,0.0,0.0,2642.0,0.0,161.0
2022-03-27 12:00:00,0.0,557.0,503.0,0.0,713.0,0.0,0.0,0.0,2734.0,0.0,194.0
2022-03-27 13:00:00,0.0,556.0,491.0,0.0,545.0,0.0,0.0,0.0,2633.0,0.0,233.0
2022-03-27 14:00:00,0.0,557.0,490.0,0.0,620.0,0.0,0.0,0.0,2341.0,0.0,293.0
2022-03-27 15:00:00,0.0,556.0,923.0,0.0,436.0,0.0,0.0,0.0,1850.0,0.0,334.0
2022-03-27 16:00:00,0.0,557.0,1819.0,0.0,319.0,0.0,0.0,0.0,1190.0,0.0,372.0
2022-03-27 17:00:00,0.0,551.0,2579.0,0.0,375.0,0.0,0.0,0.0,490.0,0.0,436.0
2022-03-27 18:00:00,0.0,560.0,3034.0,0.0,742.0,0.0,0.0,0.0,75.0,0.0,504.0
2022-03-27 19:00:00,0.0,559.0,3268.0,0.0,941.0,0.0,0.0,0.0,0.0,0.0,465.0
2022-03-27 20:00:00,0.0,563.0,3193.0,0.0,925.0,0.0,0.0,0.0,0.0,0.0,377.0
2022-03-27 21:00:00,0.0,570.0,3219.0,0.0,955.0,0.0,0.0,0.0,0.0,0.0,312.0
2022-03-27 22:00:00,0.0,569.0,3327.0,0.0,634.0,0.0,0.0,0.0,0.0,0.0,265.0
2022-03-27 23:00:00,0.0,570.0,3282.0,0.0,214.0,0.0,0.0,0.0,0.0,0.0,283.0
2022-03-28 00:00:00,0.0,568.0,2776.0,0.0,33.0,0.0,0.0,0.0,0.0,0.0,267.0
2022-03-28 01:00:00,0.0,580.0,2716.0,0.0,32.0,0.0,0.0,0.0,0.0,0.0,308.0
2022-03-28 02:00:00,0.0,584.0,2579.0,0.0,32.0,0.0,0.0,0.0,0.0,0.0,400.0
2022-03-28 03:00:00,0.0,584.0,2426.0,0.0,32.0,0.0,0.0,0.0,0.0,0.0,394.0
2022-03-28 04:00:00,0.0,583.0,2549.0,0.0,32.0,0.0,0.0,0.0,0.0,0.0,459.0
2022-03-28 05:00:00,0.0,581.0,2555.0,0.0,32.0,0.0,0.0,0.0,0.0,0.0,531.0
2022-03-28 06:00:00,0.0,583.0,3210.0,0.0,288.0,0.0,0.0,0.0,21.0,0.0,549.0
2022-03-28 07:00:00,0.0,597.0,3679.0,0.0,858.0,0.0,0.0,0.0,211.0,0.0,392.0
2022-03-28 08:00:00,0.0,582.0,3766.0,0.0,1454.0,0.0,0.0,0.0,531.0,0.0,265.0
2022-03-28 09:00:00,0.0,581.0,3662.0,0.0,1018.0,0.0,0.0,0.0,839.0,0.0,261.0
2022-03-28 10:00:00,0.0,579.0,3452.0,0.0,761.0,0.0,0.0,0.0,1032.0,0.0,337.0
2022-03-28 11:00:00,0.0,579.0,3504.0,0.0,441.0,0.0,0.0,0.0,1104.0,0.0,462.0
2022-03-28 12:00:00,0.0,576.0,3536.0,0.0,292.0,0.0,0.0,0.0,1268.0,0.0,466.0
2022-03-28 13:00:00,0.0,575.0,3477.0,0.0,225.0,0.0,0.0,0.0,1145.0,0.0,446.0
2022-03-28 14:00:00,0.0,571.0,3323.0,0.0,211.0,0.0,0.0,0.0,1054.0,0.0,424.0
2022-03-28 15:00:00,0.0,573.0,3039.0,0.0,108.0,0.0,0.0,0.0,987.0,0.0,437.0
2022-03-28 16:00:00,0.0,570.0,3284.0,0.0,57.0,0.0,0.0,0.0,733.0,0.0,361.0
2022-03-28 17:00:00,0.0,566.0,3429.0,0.0,382.0,0.0,0.0,0.0,342.0,0.0,380.0
2022-03-28 18:00:00,0.0,558.0,3596.0,0.0,700.0,0.0,0.0,0.0,47.0,0.0,457.0
2022-03-28 19:00:00,0.0,558.0,3717.0,0.0,634.0,0.0,0.0,0.0,0.0,0.0,590.0
2022-03-28 20:00:00,0.0,565.0,3737.0,0.0,536.0,0.0,0.0,0.0,0.0,0.0,684.0
2022-03-28 21:00:00,0.0,563.0,3687.0,0.0,310.0,0.0,0.0,0.0,0.0,0.0,648.0
2022-03-28 22:00:00,0.0,564.0,3679.0,0.0,62.0,0.0,0.0,0.0,0.0,0.0,601.0
2022-03-28 23:00:00,0.0,564.0,3159.0,0.0,13.0,0.0,0.0,0.0,0.0,0.0,634.0
2022-03-29 00:00:00,0.0,569.0,2506.0,0.0,32.0,0.0,0.0,0.0,0.0,0.0,612.0
2022-03-29 01:00:00,0.0,610.0,2446.0,0.0,32.0,0.0,0.0,0.0,0.0,0.0,544.0
2022-03-29 02:00:00,0.0,647.0,2292.0,0.0,32.0,0.0,0.0,0.0,0.0,0.0,534.0
2022-03-29 03:00:00,0.0,658.0,2315.0,0.0,32.0,0.0,0.0,0.0,0.0,0.0,495.0
2022-03-29 04:00:00,0.0,662.0,2497.0,0.0,32.0,0.0,0.0,0.0,0.0,0.0,463.0
2022-03-29 05:00:00,0.0,667.0,3035.0,0.0,38.0,0.0,0.0,0.0,0.0,0.0,443.0
2022-03-29 06:00:00,0.0,670.0,3613.0,0.0,415.0,0.0,0.0,0.0,29.0,0.0,491.0
2022-03-29 07:00:00,0.0,674.0,3817.0,0.0,688.0,0.0,0.0,0.0,355.0,0.0,425.0
2022-03-29 08:00:00,0.0,673.0,3766.0,0.0,800.0,0.0,0.0,0.0,1000.0,0.0,367.0
2022-03-29 09:00:00,0.0,675.0,3470.0,0.0,495.0,0.0,0.0,0.0,1683.0,0.0,382.0
2022-03-29 10:00:00,0.0,685.0,3163.0,0.0,98.0,0.0,0.0,0.0,2252.0,0.0,425.0
2022-03-29 11:00:00,0.0,690.0,2727.0,0.0,86.0,0.0,0.0,0.0,2587.0,0.0,472.0
2022-03-29 12:00:00,0.0,695.0,2459.0,0.0,80.0,0.0,0.0,0.0,2646.0,0.0,510.0
2022-03-29 13:00:00,0.0,707.0,2244.0,0.0,97.0,0.0,0.0,0.0,2420.0,0.0,513.0
2022-03-29 14:00:00,0.0,687.0,2269.0,0.0,93.0,0.0,0.0,0.0,2125.0,0.0,522.0
2022-03-29 15:00:00,0.0,692.0,2528.0,0.0,93.0,0.0,0.0,0.0,1723.0,0.0,472.0
2022-03-29 16:00:00,0.0,686.0,2862.0,0.0,158.0,0.0,0.0,0.0,1100.0,0.0,452.0
2022-03-29 17:00:00,0.0,693.0,3119.0,0.0,518.0,0.0,0.0,0.0,421.0,0.0,405.0
2022-03-29 18:00:00,0.0,694.0,3287.0,0.0,1042.0,0.0,0.0,0.0,53.0,0.0,382.0
2022-03-29 19:00:00,0.0,583.0,3728.0,0.0,1197.0,0.0,0.0,0.0,0.0,0.0,394.0
2022-03-29 20:00:00,0.0,377.0,3775.0,0.0,1100.0,0.0,0.0,0.0,0.0,0.0,443.0
2022-03-29 21:00:00,0.0,369.0,3613.0,0.0,670.0,0.0,0.0,0.0,0.0,0.0,543.0
2022-03-29 22:00:00,0.0,377.0,3433.0,0.0,432.0,0.0,0.0,0.0,0.0,0.0,599.0
2022-03-29 23:00:00,0.0,379.0,3207.0,0.0,121.0,0.0,0.0,0.0,0.0,0.0,621.0
2022-03-30 00:00:00,0.0,379.0,3254.0,0.0,7.0,0.0,0.0,0.0,0.0,0.0,595.0
2022-03-30 01:00:00,0.0,379.0,3275.0,0.0,7.0,0.0,0.0,0.0,0.0,0.0,507.0
2022-03-30 02:00:00,0.0,375.0,3215.0,0.0,7.0,0.0,0.0,0.0,0.0,0.0,452.0
2022-03-30 03:00:00,0.0,374.0,3288.0,0.0,7.0,0.0,0.0,0.0,0.0,0.0,413.0
2022-03-30 04:00:00,0.0,372.0,3490.0,0.0,9.0,0.0,0.0,0.0,0.0,0.0,360.0
2022-03-30 05:00:00,0.0,369.0,3724.0,0.0,144.0,0.0,0.0,0.0,0.0,0.0,320.0
2022-03-30 06:00:00,0.0,372.0,3962.0,0.0,1005.0,0.0,0.0,0.0,54.0,0.0,270.0
2022-03-30 07:00:00,0.0,376.0,3840.0,0.0,1201.0,0.0,0.0,0.0,500.0,0.0,239.0
2022-03-30 08:00:00,0.0,383.0,3676.0,0.0,1023.0,0.0,0.0,0.0,1217.0,0.0,258.0
2022-03-30 09:00:00,0.0,375.0,3518.0,0.0,744.0,0.0,0.0,0.0,1735.0,0.0,256.0
2022-03-30 10:00:00,0.0,371.0,3483.0,0.0,506.0,0.0,0.0,0.0,1935.0,0.0,299.0
2022-03-30 11:00:00,0.0,387.0,3333.0,0.0,364.0,0.0,0.0,0.0,2109.0,0.0,383.0
2022-03-30 12:00:00,0.0,395.0,3152.0,0.0,203.0,0.0,0.0,0.0,2182.0,0.0,484.0
2022-03-30 13:00:00,0.0,370.0,3026.0,0.0,112.0,0.0,0.0,0.0,2123.0,0.0,720.0
2022-03-30 14:00:00,0.0,352.0,2855.0,0.0,108.0,0.0,0.0,0.0,1968.0,0.0,945.0
2022-03-30 15:00:00,0.0,353.0,2628.0,0.0,84.0,0.0,0.0,0.0,1627.0,0.0,1152.0
2022-03-30 16:00:00,0.0,353.0,2946.0,0.0,151.0,0.0,0.0,0.0,891.0,0.0,1181.0
2022-03-30 17:00:00,0.0,372.0,3260.0,0.0,434.0,0.0,0.0,0.0,335.0,0.0,1211.0
2022-03-30 18:00:00,0.0,375.0,3425.0,0.0,802.0,0.0,0.0,0.0,35.0,0.0,1335.0
2022-03-30 19:00:00,0.0,374.0,3678.0,0.0,1022.0,0.0,0.0,0.0,0.0,0.0,1397.0
2022-03-30 20:00:00,0.0,365.0,3695.0,0.0,772.0,0.0,0.0,0.0,0.0,0.0,1463.0
2022-03-30 21:00:00,0.0,369.0,3339.0,0.0,539.0,0.0,0.0,0.0,0.0,0.0,1530.0
2022-03-30 22:00:00,0.0,377.0,3063.0,0.0,379.0,0.0,0.0,0.0,0.0,0.0,1571.0
2022-03-30 23:00:00,0.0,378.0,2656.0,0.0,143.0,0.0,0.0,0.0,0.0,0.0,1634.0
2022-03-31 00:00:00,0.0,373.0,2183.0,0.0,8.0,0.0,0.0,0.0,0.0,0.0,1626.0
2022-03-31 01:00:00,0.0,365.0,2093.0,0.0,7.0,0.0,0.0,0.0,0.0,0.0,1544.0
2022-03-31 02:00:00,0.0,354.0,1847.0,0.0,25.0,0.0,0.0,0.0,0.0,0.0,1541.0
2022-03-31 03:00:00,0.0,350.0,1820.0,0.0,34.0,0.0,0.0,0.0,0.0,0.0,1520.0
2022-03-31 04:00:00,0.0,348.0,1926.0,0.0,34.0,0.0,0.0,0.0,0.0,0.0,1550.0
2022-03-31 05:00:00,0.0,348.0,2134.0,0.0,56.0,0.0,0.0,0.0,0.0,0.0,1643.0
2022-03-31 06:00:00,0.0,343.0,2653.0,0.0,306.0,0.0,0.0,0.0,10.0,0.0,1669.0
2022-03-31 07:00:00,0.0,351.0,2985.0,0.0,358.0,0.0,0.0,0.0,136.0,0.0,1672.0
2022-03-31 08:00:00,0.0,362.0,3017.0,0.0,306.0,0.0,0.0,0.0,402.0,0.0,1853.0
2022-03-31 09:00:00,0.0,367.0,3088.0,0.0,221.0,0.0,0.0,0.0,585.0,0.0,2006.0
2022-03-31 10:00:00,0.0,370.0,3146.0,0.0,235.0,0.0,0.0,0.0,674.0,0.0,2024.0
2022-03-31 11:00:00,0.0,364.0,2955.0,0.0,246.0,0.0,0.0,0.0,859.0,0.0,2103.0
2022-03-31 12:00:00,0.0,360.0,2556.0,0.0,169.0,0.0,0.0,0.0,999.0,0.0,2364.0
2022-03-31 13:00:00,0.0,349.0,2302.0,0.0,61.0,0.0,0.0,0.0,1029.0,0.0,2469.0
2022-03-31 14:00:00,0.0,362.0,2345.0,0.0,96.0,0.0,0.0,0.0,762.0,0.0,2437.0
2022-03-31 15:00:00,0.0,370.0,2513.0,0.0,153.0,0.0,0.0,0.0,516.0,0.0,2331.0
2022-03-31 16:00:00,0.0,372.0,2630.0,0.0,114.0,0.0,0.0,0.0,372.0,0.0,2153.0
2022-03-31 17:00:00,0.0,370.0,2585.0,0.0,431.0,0.0,0.0,0.0,149.0,0.0,2097.0
2022-03-31 18:00:00,0.0,378.0,2611.0,0.0,839.0,0.0,0.0,0.0,20.0,0.0,2068.0
2022-03-31 19:00:00,0.0,368.0,2705.0,0.0,984.0,0.0,0.0,0.0,0.0,0.0,2148.0
2022-03-31 20:00:00,0.0,367.0,2620.0,0.0,630.0,0.0,0.0,0.0,0.0,0.0,2198.0
2022-03-31 21:00:00,0.0,366.0,2295.0,0.0,435.0,0.0,0.0,0.0,0.0,0.0,2247.0
2022-03-31 22:00:00,0.0,403.0,1975.0,0.0,239.0,0.0,0.0,0.0,0.0,0.0,2317.0
2022-03-31 23:00:00,0.0,522.0,1395.0,0.0,60.0,0.0,0.0,0.0,0.0,0.0,2357.0
2022-04-01 00:00:00,0.0,403.0,1023.0,0.0,56.0,0.0,0.0,0.0,0.0,0.0,2462.0
2022-04-01 01:00:00,0.0,356.0,718.0,0.0,57.0,0.0,0.0,0.0,0.0,0.0,2500.0
2022-04-01 02:00:00,0.0,354.0,707.0,0.0,57.0,0.0,0.0,0.0,0.0,0.0,2521.0
2022-04-01 03:00:00,0.0,352.0,738.0,0.0,63.0,0.0,0.0,0.0,0.0,0.0,2458.0
2022-04-01 04:00:00,0.0,350.0,782.0,0.0,48.0,0.0,0.0,0.0,0.0,0.0,2393.0
2022-04-01 05:00:00,0.0,364.0,954.0,0.0,82.0,0.0,0.0,0.0,0.0,0.0,2277.0
2022-04-01 06:00:00,0.0,363.0,1452.0,0.0,359.0,0.0,0.0,0.0,29.0,0.0,2206.0
2022-04-01 07:00:00,0.0,368.0,1523.0,0.0,624.0,0.0,0.0,0.0,324.0,0.0,2176.0
2022-04-01 08:00:00,0.0,372.0,1508.0,0.0,523.0,0.0,0.0,0.0,856.0,0.0,2095.0
2022-04-01 09:00:00,0.0,377.0,1315.0,0.0,240.0,0.0,0.0,0.0,1435.0,0.0,2109.0
2022-04-01 10:00:00,0.0,381.0,1006.0,0.0,161.0,0.0,0.0,0.0,1937.0,0.0,2172.0
2022-04-01 11:00:00,0.0,367.0,720.0,0.0,94.0,0.0,0.0,0.0,2201.0,0.0,2360.0
2022-04-01 12:00:00,0.0,362.0,672.0,0.0,19.0,0.0,0.0,0.0,2282.0,0.0,2558.0
2022-04-01 13:00:00,0.0,357.0,670.0,0.0,7.0,0.0,0.0,0.0,2117.0,0.0,2621.0
2022-04-01 14:00:00,0.0,296.0,671.0,0.0,7.0,0.0,0.0,0.0,2010.0,0.0,2573.0
2022-04-01 15:00:00,0.0,191.0,678.0,0.0,7.0,0.0,0.0,0.0,1724.0,0.0,2649.0
2022-04-01 16:00:00,0.0,187.0,819.0,0.0,18.0,0.0,0.0,0.0,1161.0,0.0,2581.0
2022-04-01 17:00:00,0.0,201.0,998.0,0.0,415.0,0.0,0.0,0.0,471.0,0.0,2498.0
2022-04-01 18:00:00,0.0,217.0,1145.0,0.0,738.0,0.0,0.0,0.0,56.0,0.0,2461.0
2022-04-01 19:00:00,0.0,320.0,1450.0,0.0,891.0,0.0,0.0,0.0,0.0,0.0,2479.0
2022-04-01 20:00:00,0.0,355.0,1300.0,0.0,733.0,0.0,0.0,0.0,0.0,0.0,2501.0
2022-04-01 21:00:00,0.0,364.0,1088.0,0.0,363.0,0.0,0.0,0.0,0.0,0.0,2503.0
2022-04-01 22:00:00,0.0,379.0,1024.0,0.0,80.0,0.0,0.0,0.0,0.0,0.0,2543.0
2022-04-01 23:00:00,0.0,385.0,747.0,0.0,47.0,0.0,0.0,0.0,0.0,0.0,2447.0
2022-04-02 00:00:00,0.0,369.0,671.0,0.0,37.0,0.0,0.0,0.0,0.0,0.0,2382.0
2022-04-02 01:00:00,0.0,368.0,564.0,0.0,37.0,0.0,0.0,0.0,0.0,0.0,2314.0
2022-04-02 02:00:00,0.0,369.0,507.0,0.0,37.0,0.0,0.0,0.0,0.0,0.0,2431.0
2022-04-02 03:00:00,0.0,367.0,494.0,0.0,37.0,0.0,0.0,0.0,0.0,0.0,2385.0
2022-04-02 04:00:00,0.0,368.0,329.0,0.0,37.0,0.0,0.0,0.0,0.0,0.0,2367.0
2022-04-02 05:00:00,0.0,366.0,326.0,0.0,39.0,0.0,0.0,0.0,0.0,0.0,2223.0
2022-04-02 06:00:00,0.0,367.0,393.0,0.0,92.0,0.0,0.0,0.0,63.0,0.0,2130.0
2022-04-02 07:00:00,0.0,371.0,445.0,0.0,92.0,0.0,0.0,0.0,616.0,0.0,2018.0
2022-04-02 08:00:00,0.0,320.0,444.0,0.0,7.0,0.0,0.0,0.0,1423.0,0.0,2061.0
2022-04-02 09:00:00,0.0,197.0,424.0,0.0,30.0,0.0,0.0,0.0,1998.0,0.0,2097.0
2022-04-02 10:00:00,0.0,186.0,423.0,0.0,39.0,0.0,0.0,0.0,2391.0,0.0,1933.0
2022-04-02 11:00:00,0.0,179.0,432.0,0.0,46.0,0.0,0.0,0.0,2394.0,0.0,2177.0
2022-04-02 12:00:00,0.0,181.0,428.0,0.0,18.0,0.0,0.0,0.0,2244.0,0.0,2283.0
2022-04-02 13:00:00,0.0,187.0,428.0,0.0,34.0,0.0,0.0,0.0,2223.0,0.0,2171.0
2022-04-02 14:00:00,0.0,192.0,427.0,0.0,34.0,0.0,0.0,0.0,2010.0,0.0,2150.0
2022-04-02 15:00:00,0.0,195.0,476.0,0.0,33.0,0.0,0.0,0.0,1618.0,0.0,2191.0
2022-04-02 16:00:00,0.0,191.0,513.0,0.0,34.0,0.0,0.0,0.0,1128.0,0.0,2311.0
2022-04-02 17:00:00,0.0,252.0,574.0,0.0,93.0,0.0,0.0,0.0,500.0,0.0,2441.0
2022-04-02 18:00:00,0.0,358.0,999.0,0.0,660.0,0.0,0.0,0.0,60.0,0.0,2417.0
2022-04-02 19:00:00,0.0,370.0,1093.0,0.0,895.0,0.0,0.0,0.0,0.0,0.0,2388.0
2022-04-02 20:00:00,0.0,373.0,1082.0,0.0,942.0,0.0,0.0,0.0,0.0,0.0,2338.0
2022-04-02 21:00:00,0.0,358.0,773.0,0.0,654.0,0.0,0.0,0.0,0.0,0.0,2388.0
2022-04-02 22:00:00,0.0,324.0,763.0,0.0,230.0,0.0,0.0,0.0,0.0,0.0,2366.0
2022-04-02 23:00:00,0.0,224.0,758.0,0.0,33.0,0.0,0.0,0.0,0.0,0.0,2339.0
2022-04-03 00:00:00,0.0,182.0,718.0,0.0,30.0,0.0,0.0,0.0,0.0,0.0,2382.0
2022-04-03 01:00:00,0.0,169.0,715.0,0.0,31.0,0.0,0.0,0.0,0.0,0.0,2174.0
2022-04-03 02:00:00,0.0,169.0,715.0,0.0,19.0,0.0,0.0,0.0,0.0,0.0,2212.0
2022-04-03 03:00:00,0.0,182.0,719.0,0.0,7.0,0.0,0.0,0.0,0.0,0.0,2262.0
2022-04-03 04:00:00,0.0,179.0,715.0,0.0,18.0,0.0,0.0,0.0,0.0,0.0,2190.0
2022-04-03 05:00:00,0.0,176.0,591.0,0.0,7.0,0.0,0.0,0.0,0.0,0.0,2137.0
2022-04-03 06:00:00,0.0,182.0,749.0,0.0,37.0,0.0,0.0,0.0,71.0,0.0,2135.0
2022-04-03 07:00:00,0.0,177.0,595.0,0.0,50.0,0.0,0.0,0.0,486.0,0.0,1937.0
2022-04-03 08:00:00,0.0,164.0,512.0,0.0,36.0,0.0,0.0,0.0,1185.0,0.0,1869.0
2022-04-03 09:00:00,0.0,158.0,419.0,0.0,35.0,0.0,0.0,0.0,1813.0,0.0,1700.0
2022-04-03 10:00:00,0.0,148.0,414.0,0.0,35.0,0.0,0.0,0.0,2238.0,0.0,1632.0
2022-04-03 11:00:00,0.0,148.0,419.0,0.0,30.0,0.0,0.0,0.0,2461.0,0.0,1704.0
2022-04-03 12:00:00,0.0,152.0,431.0,0.0,20.0,0.0,0.0,0.0,2509.0,0.0,1680.0
2022-04-03 13:00:00,0.0,155.0,422.0,0.0,10.0,0.0,0.0,0.0,2382.0,0.0,1572.0
2022-04-03 14:00:00,0.0,155.0,447.0,0.0,7.0,0.0,0.0,0.0,2086.0,0.0,1484.0
2022-04-03 15:00:00,0.0,156.0,591.0,0.0,11.0,0.0,0.0,0.0,1643.0,0.0,1498.0
2022-04-03 16:00:00,0.0,155.0,832.0,0.0,20.0,0.0,0.0,0.0,1074.0,0.0,1549.0
2022-04-03 17:00:00,0.0,157.0,988.0,0.0,147.0,0.0,0.0,0.0,461.0,0.0,1611.0
2022-04-03 18:00:00,0.0,190.0,1456.0,0.0,875.0,0.0,0.0,0.0,81.0,0.0,1521.0
2022-04-03 19:00:00,0.0,192.0,1777.0,0.0,1176.0,0.0,0.0,0.0,0.0,0.0,1303.0
2022-04-03 20:00:00,0.0,188.0,2012.0,0.0,1324.0,0.0,0.0,0.0,0.0,0.0,1173.0
2022-04-03 21:00:00,0.0,189.0,2022.0,0.0,1009.0,0.0,0.0,0.0,0.0,0.0,1108.0
2022-04-03 22:00:00,0.0,185.0,1893.0,0.0,482.0,0.0,0.0,0.0,0.0,0.0,990.0
2022-04-03 23:00:00,0.0,189.0,1914.0,0.0,84.0,0.0,0.0,0.0,0.0,0.0,842.0
2022-04-04 00:00:00,0.0,191.0,2290.0,0.0,7.0,0.0,0.0,0.0,0.0,0.0,682.0
2022-04-04 01:00:00,0.0,191.0,2306.0,0.0,7.0,0.0,0.0,0.0,0.0,0.0,541.0
2022-04-04 02:00:00,0.0,190.0,2422.0,0.0,7.0,0.0,0.0,0.0,0.0,0.0,403.0
2022-04-04 03:00:00,0.0,191.0,2396.0,0.0,7.0,0.0,0.0,0.0,0.0,0.0,380.0
2022-04-04 04:00:00,0.0,190.0,2481.0,0.0,7.0,0.0,0.0,0.0,0.0,0.0,345.0
2022-04-04 05:00:00,0.0,190.0,2359.0,0.0,255.0,0.0,0.0,0.0,0.0,0.0,314.0
2022-04-04 06:00:00,0.0,190.0,2496.0,0.0,1043.0,0.0,0.0,0.0,54.0,0.0,287.0
2022-04-04 07:00:00,0.0,190.0,2896.0,0.0,1287.0,0.0,0.0,0.0,387.0,0.0,299.0
2022-04-04 08:00:00,0.0,190.0,2829.0,0.0,1263.0,0.0,0.0,0.0,836.0,0.0,233.0
2022-04-04 09:00:00,0.0,190.0,2684.0,0.0,485.0,0.0,0.0,0.0,1282.0,0.0,187.0
2022-04-04 10:00:00,0.0,190.0,2601.0,0.0,306.0,0.0,0.0,0.0,1723.0,0.0,170.0
2022-04-04 11:00:00,0.0,163.0,2582.0,0.0,114.0,0.0,0.0,0.0,1882.0,0.0,182.0
2022-04-04 12:00:00,0.0,182.0,2618.0,0.0,98.0,0.0,0.0,0.0,1912.0,0.0,169.0
2022-04-04 13:00:00,0.0,190.0,2482.0,0.0,36.0,0.0,0.0,0.0,1666.0,0.0,208.0
2022-04-04 14:00:00,0.0,191.0,2735.0,0.0,61.0,0.0,0.0,0.0,1202.0,0.0,287.0
2022-04-04 15:00:00,0.0,190.0,2717.0,0.0,10.0,0.0,0.0,0.0,1010.0,0.0,323.0
2022-04-04 16:00:00,0.0,189.0,2976.0,0.0,48.0,0.0,0.0,0.0,640.0,0.0,287.0
2022-04-04 17:00:00,0.0,189.0,2996.0,0.0,285.0,0.0,0.0,0.0,271.0,0.0,322.0
2022-04-04 18:00:00,0.0,189.0,2926.0,0.0,988.0,0.0,0.0,0.0,39.0,0.0,433.0
2022-04-04 19:00:00,0.0,188.0,3021.0,0.0,1355.0,0.0,0.0,0.0,0.0,0.0,614.0
2022-04-04 20:00:00,0.0,186.0,2999.0,0.0,1279.0,0.0,0.0,0.0,0.0,0.0,560.0
2022-04-04 21:00:00,0.0,184.0,2797.0,0.0,770.0,0.0,0.0,0.0,0.0,0.0,557.0
2022-04-04 22:00:00,0.0,186.0,2826.0,0.0,560.0,0.0,0.0,0.0,0.0,0.0,542.0
2022-04-04 23:00:00,0.0,188.0,2775.0,0.0,364.0,0.0,0.0,0.0,0.0,0.0,493.0
2022-04-05 00:00:00,0.0,193.0,2334.0,0.0,22.0,0.0,0.0,0.0,0.0,0.0,547.0
2022-04-05 01:00:00,0.0,194.0,2001.0,0.0,30.0,0.0,0.0,0.0,0.0,0.0,595.0
2022-04-05 02:00:00,0.0,191.0,1679.0,0.0,7.0,0.0,0.0,0.0,0.0,0.0,694.0
2022-04-05 03:00:00,0.0,185.0,1587.0,0.0,23.0,0.0,0.0,0.0,0.0,0.0,730.0
2022-04-05 04:00:00,0.0,197.0,1554.0,0.0,117.0,0.0,0.0,0.0,0.0,0.0,794.0
2022-04-05 05:00:00,0.0,273.0,1977.0,0.0,309.0,0.0,0.0,0.0,0.0,0.0,847.0
2022-04-05 06:00:00,0.0,316.0,2305.0,0.0,717.0,0.0,0.0,0.0,26.0,0.0,937.0
2022-04-05 07:00:00,0.0,318.0,2483.0,0.0,779.0,0.0,0.0,0.0,272.0,0.0,874.0
2022-04-05 08:00:00,0.0,318.0,2505.0,0.0,643.0,0.0,0.0,0.0,704.0,0.0,821.0
2022-04-05 09:00:00,0.0,342.0,2366.0,0.0,446.0,0.0,0.0,0.0,1107.0,0.0,651.0
2022-04-05 10:00:00,0.0,367.0,1888.0,0.0,539.0,0.0,0.0,0.0,1482.0,0.0,537.0
2022-04-05 11:00:00,0.0,374.0,1510.0,0.0,650.0,0.0,0.0,0.0,1720.0,0.0,483.0
2022-04-05 12:00:00,0.0,371.0,1494.0,0.0,487.0,0.0,0.0,0.0,1906.0,0.0,516.0
2022-04-05 13:00:00,0.0,373.0,1426.0,0.0,399.0,0.0,0.0,0.0,1891.0,0.0,539.0
2022-04-05 14:00:00,0.0,379.0,1367.0,0.0,277.0,0.0,0.0,0.0,1727.0,0.0,688.0
2022-04-05 15:00:00,0.0,382.0,1253.0,0.0,157.0,0.0,0.0,0.0,1406.0,0.0,819.0
2022-04-05 16:00:00,0.0,359.0,1450.0,0.0,164.0,0.0,0.0,0.0,978.0,0.0,879.0
2022-04-05 17:00:00,0.0,347.0,1978.0,0.0,462.0,0.0,0.0,0.0,452.0,0.0,865.0
2022-04-05 18:00:00,0.0,344.0,2360.0,0.0,1028.0,0.0,0.0,0.0,72.0,0.0,776.0
2022-04-05 19:00:00,0.0,341.0,2582.0,0.0,1271.0,0.0,0.0,0.0,0.0,0.0,626.0
2022-04-05 20:00:00,0.0,341.0,2679.0,0.0,1038.0,0.0,0.0,0.0,0.0,0.0,466.0
2022-04-05 21:00:00,0.0,348.0,2638.0,0.0,1030.0,0.0,0.0,0.0,0.0,0.0,362.0
2022-04-05 22:00:00,0.0,378.0,2787.0,0.0,782.0,0.0,0.0,0.0,0.0,0.0,298.0
2022-04-05 23:00:00,0.0,381.0,2535.0,0.0,359.0,0.0,0.0,0.0,0.0,0.0,270.0
2022-04-06 00:00:00,0.0,380.0,2331.0,0.0,70.0,0.0,0.0,0.0,0.0,0.0,283.0
2022-04-06 01:00:00,0.0,378.0,1841.0,0.0,7.0,0.0,0.0,0.0,0.0,0.0,299.0
2022-04-06 02:00:00,0.0,365.0,1639.0,0.0,7.0,0.0,0.0,0.0,0.0,0.0,319.0
2022-04-06 03:00:00,0.0,379.0,1552.0,0.0,7.0,0.0,0.0,0.0,0.0,0.0,378.0
2022-04-06 04:00:00,0.0,375.0,1607.0,0.0,10.0,0.0,0.0,0.0,0.0,0.0,346.0
2022-04-06 05:00:00,0.0,378.0,1767.0,0.0,300.0,0.0,0.0,0.0,0.0,0.0,267.0
2022-04-06 06:00:00,0.0,378.0,2247.0,0.0,757.0,0.0,0.0,0.0,83.0,0.0,234.0
2022-04-06 07:00:00,0.0,379.0,2192.0,0.0,1055.0,0.0,0.0,0.0,632.0,0.0,178.0
2022-04-06 08:00:00,0.0,379.0,1929.0,0.0,1222.0,0.0,0.0,0.0,1447.0,0.0,147.0
2022-04-06 09:00:00,0.0,380.0,1638.0,0.0,455.0,0.0,0.0,0.0,2164.0,0.0,134.0
2022-04-06 10:00:00,0.0,370.0,1324.0,0.0,174.0,0.0,0.0,0.0,2668.0,0.0,120.0
2022-04-06 11:00:00,0.0,357.0,1116.0,0.0,95.0,0.0,0.0,0.0,2954.0,0.0,115.0
2022-04-06 12:00:00,0.0,344.0,1121.0,0.0,38.0,0.0,0.0,0.0,3055.0,0.0,153.0
2022-04-06 13:00:00,0.0,355.0,1117.0,0.0,33.0,0.0,0.0,0.0,2955.0,0.0,203.0
2022-04-06 14:00:00,0.0,363.0,1120.0,0.0,60.0,0.0,0.0,0.0,2642.0,0.0,230.0
2022-04-06 15:00:00,0.0,364.0,1127.0,0.0,55.0,0.0,0.0,0.0,2127.0,0.0,183.0
2022-04-06 16:00:00,0.0,365.0,1495.0,0.0,166.0,0.0,0.0,0.0,1385.0,0.0,109.0
2022-04-06 17:00:00,0.0,373.0,1842.0,0.0,386.0,0.0,0.0,0.0,587.0,0.0,101.0
2022-04-06 18:00:00,0.0,374.0,2256.0,0.0,827.0,0.0,0.0,0.0,87.0,0.0,154.0
2022-04-06 19:00:00,0.0,376.0,2528.0,0.0,1141.0,0.0,0.0,0.0,0.0,0.0,231.0
2022-04-06 20:00:00,0.0,375.0,2518.0,0.0,827.0,0.0,0.0,0.0,0.0,0.0,362.0
2022-04-06 21:00:00,0.0,377.0,2435.0,0.0,713.0,0.0,0.0,0.0,0.0,0.0,542.0
2022-04-06 22:00:00,0.0,378.0,1934.0,0.0,332.0,0.0,0.0,0.0,0.0,0.0,694.0
2022-04-06 23:00:00,0.0,376.0,1551.0,0.0,50.0,0.0,0.0,0.0,0.0,0.0,787.0
2022-04-07 00:00:00,0.0,373.0,1615.0,0.0,33.0,0.0,0.0,0.0,0.0,0.0,898.0
2022-04-07 01:00:00,0.0,366.0,1008.0,0.0,37.0,0.0,0.0,0.0,0.0,0.0,1177.0
2022-04-07 02:00:00,0.0,350.0,901.0,0.0,37.0,0.0,0.0,0.0,0.0,0.0,1253.0
2022-04-07 03:00:00,0.0,352.0,764.0,0.0,38.0,0.0,0.0,0.0,0.0,0.0,1281.0
2022-04-07 04:00:00,0.0,352.0,689.0,0.0,86.0,0.0,0.0,0.0,0.0,0.0,1290.0
2022-04-07 05:00:00,0.0,345.0,788.0,0.0,209.0,0.0,0.0,0.0,0.0,0.0,1413.0
2022-04-07 06:00:00,0.0,355.0,933.0,0.0,598.0,0.0,0.0,0.0,40.0,0.0,1579.0
2022-04-07 07:00:00,0.0,352.0,947.0,0.0,719.0,0.0,0.0,0.0,303.0,0.0,1709.0
2022-04-07 08:00:00,0.0,347.0,1032.0,0.0,548.0,0.0,0.0,0.0,776.0,0.0,1787.0
2022-04-07 09:00:00,0.0,318.0,959.0,0.0,410.0,0.0,0.0,0.0,1234.0,0.0,1742.0
2022-04-07 10:00:00,0.0,175.0,947.0,0.0,215.0,0.0,0.0,0.0,1410.0,0.0,1889.0
2022-04-07 11:00:00,0.0,175.0,837.0,0.0,263.0,0.0,0.0,0.0,1445.0,0.0,2134.0
2022-04-07 12:00:00,0.0,175.0,703.0,0.0,66.0,0.0,0.0,0.0,1945.0,0.0,2333.0
2022-04-07 13:00:00,0.0,175.0,692.0,0.0,23.0,0.0,0.0,0.0,2088.0,0.0,2287.0
2022-04-07 14:00:00,0.0,175.0,693.0,0.0,34.0,0.0,0.0,0.0,1827.0,0.0,2146.0
2022-04-07 15:00:00,0.0,175.0,727.0,0.0,16.0,0.0,0.0,0.0,1506.0,0.0,2012.0
2022-04-07 16:00:00,0.0,176.0,830.0,0.0,72.0,0.0,0.0,0.0,1169.0,0.0,1931.0
2022-04-07 17:00:00,0.0,178.0,1000.0,0.0,152.0,0.0,0.0,0.0,553.0,0.0,1877.0
2022-04-07 18:00:00,0.0,195.0,1243.0,0.0,688.0,0.0,0.0,0.0,86.0,0.0,1874.0
2022-04-07 19:00:00,0.0,193.0,1354.0,0.0,1111.0,0.0,0.0,0.0,0.0,0.0,1793.0
2022-04-07 20:00:00,0.0,198.0,1344.0,0.0,917.0,0.0,0.0,0.0,0.0,0.0,1837.0
2022-04-07 21:00:00,0.0,179.0,1278.0,0.0,673.0,0.0,0.0,0.0,0.0,0.0,1792.0
2022-04-07 22:00:00,0.0,177.0,974.0,0.0,286.0,0.0,0.0,0.0,0.0,0.0,1771.0
2022-04-07 23:00:00,0.0,179.0,922.0,0.0,43.0,0.0,0.0,0.0,0.0,0.0,1717.0
2022-04-08 00:00:00,0.0,185.0,864.0,0.0,7.0,0.0,0.0,0.0,0.0,0.0,1716.0
2022-04-08 01:00:00,0.0,186.0,922.0,0.0,7.0,0.0,0.0,0.0,0.0,0.0,1638.0
2022-04-08 02:00:00,0.0,188.0,922.0,0.0,28.0,0.0,0.0,0.0,0.0,0.0,1609.0
2022-04-08 03:00:00,0.0,177.0,786.0,0.0,44.0,0.0,0.0,0.0,0.0,0.0,1668.0
2022-04-08 04:00:00,0.0,176.0,817.0,0.0,47.0,0.0,0.0,0.0,0.0,0.0,1665.0
2022-04-08 05:00:00,0.0,176.0,833.0,0.0,92.0,0.0,0.0,0.0,0.0,0.0,1584.0
2022-04-08 06:00:00,0.0,183.0,978.0,0.0,516.0,0.0,0.0,0.0,76.0,0.0,1408.0
2022-04-08 07:00:00,0.0,194.0,947.0,0.0,699.0,0.0,0.0,0.0,690.0,0.0,1226.0
2022-04-08 08:00:00,0.0,187.0,828.0,0.0,543.0,0.0,0.0,0.0,1492.0,0.0,1015.0
2022-04-08 09:00:00,0.0,181.0,723.0,0.0,388.0,0.0,0.0,0.0,2115.0,0.0,863.0
2022-04-08 10:00:00,0.0,179.0,606.0,0.0,247.0,0.0,0.0,0.0,2527.0,0.0,789.0
2022-04-08 11:00:00,0.0,177.0,523.0,0.0,39.0,0.0,0.0,0.0,2848.0,0.0,803.0
2022-04-08 12:00:00,0.0,174.0,522.0,0.0,23.0,0.0,0.0,0.0,2948.0,0.0,881.0
2022-04-08 13:00:00,0.0,175.0,522.0,0.0,13.0,0.0,0.0,0.0,2863.0,0.0,977.0
2022-04-08 14:00:00,0.0,176.0,523.0,0.0,33.0,0.0,0.0,0.0,2598.0,0.0,1104.0
2022-04-08 15:00:00,0.0,176.0,521.0,0.0,27.0,0.0,0.0,0.0,2156.0,0.0,1229.0
2022-04-08 16:00:00,0.0,176.0,538.0,0.0,21.0,0.0,0.0,0.0,1508.0,0.0,1286.0
2022-04-08 17:00:00,0.0,178.0,872.0,0.0,148.0,0.0,0.0,0.0,706.0,0.0,1376.0
2022-04-08 18:00:00,0.0,193.0,1317.0,0.0,747.0,0.0,0.0,0.0,97.0,0.0,1382.0
2022-04-08 19:00:00,0.0,193.0,1347.0,0.0,1026.0,0.0,0.0,0.0,0.0,0.0,1447.0
2022-04-08 20:00:00,0.0,194.0,1334.0,0.0,990.0,0.0,0.0,0.0,0.0,0.0,1424.0
2022-04-08 21:00:00,0.0,168.0,1097.0,0.0,831.0,0.0,0.0,0.0,0.0,0.0,1458.0
2022-04-08 22:00:00,0.0,166.0,1084.0,0.0,486.0,0.0,0.0,0.0,0.0,0.0,1500.0
2022-04-08 23:00:00,0.0,170.0,818.0,0.0,83.0,0.0,0.0,0.0,0.0,0.0,1532.0
2022-04-09 00:00:00,0.0,176.0,1009.0,0.0,154.0,0.0,0.0,0.0,0.0,0.0,1461.0
2022-04-09 01:00:00,0.0,192.0,856.0,0.0,195.0,0.0,0.0,0.0,0.0,0.0,1349.0
2022-04-09 02:00:00,0.0,183.0,621.0,0.0,211.0,0.0,0.0,0.0,0.0,0.0,1294.0
2022-04-09 03:00:00,0.0,179.0,600.0,0.0,242.0,0.0,0.0,0.0,0.0,0.0,1222.0
2022-04-09 04:00:00,0.0,179.0,537.0,0.0,224.0,0.0,0.0,0.0,0.0,0.0,1147.0
2022-04-09 05:00:00,0.0,184.0,737.0,0.0,549.0,0.0,0.0,0.0,0.0,0.0,1005.0
2022-04-09 06:00:00,0.0,186.0,811.0,0.0,725.0,0.0,0.0,0.0,79.0,0.0,885.0
2022-04-09 07:00:00,0.0,198.0,874.0,0.0,607.0,0.0,0.0,0.0,686.0,0.0,806.0
2022-04-09 08:00:00,0.0,198.0,822.0,0.0,422.0,0.0,0.0,0.0,1495.0,0.0,757.0
2022-04-09 09:00:00,0.0,193.0,570.0,0.0,113.0,0.0,0.0,0.0,2137.0,0.0,817.0
2022-04-09 10:00:00,0.0,116.0,436.0,0.0,84.0,0.0,0.0,0.0,2592.0,0.0,1026.0
2022-04-09 11:00:00,0.0,0.0,406.0,0.0,77.0,0.0,0.0,0.0,2857.0,0.0,1202.0
2022-04-09 12:00:00,0.0,0.0,406.0,0.0,95.0,0.0,0.0,0.0,2930.0,0.0,1369.0
2022-04-09 13:00:00,0.0,0.0,405.0,0.0,83.0,0.0,0.0,0.0,2847.0,0.0,1556.0
2022-04-09 14:00:00,0.0,0.0,405.0,0.0,80.0,0.0,0.0,0.0,2601.0,0.0,1655.0
2022-04-09 15:00:00,0.0,0.0,406.0,0.0,59.0,0.0,0.0,0.0,2161.0,0.0,1708.0
2022-04-09 16:00:00,0.0,47.0,514.0,0.0,23.0,0.0,0.0,0.0,1516.0,0.0,1757.0
2022-04-09 17:00:00,0.0,154.0,827.0,0.0,105.0,0.0,0.0,0.0,692.0,0.0,1769.0
2022-04-09 18:00:00,0.0,171.0,1134.0,0.0,676.0,0.0,0.0,0.0,91.0,0.0,1738.0
2022-04-09 19:00:00,0.0,184.0,1385.0,0.0,1018.0,0.0,0.0,0.0,0.0,0.0,1716.0
2022-04-09 20:00:00,0.0,187.0,1404.0,0.0,821.0,0.0,0.0,0.0,0.0,0.0,1642.0
2022-04-09 21:00:00,0.0,188.0,1599.0,0.0,499.0,0.0,0.0,0.0,0.0,0.0,1602.0
2022-04-09 22:00:00,0.0,189.0,1381.0,0.0,306.0,0.0,0.0,0.0,0.0,0.0,1606.0
2022-04-09 23:00:00,0.0,192.0,1239.0,0.0,218.0,0.0,0.0,0.0,0.0,0.0,1644.0
2022-04-10 00:00:00,0.0,198.0,1069.0,0.0,80.0,0.0,0.0,0.0,0.0,0.0,1597.0
2022-04-10 01:00:00,0.0,193.0,706.0,0.0,75.0,0.0,0.0,0.0,0.0,0.0,1542.0
2022-04-10 02:00:00,0.0,188.0,600.0,0.0,79.0,0.0,0.0,0.0,0.0,0.0,1548.0
2022-04-10 03:00:00,0.0,172.0,469.0,0.0,149.0,0.0,0.0,0.0,0.0,0.0,1601.0
2022-04-10 04:00:00,0.0,183.0,526.0,0.0,181.0,0.0,0.0,0.0,0.0,0.0,1551.0
2022-04-10 05:00:00,0.0,198.0,596.0,0.0,210.0,0.0,0.0,0.0,0.0,0.0,1506.0
2022-04-10 06:00:00,0.0,201.0,515.0,0.0,439.0,0.0,0.0,0.0,80.0,0.0,1465.0
2022-04-10 07:00:00,0.0,200.0,562.0,0.0,357.0,0.0,0.0,0.0,513.0,0.0,1500.0
2022-04-10 08:00:00,0.0,201.0,543.0,0.0,260.0,0.0,0.0,0.0,1147.0,0.0,1502.0
2022-04-10 09:00:00,0.0,200.0,441.0,0.0,137.0,0.0,0.0,0.0,1746.0,0.0,1565.0
2022-04-10 10:00:00,0.0,181.0,438.0,0.0,104.0,0.0,0.0,0.0,2036.0,0.0,1783.0
2022-04-10 11:00:00,0.0,163.0,402.0,0.0,79.0,0.0,0.0,0.0,2098.0,0.0,2132.0
2022-04-10 12:00:00,0.0,85.0,410.0,0.0,111.0,0.0,0.0,0.0,1968.0,0.0,2391.0
2022-04-10 13:00:00,0.0,0.0,425.0,0.0,122.0,0.0,0.0,0.0,1885.0,0.0,2432.0
2022-04-10 14:00:00,0.0,0.0,401.0,0.0,107.0,0.0,0.0,0.0,1790.0,0.0,2493.0
2022-04-10 15:00:00,0.0,0.0,406.0,0.0,79.0,0.0,0.0,0.0,1559.0,0.0,2504.0
2022-04-10 16:00:00,0.0,0.0,413.0,0.0,123.0,0.0,0.0,0.0,1077.0,0.0,2335.0
2022-04-10 17:00:00,0.0,84.0,561.0,0.0,152.0,0.0,0.0,0.0,544.0,0.0,2148.0
2022-04-10 18:00:00,0.0,256.0,695.0,0.0,396.0,0.0,0.0,0.0,88.0,0.0,2050.0
2022-04-10 19:00:00,0.0,316.0,467.0,0.0,1078.0,0.0,0.0,0.0,0.0,0.0,1978.0
2022-04-10 20:00:00,0.0,343.0,455.0,0.0,1399.0,0.0,0.0,0.0,0.0,0.0,2026.0
2022-04-10 21:00:00,0.0,360.0,473.0,0.0,875.0,0.0,0.0,0.0,0.0,0.0,2020.0
2022-04-10 22:00:00,0.0,361.0,403.0,0.0,567.0,0.0,0.0,0.0,0.0,0.0,1957.0
2022-04-10 23:00:00,0.0,378.0,189.0,0.0,413.0,0.0,0.0,0.0,0.0,0.0,1958.0
2022-04-11 00:00:00,0.0,377.0,123.0,0.0,495.0,0.0,0.0,0.0,0.0,0.0,1933.0
2022-04-11 01:00:00,0.0,370.0,174.0,0.0,400.0,0.0,0.0,0.0,0.0,0.0,1798.0
2022-04-11 02:00:00,0.0,370.0,197.0,0.0,463.0,0.0,0.0,0.0,0.0,0.0,1728.0
2022-04-11 03:00:00,0.0,371.0,365.0,0.0,238.0,0.0,0.0,0.0,0.0,0.0,1852.0
2022-04-11 04:00:00,0.0,365.0,386.0,0.0,115.0,0.0,0.0,0.0,0.0,0.0,1894.0
2022-04-11 05:00:00,0.0,354.0,514.0,0.0,216.0,0.0,0.0,0.0,0.0,0.0,1832.0
2022-04-11 06:00:00,0.0,373.0,554.0,0.0,717.0,0.0,0.0,0.0,101.0,0.0,1861.0
2022-04-11 07:00:00,0.0,380.0,549.0,0.0,722.0,0.0,0.0,0.0,720.0,0.0,1917.0
2022-04-11 08:00:00,0.0,372.0,431.0,0.0,436.0,0.0,0.0,0.0,1615.0,0.0,1971.0
2022-04-11 09:00:00,0.0,351.0,415.0,0.0,158.0,0.0,0.0,0.0,2356.0,0.0,1959.0
2022-04-11 10:00:00,0.0,358.0,413.0,0.0,59.0,0.0,0.0,0.0,2801.0,0.0,1937.0
2022-04-11 11:00:00,0.0,368.0,532.0,0.0,35.0,0.0,0.0,0.0,2992.0,0.0,1773.0
2022-04-11 12:00:00,0.0,368.0,489.0,0.0,172.0,0.0,0.0,0.0,3029.0,0.0,1602.0
2022-04-11 13:00:00,0.0,364.0,506.0,0.0,168.0,0.0,0.0,0.0,2980.0,0.0,1412.0
2022-04-11 14:00:00,0.0,359.0,490.0,0.0,93.0,0.0,0.0,0.0,2779.0,0.0,1265.0
2022-04-11 15:00:00,0.0,352.0,607.0,0.0,51.0,0.0,0.0,0.0,2333.0,0.0,1202.0
2022-04-11 16:00:00,0.0,361.0,822.0,0.0,155.0,0.0,0.0,0.0,1677.0,0.0,1085.0
2022-04-11 17:00:00,0.0,372.0,1599.0,0.0,217.0,0.0,0.0,0.0,808.0,0.0,801.0
2022-04-11 18:00:00,0.0,374.0,2006.0,0.0,976.0,0.0,0.0,0.0,131.0,0.0,561.0
2022-04-11 19:00:00,0.0,377.0,2000.0,0.0,1557.0,0.0,0.0,0.0,0.0,0.0,512.0
2022-04-11 20:00:00,0.0,368.0,1920.0,0.0,1666.0,0.0,0.0,0.0,0.0,0.0,540.0
2022-04-11 21:00:00,0.0,353.0,1893.0,0.0,1380.0,0.0,0.0,0.0,0.0,0.0,420.0
2022-04-11 22:00:00,0.0,370.0,1835.0,0.0,974.0,0.0,0.0,0.0,0.0,0.0,343.0
2022-04-11 23:00:00,0.0,377.0,1785.0,0.0,387.0,0.0,0.0,0.0,0.0,0.0,349.0
2022-04-12 00:00:00,0.0,377.0,1635.0,0.0,184.0,0.0,0.0,0.0,0.0,0.0,359.0
2022-04-12 01:00:00,0.0,375.0,1687.0,0.0,10.0,0.0,0.0,0.0,0.0,0.0,353.0
2022-04-12 02:00:00,0.0,377.0,1733.0,0.0,7.0,0.0,0.0,0.0,0.0,0.0,347.0
2022-04-12 03:00:00,0.0,380.0,1684.0,0.0,11.0,0.0,0.0,0.0,0.0,0.0,368.0
2022-04-12 04:00:00,0.0,380.0,1612.0,0.0,84.0,0.0,0.0,0.0,0.0,0.0,398.0
2022-04-12 05:00:00,0.0,374.0,1800.0,0.0,427.0,0.0,0.0,0.0,0.0,0.0,358.0
2022-04-12 06:00:00,0.0,377.0,1987.0,0.0,1237.0,0.0,0.0,0.0,113.0,0.0,316.0
2022-04-12 07:00:00,0.0,374.0,2021.0,0.0,1384.0,0.0,0.0,0.0,789.0,0.0,282.0
2022-04-12 08:00:00,0.0,371.0,1937.0,0.0,1113.0,0.0,0.0,0.0,1623.0,0.0,167.0
2022-04-12 09:00:00,0.0,379.0,1917.0,0.0,587.0,0.0,0.0,0.0,2269.0,0.0,128.0
2022-04-12 10:00:00,0.0,378.0,1441.0,0.0,286.0,0.0,0.0,0.0,2673.0,0.0,126.0
2022-04-12 11:00:00,0.0,370.0,1060.0,0.0,243.0,0.0,0.0,0.0,2897.0,0.0,140.0
2022-04-12 12:00:00,0.0,363.0,942.0,0.0,214.0,0.0,0.0,0.0,2980.0,0.0,199.0
2022-04-12 13:00:00,0.0,368.0,800.0,0.0,136.0,0.0,0.0,0.0,2907.0,0.0,270.0
2022-04-12 14:00:00,0.0,363.0,759.0,0.0,128.0,0.0,0.0,0.0,2658.0,0.0,373.0
2022-04-12 15:00:00,0.0,376.0,760.0,0.0,173.0,0.0,0.0,0.0,2214.0,0.0,451.0
2022-04-12 16:00:00,0.0,372.0,893.0,0.0,184.0,0.0,0.0,0.0,1569.0,0.0,459.0
2022-04-12 17:00:00,0.0,368.0,1499.0,0.0,368.0,0.0,0.0,0.0,750.0,0.0,443.0
2022-04-12 18:00:00,0.0,378.0,2205.0,0.0,711.0,0.0,0.0,0.0,120.0,0.0,372.0
2022-04-12 19:00:00,0.0,378.0,2381.0,0.0,1409.0,0.0,0.0,0.0,0.0,0.0,333.0
2022-04-12 20:00:00,0.0,378.0,2313.0,0.0,1446.0,0.0,0.0,0.0,0.0,0.0,273.0
2022-04-12 21:00:00,0.0,378.0,2237.0,0.0,1001.0,0.0,0.0,0.0,0.0,0.0,255.0
2022-04-12 22:00:00,0.0,377.0,2257.0,0.0,665.0,0.0,0.0,0.0,0.0,0.0,212.0
2022-04-12 23:00:00,0.0,371.0,2153.0,0.0,278.0,0.0,0.0,0.0,0.0,0.0,188.0
2022-04-13 00:00:00,0.0,372.0,2132.0,0.0,26.0,0.0,0.0,0.0,0.0,0.0,131.0
2022-04-13 01:00:00,0.0,371.0,2081.0,0.0,7.0,0.0,0.0,0.0,0.0,0.0,79.0
2022-04-13 02:00:00,0.0,369.0,1983.0,0.0,7.0,0.0,0.0,0.0,0.0,0.0,61.0
2022-04-13 03:00:00,0.0,369.0,1965.0,0.0,13.0,0.0,0.0,0.0,0.0,0.0,49.0
2022-04-13 04:00:00,0.0,371.0,2050.0,0.0,84.0,0.0,0.0,0.0,0.0,0.0,39.0
2022-04-13 05:00:00,0.0,374.0,2217.0,0.0,341.0,0.0,0.0,0.0,0.0,0.0,24.0
2022-04-13 06:00:00,0.0,374.0,2194.0,0.0,807.0,0.0,0.0,0.0,113.0,0.0,24.0
2022-04-13 07:00:00,0.0,377.0,2048.0,0.0,709.0,0.0,0.0,0.0,759.0,0.0,43.0
2022-04-13 08:00:00,0.0,378.0,2066.0,0.0,665.0,0.0,0.0,0.0,1583.0,0.0,52.0
2022-04-13 09:00:00,0.0,378.0,1919.0,0.0,319.0,0.0,0.0,0.0,2247.0,0.0,56.0
2022-04-13 10:00:00,0.0,379.0,1333.0,0.0,263.0,0.0,0.0,0.0,2677.0,0.0,89.0
2022-04-13 11:00:00,0.0,379.0,767.0,0.0,213.0,0.0,0.0,0.0,2897.0,0.0,116.0
2022-04-13 12:00:00,0.0,377.0,664.0,0.0,205.0,0.0,0.0,0.0,2965.0,0.0,136.0
2022-04-13 13:00:00,0.0,372.0,743.0,0.0,118.0,0.0,0.0,0.0,2870.0,0.0,176.0
2022-04-13 14:00:00,0.0,360.0,790.0,0.0,130.0,0.0,0.0,0.0,2599.0,0.0,196.0
2022-04-13 15:00:00,0.0,362.0,858.0,0.0,184.0,0.0,0.0,0.0,2146.0,0.0,186.0
2022-04-13 16:00:00,0.0,361.0,1263.0,0.0,125.0,0.0,0.0,0.0,1486.0,0.0,158.0
2022-04-13 17:00:00,0.0,379.0,2234.0,0.0,88.0,0.0,0.0,0.0,706.0,0.0,99.0
2022-04-13 18:00:00,0.0,379.0,2679.0,0.0,614.0,0.0,0.0,0.0,119.0,0.0,84.0
2022-04-13 19:00:00,0.0,378.0,2708.0,0.0,1382.0,0.0,0.0,0.0,0.0,0.0,102.0
2022-04-13 20:00:00,0.0,379.0,2677.0,0.0,1332.0,0.0,0.0,0.0,0.0,0.0,84.0
2022-04-13 21:00:00,0.0,381.0,2514.0,0.0,924.0,0.0,0.0,0.0,0.0,0.0,63.0
2022-04-13 22:00:00,0.0,382.0,2381.0,0.0,711.0,0.0,0.0,0.0,0.0,0.0,60.0
2022-04-13 23:00:00,0.0,381.0,2198.0,0.0,369.0,0.0,0.0,0.0,0.0,0.0,60.0
2022-04-14 00:00:00,0.0,374.0,2115.0,0.0,87.0,0.0,0.0,0.0,0.0,0.0,58.0
2022-04-14 01:00:00,0.0,373.0,1872.0,0.0,202.0,0.0,0.0,0.0,0.0,0.0,34.0
2022-04-14 02:00:00,0.0,373.0,1797.0,0.0,197.0,0.0,0.0,0.0,0.0,0.0,26.0
2022-04-14 03:00:00,0.0,372.0,1777.0,0.0,196.0,0.0,0.0,0.0,0.0,0.0,32.0
2022-04-14 04:00:00,0.0,374.0,1950.0,0.0,165.0,0.0,0.0,0.0,0.0,0.0,37.0
2022-04-14 05:00:00,0.0,374.0,2132.0,0.0,376.0,0.0,0.0,0.0,1.0,0.0,50.0
2022-04-14 06:00:00,0.0,375.0,2129.0,0.0,761.0,0.0,0.0,0.0,144.0,0.0,87.0
2022-04-14 07:00:00,0.0,368.0,1991.0,0.0,956.0,0.0,0.0,0.0,830.0,0.0,166.0
2022-04-14 08:00:00,0.0,368.0,1796.0,0.0,609.0,0.0,0.0,0.0,1722.0,0.0,261.0
2022-04-14 09:00:00,0.0,377.0,1441.0,0.0,312.0,0.0,0.0,0.0,2421.0,0.0,337.0
2022-04-14 10:00:00,0.0,359.0,1078.0,0.0,307.0,0.0,0.0,0.0,2895.0,0.0,389.0
2022-04-14 11:00:00,0.0,334.0,754.0,0.0,195.0,0.0,0.0,0.0,3136.0,0.0,397.0
2022-04-14 12:00:00,0.0,333.0,724.0,0.0,149.0,0.0,0.0,0.0,3200.0,0.0,407.0
2022-04-14 13:00:00,0.0,327.0,723.0,0.0,35.0,0.0,0.0,0.0,3098.0,0.0,435.0
2022-04-14 14:00:00,0.0,310.0,724.0,0.0,7.0,0.0,0.0,0.0,2813.0,0.0,422.0
2022-04-14 15:00:00,0.0,347.0,807.0,0.0,10.0,0.0,0.0,0.0,2342.0,0.0,389.0
2022-04-14 16:00:00,0.0,348.0,1141.0,0.0,61.0,0.0,0.0,0.0,1634.0,0.0,344.0
2022-04-14 17:00:00,0.0,348.0,1778.0,0.0,352.0,0.0,0.0,0.0,772.0,0.0,265.0
2022-04-14 18:00:00,0.0,357.0,2305.0,0.0,643.0,0.0,0.0,0.0,134.0,0.0,276.0
2022-04-14 19:00:00,0.0,370.0,2483.0,0.0,1168.0,0.0,0.0,0.0,1.0,0.0,331.0
2022-04-14 20:00:00,0.0,364.0,2459.0,0.0,1127.0,0.0,0.0,0.0,0.0,0.0,349.0
2022-04-14 21:00:00,0.0,359.0,2288.0,0.0,673.0,0.0,0.0,0.0,0.0,0.0,416.0
2022-04-14 22:00:00,0.0,359.0,2219.0,0.0,301.0,0.0,0.0,0.0,0.0,0.0,536.0
2022-04-14 23:00:00,0.0,357.0,2001.0,0.0,174.0,0.0,0.0,0.0,0.0,0.0,627.0
2022-04-15 00:00:00,0.0,335.0,1564.0,0.0,7.0,0.0,0.0,0.0,0.0,0.0,701.0
2022-04-15 01:00:00,0.0,236.0,1442.0,0.0,7.0,0.0,0.0,0.0,0.0,0.0,758.0
2022-04-15 02:00:00,0.0,180.0,1391.0,0.0,44.0,0.0,0.0,0.0,0.0,0.0,852.0
2022-04-15 03:00:00,0.0,181.0,1281.0,0.0,7.0,0.0,0.0,0.0,0.0,0.0,955.0
2022-04-15 04:00:00,0.0,181.0,1194.0,0.0,22.0,0.0,0.0,0.0,0.0,0.0,1047.0
2022-04-15 05:00:00,0.0,181.0,1292.0,0.0,145.0,0.0,0.0,0.0,1.0,0.0,1121.0
2022-04-15 06:00:00,0.0,184.0,1304.0,0.0,439.0,0.0,0.0,0.0,132.0,0.0,1199.0
2022-04-15 07:00:00,0.0,185.0,1442.0,0.0,800.0,0.0,0.0,0.0,747.0,0.0,1266.0
2022-04-15 08:00:00,0.0,187.0,1262.0,0.0,674.0,0.0,0.0,0.0,1564.0,0.0,1237.0
2022-04-15 09:00:00,0.0,187.0,953.0,0.0,306.0,0.0,0.0,0.0,2224.0,0.0,1271.0
2022-04-15 10:00:00,0.0,186.0,851.0,0.0,131.0,0.0,0.0,0.0,2657.0,0.0,1351.0
2022-04-15 11:00:00,0.0,184.0,551.0,0.0,103.0,0.0,0.0,0.0,2893.0,0.0,1224.0
2022-04-15 12:00:00,0.0,185.0,558.0,0.0,130.0,0.0,0.0,0.0,2917.0,0.0,1102.0
2022-04-15 13:00:00,0.0,184.0,584.0,0.0,150.0,0.0,0.0,0.0,2834.0,0.0,867.0
2022-04-15 14:00:00,0.0,176.0,742.0,0.0,332.0,0.0,0.0,0.0,2480.0,0.0,714.0
2022-04-15 15:00:00,0.0,175.0,794.0,0.0,393.0,0.0,0.0,0.0,1882.0,0.0,688.0
2022-04-15 16:00:00,0.0,183.0,1041.0,0.0,369.0,0.0,0.0,0.0,1200.0,0.0,808.0
2022-04-15 17:00:00,0.0,183.0,1639.0,0.0,561.0,0.0,0.0,0.0,508.0,0.0,825.0
2022-04-15 18:00:00,0.0,184.0,2079.0,0.0,774.0,0.0,0.0,0.0,95.0,0.0,696.0
2022-04-15 19:00:00,0.0,184.0,2231.0,0.0,1135.0,0.0,0.0,0.0,0.0,0.0,744.0
2022-04-15 20:00:00,0.0,184.0,2010.0,0.0,920.0,0.0,0.0,0.0,0.0,0.0,1007.0
2022-04-15 21:00:00,0.0,182.0,1892.0,0.0,896.0,0.0,0.0,0.0,0.0,0.0,926.0
2022-04-15 22:00:00,0.0,181.0,1968.0,0.0,663.0,0.0,0.0,0.0,0.0,0.0,708.0
2022-04-15 23:00:00,0.0,184.0,1921.0,0.0,209.0,0.0,0.0,0.0,0.0,0.0,625.0
2022-04-16 00:00:00,0.0,191.0,1887.0,0.0,45.0,0.0,0.0,0.0,0.0,0.0,528.0
2022-04-16 01:00:00,0.0,172.0,1708.0,0.0,36.0,0.0,0.0,0.0,0.0,0.0,284.0
2022-04-16 02:00:00,0.0,181.0,1588.0,0.0,36.0,0.0,0.0,0.0,0.0,0.0,221.0
2022-04-16 03:00:00,0.0,175.0,1401.0,0.0,36.0,0.0,0.0,0.0,0.0,0.0,280.0
2022-04-16 04:00:00,0.0,185.0,1429.0,0.0,63.0,0.0,0.0,0.0,0.0,0.0,301.0
2022-04-16 05:00:00,0.0,189.0,1384.0,0.0,107.0,0.0,0.0,0.0,0.0,0.0,422.0
2022-04-16 06:00:00,0.0,190.0,1315.0,0.0,373.0,0.0,0.0,0.0,101.0,0.0,378.0
2022-04-16 07:00:00,0.0,189.0,1387.0,0.0,488.0,0.0,0.0,0.0,526.0,0.0,337.0
2022-04-16 08:00:00,0.0,190.0,1256.0,0.0,487.0,0.0,0.0,0.0,1097.0,0.0,326.0
2022-04-16 09:00:00,0.0,189.0,1072.0,0.0,116.0,0.0,0.0,0.0,1678.0,0.0,339.0
2022-04-16 10:00:00,0.0,189.0,858.0,0.0,57.0,0.0,0.0,0.0,2074.0,0.0,273.0
2022-04-16 11:00:00,0.0,190.0,768.0,0.0,118.0,0.0,0.0,0.0,2096.0,0.0,231.0
2022-04-16 12:00:00,0.0,193.0,849.0,0.0,209.0,0.0,0.0,0.0,1914.0,0.0,240.0
2022-04-16 13:00:00,0.0,194.0,763.0,0.0,332.0,0.0,0.0,0.0,1799.0,0.0,250.0
2022-04-16 14:00:00,0.0,189.0,761.0,0.0,240.0,0.0,0.0,0.0,1616.0,0.0,273.0
2022-04-16 15:00:00,0.0,191.0,888.0,0.0,204.0,0.0,0.0,0.0,1218.0,0.0,324.0
2022-04-16 16:00:00,0.0,189.0,1373.0,0.0,66.0,0.0,0.0,0.0,766.0,0.0,400.0
2022-04-16 17:00:00,0.0,190.0,1724.0,0.0,168.0,0.0,0.0,0.0,306.0,0.0,522.0
2022-04-16 18:00:00,0.0,189.0,1776.0,0.0,532.0,0.0,0.0,0.0,56.0,0.0,575.0
2022-04-16 19:00:00,0.0,189.0,1752.0,0.0,948.0,0.0,0.0,0.0,0.0,0.0,662.0
2022-04-16 20:00:00,0.0,189.0,1552.0,0.0,873.0,0.0,0.0,0.0,0.0,0.0,775.0
2022-04-16 21:00:00,0.0,187.0,1208.0,0.0,579.0,0.0,0.0,0.0,0.0,0.0,926.0
2022-04-16 22:00:00,0.0,184.0,1209.0,0.0,113.0,0.0,0.0,0.0,0.0,0.0,970.0
2022-04-16 23:00:00,0.0,187.0,1040.0,0.0,42.0,0.0,0.0,0.0,0.0,0.0,1026.0
2022-04-17 00:00:00,0.0,186.0,895.0,0.0,32.0,0.0,0.0,0.0,0.0,0.0,1101.0
2022-04-17 01:00:00,0.0,182.0,683.0,0.0,50.0,0.0,0.0,0.0,0.0,0.0,1231.0
2022-04-17 02:00:00,0.0,180.0,354.0,0.0,74.0,0.0,0.0,0.0,0.0,0.0,1303.0
2022-04-17 03:00:00,0.0,174.0,375.0,0.0,53.0,0.0,0.0,0.0,0.0,0.0,1535.0
2022-04-17 04:00:00,0.0,188.0,536.0,0.0,154.0,0.0,0.0,0.0,0.0,0.0,1645.0
2022-04-17 05:00:00,0.0,183.0,520.0,0.0,121.0,0.0,0.0,0.0,0.0,0.0,1970.0
2022-04-17 06:00:00,0.0,171.0,420.0,0.0,84.0,0.0,0.0,0.0,28.0,0.0,2330.0
2022-04-17 07:00:00,0.0,170.0,407.0,0.0,81.0,0.0,0.0,0.0,140.0,0.0,2498.0
2022-04-17 08:00:00,0.0,170.0,412.0,0.0,102.0,0.0,0.0,0.0,290.0,0.0,2562.0
2022-04-17 09:00:00,0.0,166.0,432.0,0.0,98.0,0.0,0.0,0.0,409.0,0.0,2580.0
2022-04-17 10:00:00,0.0,165.0,428.0,0.0,252.0,0.0,0.0,0.0,479.0,0.0,2546.0
2022-04-17 11:00:00,0.0,186.0,536.0,0.0,431.0,0.0,0.0,0.0,445.0,0.0,2400.0
2022-04-17 12:00:00,0.0,187.0,485.0,0.0,473.0,0.0,0.0,0.0,401.0,0.0,2243.0
2022-04-17 13:00:00,0.0,188.0,409.0,0.0,221.0,0.0,0.0,0.0,427.0,0.0,2216.0
2022-04-17 14:00:00,0.0,167.0,442.0,0.0,219.0,0.0,0.0,0.0,374.0,0.0,2041.0
2022-04-17 15:00:00,0.0,168.0,414.0,0.0,95.0,0.0,0.0,0.0,335.0,0.0,2010.0
2022-04-17 16:00:00,0.0,160.0,425.0,0.0,80.0,0.0,0.0,0.0,271.0,0.0,2108.0
2022-04-17 17:00:00,0.0,168.0,610.0,0.0,119.0,0.0,0.0,0.0,144.0,0.0,2096.0
2022-04-17 18:00:00,0.0,183.0,757.0,0.0,388.0,0.0,0.0,0.0,31.0,0.0,2078.0
2022-04-17 19:00:00,0.0,183.0,747.0,0.0,727.0,0.0,0.0,0.0,0.0,0.0,2038.0
2022-04-17 20:00:00,0.0,187.0,951.0,0.0,978.0,0.0,0.0,0.0,0.0,0.0,1948.0
2022-04-17 21:00:00,0.0,188.0,1097.0,0.0,732.0,0.0,0.0,0.0,0.0,0.0,1950.0
2022-04-17 22:00:00,0.0,188.0,1076.0,0.0,436.0,0.0,0.0,0.0,0.0,0.0,1869.0
2022-04-17 23:00:00,0.0,189.0,1144.0,0.0,96.0,0.0,0.0,0.0,0.0,0.0,1799.0
2022-04-18 00:00:00,0.0,186.0,1011.0,0.0,133.0,0.0,0.0,0.0,0.0,0.0,1834.0
2022-04-18 01:00:00,0.0,187.0,658.0,0.0,127.0,0.0,0.0,0.0,0.0,0.0,1970.0
2022-04-18 02:00:00,0.0,186.0,523.0,0.0,106.0,0.0,0.0,0.0,0.0,0.0,2003.0
2022-04-18 03:00:00,0.0,188.0,510.0,0.0,120.0,0.0,0.0,0.0,0.0,0.0,1974.0
2022-04-18 04:00:00,0.0,179.0,624.0,0.0,272.0,0.0,0.0,0.0,0.0,0.0,1946.0
2022-04-18 05:00:00,0.0,189.0,627.0,0.0,441.0,0.0,0.0,0.0,0.0,0.0,1910.0
2022-04-18 06:00:00,0.0,189.0,738.0,0.0,652.0,0.0,0.0,0.0,40.0,0.0,1897.0
2022-04-18 07:00:00,0.0,189.0,901.0,0.0,575.0,0.0,0.0,0.0,199.0,0.0,1901.0
2022-04-18 08:00:00,0.0,195.0,1099.0,0.0,772.0,0.0,0.0,0.0,429.0,0.0,1877.0
2022-04-18 09:00:00,0.0,194.0,1292.0,0.0,550.0,0.0,0.0,0.0,664.0,0.0,1911.0
2022-04-18 10:00:00,0.0,192.0,1667.0,0.0,375.0,0.0,0.0,0.0,853.0,0.0,1787.0
2022-04-18 11:00:00,0.0,189.0,1653.0,0.0,320.0,0.0,0.0,0.0,1021.0,0.0,1678.0
2022-04-18 12:00:00,0.0,189.0,1640.0,0.0,283.0,0.0,0.0,0.0,1074.0,0.0,1634.0
2022-04-18 13:00:00,0.0,190.0,1689.0,0.0,196.0,0.0,0.0,0.0,1007.0,0.0,1542.0
2022-04-18 14:00:00,0.0,189.0,1847.0,0.0,262.0,0.0,0.0,0.0,894.0,0.0,1319.0
2022-04-18 15:00:00,0.0,190.0,2061.0,0.0,190.0,0.0,0.0,0.0,683.0,0.0,1240.0
2022-04-18 16:00:00,0.0,191.0,2228.0,0.0,179.0,0.0,0.0,0.0,463.0,0.0,1209.0
2022-04-18 17:00:00,0.0,179.0,2377.0,0.0,325.0,0.0,0.0,0.0,200.0,0.0,1222.0
2022-04-18 18:00:00,0.0,184.0,2478.0,0.0,601.0,0.0,0.0,0.0,38.0,0.0,1192.0
2022-04-18 19:00:00,0.0,187.0,2622.0,0.0,1055.0,0.0,0.0,0.0,0.0,0.0,1149.0
2022-04-18 20:00:00,0.0,187.0,2650.0,0.0,1213.0,0.0,0.0,0.0,0.0,0.0,1114.0
2022-04-18 21:00:00,0.0,188.0,2403.0,0.0,963.0,0.0,0.0,0.0,0.0,0.0,1025.0
2022-04-18 22:00:00,0.0,188.0,2457.0,0.0,498.0,0.0,0.0,0.0,0.0,0.0,959.0
2022-04-18 23:00:00,0.0,199.0,1794.0,0.0,244.0,0.0,0.0,0.0,0.0,0.0,908.0
2022-04-19 00:00:00,0.0,199.0,1698.0,0.0,10.0,0.0,0.0,0.0,0.0,0.0,866.0
2022-04-19 01:00:00,0.0,199.0,1552.0,0.0,7.0,0.0,0.0,0.0,0.0,0.0,808.0
2022-04-19 02:00:00,0.0,191.0,1514.0,0.0,7.0,0.0,0.0,0.0,0.0,0.0,780.0
2022-04-19 03:00:00,0.0,190.0,1542.0,0.0,7.0,0.0,0.0,0.0,0.0,0.0,731.0
2022-04-19 04:00:00,0.0,190.0,1682.0,0.0,32.0,0.0,0.0,0.0,0.0,0.0,632.0
2022-04-19 05:00:00,0.0,189.0,1885.0,0.0,185.0,0.0,0.0,0.0,0.0,0.0,630.0
2022-04-19 06:00:00,0.0,189.0,2210.0,0.0,368.0,0.0,0.0,0.0,98.0,0.0,575.0
2022-04-19 07:00:00,0.0,187.0,2341.0,0.0,686.0,0.0,0.0,0.0,490.0,0.0,499.0
2022-04-19 08:00:00,0.0,189.0,2332.0,0.0,680.0,0.0,0.0,0.0,1128.0,0.0,374.0
2022-04-19 09:00:00,0.0,188.0,2132.0,0.0,631.0,0.0,0.0,0.0,1628.0,0.0,304.0
2022-04-19 10:00:00,0.0,188.0,2072.0,0.0,537.0,0.0,0.0,0.0,1942.0,0.0,243.0
2022-04-19 11:00:00,0.0,190.0,2067.0,0.0,417.0,0.0,0.0,0.0,2042.0,0.0,200.0
2022-04-19 12:00:00,0.0,191.0,1924.0,0.0,295.0,0.0,0.0,0.0,2179.0,0.0,245.0
2022-04-19 13:00:00,0.0,189.0,1671.0,0.0,175.0,0.0,0.0,0.0,2224.0,0.0,288.0
2022-04-19 14:00:00,0.0,190.0,1783.0,0.0,167.0,0.0,0.0,0.0,1870.0,0.0,438.0
2022-04-19 15:00:00,0.0,192.0,1872.0,0.0,188.0,0.0,0.0,0.0,1391.0,0.0,533.0
2022-04-19 16:00:00,0.0,193.0,1898.0,0.0,242.0,0.0,0.0,0.0,914.0,0.0,600.0
2022-04-19 17:00:00,0.0,192.0,2244.0,0.0,401.0,0.0,0.0,0.0,483.0,0.0,645.0
2022-04-19 18:00:00,0.0,193.0,2417.0,0.0,753.0,0.0,0.0,0.0,117.0,0.0,721.0
2022-04-19 19:00:00,0.0,193.0,2420.0,0.0,1273.0,0.0,0.0,0.0,1.0,0.0,749.0
2022-04-19 20:00:00,0.0,192.0,2449.0,0.0,1210.0,0.0,0.0,0.0,0.0,0.0,759.0
2022-04-19 21:00:00,0.0,192.0,2294.0,0.0,901.0,0.0,0.0,0.0,0.0,0.0,713.0
2022-04-19 22:00:00,0.0,191.0,2246.0,0.0,531.0,0.0,0.0,0.0,0.0,0.0,700.0
2022-04-19 23:00:00,0.0,190.0,2010.0,0.0,161.0,0.0,0.0,0.0,0.0,0.0,731.0
2022-04-20 00:00:00,0.0,190.0,1667.0,0.0,7.0,0.0,0.0,0.0,0.0,0.0,745.0
2022-04-20 01:00:00,0.0,190.0,1482.0,0.0,36.0,0.0,0.0,0.0,0.0,0.0,727.0
2022-04-20 02:00:00,0.0,190.0,1336.0,0.0,67.0,0.0,0.0,0.0,0.0,0.0,758.0
2022-04-20 03:00:00,0.0,189.0,1418.0,0.0,68.0,0.0,0.0,0.0,0.0,0.0,653.0
2022-04-20 04:00:00,0.0,191.0,1604.0,0.0,147.0,0.0,0.0,0.0,0.0,0.0,568.0
2022-04-20 05:00:00,0.0,191.0,1672.0,0.0,384.0,0.0,0.0,0.0,3.0,0.0,557.0
2022-04-20 06:00:00,0.0,190.0,1691.0,0.0,728.0,0.0,0.0,0.0,177.0,0.0,576.0
2022-04-20 07:00:00,0.0,185.0,1683.0,0.0,851.0,0.0,0.0,0.0,798.0,0.0,507.0
2022-04-20 08:00:00,0.0,187.0,1727.0,0.0,875.0,0.0,0.0,0.0,1586.0,0.0,498.0
2022-04-20 09:00:00,0.0,187.0,1532.0,0.0,466.0,0.0,0.0,0.0,2147.0,0.0,555.0
2022-04-20 10:00:00,0.0,186.0,1310.0,0.0,321.0,0.0,0.0,0.0,2481.0,0.0,770.0
2022-04-20 11:00:00,0.0,191.0,1114.0,0.0,317.0,0.0,0.0,0.0,2520.0,0.0,1151.0
2022-04-20 12:00:00,0.0,190.0,968.0,0.0,194.0,0.0,0.0,0.0,2578.0,0.0,1530.0
2022-04-20 13:00:00,0.0,180.0,946.0,0.0,114.0,0.0,0.0,0.0,2314.0,0.0,1808.0
2022-04-20 14:00:00,0.0,174.0,927.0,0.0,83.0,0.0,0.0,0.0,2091.0,0.0,1960.0
2022-04-20 15:00:00,0.0,176.0,936.0,0.0,57.0,0.0,0.0,0.0,1851.0,0.0,2085.0
2022-04-20 16:00:00,0.0,180.0,1245.0,0.0,81.0,0.0,0.0,0.0,1417.0,0.0,2027.0
2022-04-20 17:00:00,0.0,186.0,1651.0,0.0,390.0,0.0,0.0,0.0,729.0,0.0,1833.0
2022-04-20 18:00:00,0.0,190.0,1886.0,0.0,698.0,0.0,0.0,0.0,147.0,0.0,1614.0
2022-04-20 19:00:00,0.0,191.0,2140.0,0.0,1081.0,0.0,0.0,0.0,1.0,0.0,1489.0
2022-04-20 20:00:00,0.0,195.0,2412.0,0.0,988.0,0.0,0.0,0.0,0.0,0.0,1316.0
2022-04-20 21:00:00,0.0,192.0,2431.0,0.0,589.0,0.0,0.0,0.0,0.0,0.0,1193.0
2022-04-20 22:00:00,0.0,187.0,2229.0,0.0,185.0,0.0,0.0,0.0,0.0,0.0,1080.0
2022-04-20 23:00:00,0.0,190.0,2063.0,0.0,49.0,0.0,0.0,0.0,0.0,0.0,801.0
2022-04-21 00:00:00,0.0,189.0,1889.0,0.0,7.0,0.0,0.0,0.0,0.0,0.0,596.0
2022-04-21 01:00:00,0.0,190.0,1784.0,0.0,32.0,0.0,0.0,0.0,0.0,0.0,486.0
2022-04-21 02:00:00,0.0,190.0,1718.0,0.0,32.0,0.0,0.0,0.0,0.0,0.0,389.0
2022-04-21 03:00:00,0.0,189.0,1679.0,0.0,33.0,0.0,0.0,0.0,0.0,0.0,300.0
2022-04-21 04:00:00,0.0,190.0,1787.0,0.0,94.0,0.0,0.0,0.0,0.0,0.0,225.0
2022-04-21 05:00:00,0.0,189.0,1995.0,0.0,210.0,0.0,0.0,0.0,3.0,0.0,180.0
2022-04-21 06:00:00,0.0,189.0,2096.0,0.0,408.0,0.0,0.0,0.0,187.0,0.0,141.0
2022-04-21 07:00:00,0.0,188.0,2133.0,0.0,457.0,0.0,0.0,0.0,673.0,0.0,158.0
2022-04-21 08:00:00,0.0,188.0,2344.0,0.0,615.0,0.0,0.0,0.0,1108.0,0.0,196.0
2022-04-21 09:00:00,0.0,188.0,2246.0,0.0,688.0,0.0,0.0,0.0,1443.0,0.0,217.0
2022-04-21 10:00:00,0.0,188.0,2055.0,0.0,594.0,0.0,0.0,0.0,1726.0,0.0,245.0
2022-04-21 11:00:00,0.0,188.0,1886.0,0.0,356.0,0.0,0.0,0.0,1860.0,0.0,286.0
2022-04-21 12:00:00,0.0,201.0,1813.0,0.0,305.0,0.0,0.0,0.0,2028.0,0.0,376.0
2022-04-21 13:00:00,0.0,211.0,1498.0,0.0,240.0,0.0,0.0,0.0,2073.0,0.0,396.0
2022-04-21 14:00:00,0.0,192.0,1633.0,0.0,172.0,0.0,0.0,0.0,2006.0,0.0,394.0
2022-04-21 15:00:00,0.0,204.0,1743.0,0.0,221.0,0.0,0.0,0.0,1641.0,0.0,386.0
2022-04-21 16:00:00,0.0,214.0,1771.0,0.0,336.0,0.0,0.0,0.0,1079.0,0.0,398.0
2022-04-21 17:00:00,0.0,203.0,2016.0,0.0,311.0,0.0,0.0,0.0,481.0,0.0,464.0
2022-04-21 18:00:00,0.0,197.0,2118.0,0.0,489.0,0.0,0.0,0.0,113.0,0.0,601.0
2022-04-21 19:00:00,0.0,198.0,2049.0,0.0,770.0,0.0,0.0,0.0,1.0,0.0,879.0
2022-04-21 20:00:00,0.0,198.0,1892.0,0.0,785.0,0.0,0.0,0.0,0.0,0.0,1081.0
2022-04-21 21:00:00,0.0,194.0,1727.0,0.0,457.0,0.0,0.0,0.0,0.0,0.0,1148.0
2022-04-21 22:00:00,0.0,194.0,1563.0,0.0,175.0,0.0,0.0,0.0,0.0,0.0,1173.0
2022-04-21 23:00:00,0.0,194.0,1468.0,0.0,25.0,0.0,0.0,0.0,0.0,0.0,1179.0
2022-04-22 00:00:00,0.0,184.0,1294.0,0.0,7.0,0.0,0.0,0.0,0.0,0.0,1160.0
2022-04-22 01:00:00,0.0,181.0,851.0,0.0,7.0,0.0,0.0,0.0,0.0,0.0,1104.0
2022-04-22 02:00:00,0.0,182.0,807.0,0.0,7.0,0.0,0.0,0.0,0.0,0.0,979.0
2022-04-22 03:00:00,0.0,182.0,795.0,0.0,9.0,0.0,0.0,0.0,0.0,0.0,920.0
2022-04-22 04:00:00,0.0,181.0,713.0,0.0,82.0,0.0,0.0,0.0,0.0,0.0,885.0
2022-04-22 05:00:00,0.0,181.0,520.0,0.0,221.0,0.0,0.0,0.0,0.0,0.0,965.0
2022-04-22 06:00:00,0.0,182.0,557.0,0.0,250.0,0.0,0.0,0.0,85.0,0.0,929.0
2022-04-22 07:00:00,0.0,189.0,553.0,0.0,276.0,0.0,0.0,0.0,451.0,0.0,1121.0
2022-04-22 08:00:00,0.0,197.0,630.0,0.0,428.0,0.0,0.0,0.0,1010.0,0.0,1154.0
2022-04-22 09:00:00,0.0,200.0,646.0,0.0,367.0,0.0,0.0,0.0,1552.0,0.0,1220.0
2022-04-22 10:00:00,0.0,199.0,482.0,0.0,104.0,0.0,0.0,0.0,2055.0,0.0,1273.0
2022-04-22 11:00:00,0.0,193.0,418.0,0.0,58.0,0.0,0.0,0.0,2373.0,0.0,1349.0
2022-04-22 12:00:00,0.0,172.0,412.0,0.0,60.0,0.0,0.0,0.0,2524.0,0.0,1501.0
2022-04-22 13:00:00,0.0,171.0,473.0,0.0,70.0,0.0,0.0,0.0,2386.0,0.0,1537.0
2022-04-22 14:00:00,0.0,171.0,505.0,0.0,43.0,0.0,0.0,0.0,2088.0,0.0,1683.0
2022-04-22 15:00:00,0.0,168.0,612.0,0.0,12.0,0.0,0.0,0.0,1677.0,0.0,1798.0
2022-04-22 16:00:00,0.0,165.0,852.0,0.0,25.0,0.0,0.0,0.0,1100.0,0.0,1797.0
2022-04-22 17:00:00,0.0,166.0,1092.0,0.0,29.0,0.0,0.0,0.0,569.0,0.0,1764.0
2022-04-22 18:00:00,0.0,191.0,1286.0,0.0,252.0,0.0,0.0,0.0,157.0,0.0,1762.0
2022-04-22 19:00:00,0.0,197.0,1401.0,0.0,521.0,0.0,0.0,0.0,2.0,0.0,1733.0
2022-04-22 20:00:00,0.0,207.0,1248.0,0.0,725.0,0.0,0.0,0.0,0.0,0.0,1680.0
2022-04-22 21:00:00,0.0,208.0,1286.0,0.0,576.0,0.0,0.0,0.0,0.0,0.0,1652.0
2022-04-22 22:00:00,0.0,191.0,1432.0,0.0,213.0,0.0,0.0,0.0,0.0,0.0,1604.0
2022-04-22 23:00:00,0.0,180.0,1143.0,0.0,40.0,0.0,0.0,0.0,0.0,0.0,1713.0
2022-04-23 00:00:00,0.0,173.0,1012.0,0.0,7.0,0.0,0.0,0.0,0.0,0.0,1752.0
2022-04-23 01:00:00,0.0,172.0,670.0,0.0,7.0,0.0,0.0,0.0,0.0,0.0,1728.0
2022-04-23 02:00:00,0.0,173.0,510.0,0.0,24.0,0.0,0.0,0.0,0.0,0.0,1563.0
2022-04-23 03:00:00,0.0,170.0,526.0,0.0,32.0,0.0,0.0,0.0,0.0,0.0,1424.0
2022-04-23 04:00:00,0.0,168.0,540.0,0.0,58.0,0.0,0.0,0.0,0.0,0.0,1280.0
2022-04-23 05:00:00,0.0,188.0,645.0,0.0,110.0,0.0,0.0,0.0,3.0,0.0,960.0
2022-04-23 06:00:00,0.0,205.0,708.0,0.0,353.0,0.0,0.0,0.0,170.0,0.0,616.0
2022-04-23 07:00:00,0.0,211.0,852.0,0.0,388.0,0.0,0.0,0.0,724.0,0.0,405.0
2022-04-23 08:00:00,0.0,211.0,777.0,0.0,233.0,0.0,0.0,0.0,1482.0,0.0,246.0
2022-04-23 09:00:00,0.0,210.0,598.0,0.0,178.0,0.0,0.0,0.0,2121.0,0.0,204.0
2022-04-23 10:00:00,0.0,187.0,423.0,0.0,97.0,0.0,0.0,0.0,2483.0,0.0,239.0
2022-04-23 11:00:00,0.0,182.0,438.0,0.0,67.0,0.0,0.0,0.0,2704.0,0.0,292.0
2022-04-23 12:00:00,0.0,154.0,418.0,0.0,60.0,0.0,0.0,0.0,2827.0,0.0,345.0
2022-04-23 13:00:00,0.0,152.0,421.0,0.0,118.0,0.0,0.0,0.0,2739.0,0.0,386.0
2022-04-23 14:00:00,0.0,152.0,483.0,0.0,191.0,0.0,0.0,0.0,2466.0,0.0,404.0
2022-04-23 15:00:00,0.0,152.0,485.0,0.0,106.0,0.0,0.0,0.0,2028.0,0.0,410.0
2022-04-23 16:00:00,0.0,159.0,905.0,0.0,157.0,0.0,0.0,0.0,1433.0,0.0,408.0
2022-04-23 17:00:00,0.0,163.0,1327.0,0.0,335.0,0.0,0.0,0.0,737.0,0.0,357.0
2022-04-23 18:00:00,0.0,190.0,2003.0,0.0,805.0,0.0,0.0,0.0,160.0,0.0,294.0
2022-04-23 19:00:00,0.0,212.0,2324.0,0.0,1143.0,0.0,0.0,0.0,2.0,0.0,239.0
2022-04-23 20:00:00,0.0,213.0,2346.0,0.0,1139.0,0.0,0.0,0.0,0.0,0.0,222.0
2022-04-23 21:00:00,0.0,214.0,2310.0,0.0,692.0,0.0,0.0,0.0,0.0,0.0,183.0
2022-04-23 22:00:00,0.0,214.0,2201.0,0.0,182.0,0.0,0.0,0.0,0.0,0.0,135.0
2022-04-23 23:00:00,0.0,213.0,1915.0,0.0,54.0,0.0,0.0,0.0,0.0,0.0,121.0
2022-04-24 00:00:00,0.0,213.0,2062.0,0.0,27.0,0.0,0.0,0.0,0.0,0.0,104.0
2022-04-24 01:00:00,0.0,214.0,1536.0,0.0,32.0,0.0,0.0,0.0,0.0,0.0,108.0
2022-04-24 02:00:00,0.0,213.0,1031.0,0.0,32.0,0.0,0.0,0.0,0.0,0.0,107.0
2022-04-24 03:00:00,0.0,214.0,890.0,0.0,91.0,0.0,0.0,0.0,0.0,0.0,127.0
2022-04-24 04:00:00,0.0,213.0,707.0,0.0,275.0,0.0,0.0,0.0,0.0,0.0,119.0
2022-04-24 05:00:00,0.0,213.0,650.0,0.0,330.0,0.0,0.0,0.0,4.0,0.0,133.0
2022-04-24 06:00:00,0.0,213.0,511.0,0.0,454.0,0.0,0.0,0.0,175.0,0.0,129.0
2022-04-24 07:00:00,0.0,213.0,482.0,0.0,403.0,0.0,0.0,0.0,796.0,0.0,127.0
2022-04-24 08:00:00,0.0,212.0,500.0,0.0,201.0,0.0,0.0,0.0,1553.0,0.0,106.0
2022-04-24 09:00:00,0.0,205.0,441.0,0.0,196.0,0.0,0.0,0.0,2211.0,0.0,96.0
2022-04-24 10:00:00,0.0,204.0,469.0,0.0,176.0,0.0,0.0,0.0,2636.0,0.0,95.0
2022-04-24 11:00:00,0.0,209.0,485.0,0.0,174.0,0.0,0.0,0.0,2854.0,0.0,102.0
2022-04-24 12:00:00,0.0,182.0,419.0,0.0,160.0,0.0,0.0,0.0,2902.0,0.0,122.0
2022-04-24 13:00:00,0.0,183.0,536.0,0.0,175.0,0.0,0.0,0.0,2631.0,0.0,141.0
2022-04-24 14:00:00,0.0,163.0,423.0,0.0,265.0,0.0,0.0,0.0,2327.0,0.0,172.0
2022-04-24 15:00:00,0.0,163.0,496.0,0.0,409.0,0.0,0.0,0.0,1945.0,0.0,190.0
2022-04-24 16:00:00,0.0,182.0,556.0,0.0,320.0,0.0,0.0,0.0,1381.0,0.0,207.0
2022-04-24 17:00:00,0.0,195.0,650.0,0.0,352.0,0.0,0.0,0.0,667.0,0.0,246.0
2022-04-24 18:00:00,0.0,199.0,825.0,0.0,692.0,0.0,0.0,0.0,143.0,0.0,301.0
2022-04-24 19:00:00,0.0,182.0,934.0,0.0,890.0,0.0,0.0,0.0,2.0,0.0,373.0
2022-04-24 20:00:00,0.0,183.0,979.0,0.0,951.0,0.0,0.0,0.0,0.0,0.0,427.0
2022-04-24 21:00:00,0.0,181.0,833.0,0.0,684.0,0.0,0.0,0.0,0.0,0.0,497.0
2022-04-24 22:00:00,0.0,188.0,1154.0,0.0,291.0,0.0,0.0,0.0,0.0,0.0,602.0
2022-04-24 23:00:00,0.0,193.0,1328.0,0.0,64.0,0.0,0.0,0.0,0.0,0.0,677.0
2022-04-25 00:00:00,0.0,208.0,1321.0,0.0,81.0,0.0,0.0,0.0,0.0,0.0,670.0
2022-04-25 01:00:00,0.0,212.0,1108.0,0.0,87.0,0.0,0.0,0.0,0.0,0.0,658.0
2022-04-25 02:00:00,0.0,212.0,991.0,0.0,57.0,0.0,0.0,0.0,0.0,0.0,615.0
2022-04-25 03:00:00,0.0,207.0,736.0,0.0,67.0,0.0,0.0,0.0,0.0,0.0,543.0
2022-04-25 04:00:00,0.0,185.0,750.0,0.0,142.0,0.0,0.0,0.0,0.0,0.0,459.0
2022-04-25 05:00:00,0.0,199.0,854.0,0.0,260.0,0.0,0.0,0.0,5.0,0.0,352.0
2022-04-25 06:00:00,0.0,206.0,806.0,0.0,381.0,0.0,0.0,0.0,205.0,0.0,274.0
2022-04-25 07:00:00,0.0,212.0,860.0,0.0,460.0,0.0,0.0,0.0,790.0,0.0,208.0
2022-04-25 08:00:00,0.0,209.0,887.0,0.0,192.0,0.0,0.0,0.0,1574.0,0.0,163.0
2022-04-25 09:00:00,0.0,211.0,854.0,0.0,250.0,0.0,0.0,0.0,2258.0,0.0,171.0
2022-04-25 10:00:00,0.0,209.0,884.0,0.0,132.0,0.0,0.0,0.0,2730.0,0.0,240.0
2022-04-25 11:00:00,0.0,208.0,851.0,0.0,75.0,0.0,0.0,0.0,3014.0,0.0,319.0
2022-04-25 12:00:00,0.0,209.0,849.0,0.0,79.0,0.0,0.0,0.0,3097.0,0.0,451.0
2022-04-25 13:00:00,0.0,214.0,743.0,0.0,79.0,0.0,0.0,0.0,3002.0,0.0,679.0
2022-04-25 14:00:00,0.0,185.0,812.0,0.0,60.0,0.0,0.0,0.0,2742.0,0.0,839.0
2022-04-25 15:00:00,0.0,185.0,770.0,0.0,45.0,0.0,0.0,0.0,2281.0,0.0,990.0
2022-04-25 16:00:00,0.0,196.0,749.0,0.0,25.0,0.0,0.0,0.0,1616.0,0.0,1140.0
2022-04-25 17:00:00,0.0,198.0,1010.0,0.0,21.0,0.0,0.0,0.0,816.0,0.0,1270.0
2022-04-25 18:00:00,0.0,196.0,1571.0,0.0,333.0,0.0,0.0,0.0,188.0,0.0,1254.0
2022-04-25 19:00:00,0.0,203.0,1954.0,0.0,954.0,0.0,0.0,0.0,4.0,0.0,1189.0
2022-04-25 20:00:00,0.0,204.0,2081.0,0.0,934.0,0.0,0.0,0.0,0.0,0.0,1150.0
2022-04-25 21:00:00,0.0,206.0,1843.0,0.0,473.0,0.0,0.0,0.0,0.0,0.0,1054.0
2022-04-25 22:00:00,0.0,206.0,1754.0,0.0,144.0,0.0,0.0,0.0,0.0,0.0,953.0
2022-04-25 23:00:00,0.0,200.0,1355.0,0.0,199.0,0.0,0.0,0.0,0.0,0.0,867.0
2022-04-26 00:00:00,0.0,175.0,1292.0,0.0,26.0,0.0,0.0,0.0,0.0,0.0,732.0
2022-04-26 01:00:00,0.0,174.0,1158.0,0.0,32.0,0.0,0.0,0.0,0.0,0.0,570.0
2022-04-26 02:00:00,0.0,168.0,1168.0,0.0,32.0,0.0,0.0,0.0,0.0,0.0,443.0
2022-04-26 03:00:00,0.0,164.0,1160.0,0.0,32.0,0.0,0.0,0.0,0.0,0.0,421.0
2022-04-26 04:00:00,0.0,176.0,1152.0,0.0,35.0,0.0,0.0,0.0,0.0,0.0,485.0
2022-04-26 05:00:00,0.0,180.0,1083.0,0.0,81.0,0.0,0.0,0.0,6.0,0.0,531.0
2022-04-26 06:00:00,0.0,194.0,1514.0,0.0,373.0,0.0,0.0,0.0,233.0,0.0,538.0
2022-04-26 07:00:00,0.0,205.0,1437.0,0.0,419.0,0.0,0.0,0.0,996.0,0.0,449.0
2022-04-26 08:00:00,0.0,217.0,1668.0,0.0,276.0,0.0,0.0,0.0,1859.0,0.0,336.0
2022-04-26 09:00:00,0.0,208.0,1326.0,0.0,126.0,0.0,0.0,0.0,2523.0,0.0,262.0
2022-04-26 10:00:00,0.0,198.0,1156.0,0.0,35.0,0.0,0.0,0.0,2948.0,0.0,198.0
2022-04-26 11:00:00,0.0,191.0,796.0,0.0,30.0,0.0,0.0,0.0,3175.0,0.0,164.0
2022-04-26 12:00:00,0.0,180.0,672.0,0.0,48.0,0.0,0.0,0.0,3209.0,0.0,227.0
2022-04-26 13:00:00,0.0,197.0,550.0,0.0,109.0,0.0,0.0,0.0,3102.0,0.0,305.0
2022-04-26 14:00:00,0.0,280.0,501.0,0.0,95.0,0.0,0.0,0.0,2831.0,0.0,388.0
2022-04-26 15:00:00,0.0,360.0,541.0,0.0,74.0,0.0,0.0,0.0,2368.0,0.0,420.0
2022-04-26 16:00:00,0.0,392.0,591.0,0.0,192.0,0.0,0.0,0.0,1703.0,0.0,428.0
2022-04-26 17:00:00,0.0,399.0,1227.0,0.0,131.0,0.0,0.0,0.0,868.0,0.0,399.0
2022-04-26 18:00:00,0.0,405.0,1964.0,0.0,510.0,0.0,0.0,0.0,186.0,0.0,416.0
2022-04-26 19:00:00,0.0,394.0,2178.0,0.0,890.0,0.0,0.0,0.0,4.0,0.0,452.0
2022-04-26 20:00:00,0.0,391.0,1962.0,0.0,985.0,0.0,0.0,0.0,0.0,0.0,528.0
2022-04-26 21:00:00,0.0,394.0,1833.0,0.0,640.0,0.0,0.0,0.0,0.0,0.0,585.0
2022-04-26 22:00:00,0.0,394.0,1836.0,0.0,141.0,0.0,0.0,0.0,0.0,0.0,515.0
2022-04-26 23:00:00,0.0,394.0,1897.0,0.0,47.0,0.0,0.0,0.0,0.0,0.0,474.0
2022-04-27 00:00:00,0.0,397.0,1605.0,0.0,31.0,0.0,0.0,0.0,0.0,0.0,437.0
2022-04-27 01:00:00,0.0,395.0,1526.0,0.0,31.0,0.0,0.0,0.0,0.0,0.0,418.0
2022-04-27 02:00:00,0.0,393.0,1356.0,0.0,31.0,0.0,0.0,0.0,0.0,0.0,433.0
2022-04-27 03:00:00,0.0,393.0,1375.0,0.0,31.0,0.0,0.0,0.0,0.0,0.0,418.0
2022-04-27 04:00:00,0.0,392.0,1476.0,0.0,64.0,0.0,0.0,0.0,0.0,0.0,400.0
2022-04-27 05:00:00,0.0,395.0,1528.0,0.0,223.0,0.0,0.0,0.0,8.0,0.0,363.0
2022-04-27 06:00:00,0.0,394.0,1594.0,0.0,412.0,0.0,0.0,0.0,236.0,0.0,366.0
2022-04-27 07:00:00,0.0,397.0,1656.0,0.0,565.0,0.0,0.0,0.0,965.0,0.0,339.0
2022-04-27 08:00:00,0.0,398.0,1568.0,0.0,480.0,0.0,0.0,0.0,1789.0,0.0,290.0
2022-04-27 09:00:00,0.0,395.0,1023.0,0.0,425.0,0.0,0.0,0.0,2432.0,0.0,232.0
2022-04-27 10:00:00,0.0,400.0,452.0,0.0,357.0,0.0,0.0,0.0,2853.0,0.0,256.0
2022-04-27 11:00:00,0.0,383.0,383.0,0.0,122.0,0.0,0.0,0.0,3089.0,0.0,257.0
2022-04-27 12:00:00,0.0,373.0,434.0,0.0,71.0,0.0,0.0,0.0,3157.0,0.0,244.0
2022-04-27 13:00:00,0.0,258.0,578.0,0.0,135.0,0.0,0.0,0.0,3063.0,0.0,255.0
2022-04-27 14:00:00,0.0,187.0,583.0,0.0,139.0,0.0,0.0,0.0,2858.0,0.0,280.0
2022-04-27 15:00:00,0.0,187.0,496.0,0.0,146.0,0.0,0.0,0.0,2405.0,0.0,287.0
2022-04-27 16:00:00,0.0,186.0,745.0,0.0,169.0,0.0,0.0,0.0,1694.0,0.0,255.0
2022-04-27 17:00:00,0.0,275.0,1645.0,0.0,264.0,0.0,0.0,0.0,860.0,0.0,207.0
2022-04-27 18:00:00,0.0,334.0,2115.0,0.0,523.0,0.0,0.0,0.0,193.0,0.0,190.0
2022-04-27 19:00:00,0.0,342.0,2290.0,0.0,997.0,0.0,0.0,0.0,4.0,0.0,194.0
2022-04-27 20:00:00,0.0,339.0,2299.0,0.0,1079.0,0.0,0.0,0.0,0.0,0.0,150.0
2022-04-27 21:00:00,0.0,340.0,2233.0,0.0,560.0,0.0,0.0,0.0,0.0,0.0,187.0
2022-04-27 22:00:00,0.0,345.0,2061.0,0.0,209.0,0.0,0.0,0.0,0.0,0.0,218.0
2022-04-27 23:00:00,0.0,345.0,1766.0,0.0,84.0,0.0,0.0,0.0,0.0,0.0,210.0
2022-04-28 00:00:00,0.0,343.0,1538.0,0.0,6.0,0.0,0.0,0.0,0.0,0.0,206.0
2022-04-28 01:00:00,0.0,346.0,1412.0,0.0,42.0,0.0,0.0,0.0,0.0,0.0,238.0
2022-04-28 02:00:00,0.0,346.0,947.0,0.0,100.0,0.0,0.0,0.0,0.0,0.0,329.0
2022-04-28 03:00:00,0.0,348.0,873.0,0.0,165.0,0.0,0.0,0.0,0.0,0.0,372.0
2022-04-28 04:00:00,0.0,346.0,837.0,0.0,313.0,0.0,0.0,0.0,0.0,0.0,375.0
2022-04-28 05:00:00,0.0,347.0,848.0,0.0,453.0,0.0,0.0,0.0,10.0,0.0,416.0
2022-04-28 06:00:00,0.0,349.0,819.0,0.0,599.0,0.0,0.0,0.0,252.0,0.0,436.0
2022-04-28 07:00:00,0.0,348.0,800.0,0.0,760.0,0.0,0.0,0.0,985.0,0.0,464.0
2022-04-28 08:00:00,0.0,376.0,792.0,0.0,659.0,0.0,0.0,0.0,1820.0,0.0,509.0
2022-04-28 09:00:00,0.0,420.0,513.0,0.0,207.0,0.0,0.0,0.0,2487.0,0.0,614.0
2022-04-28 10:00:00,0.0,419.0,361.0,0.0,103.0,0.0,0.0,0.0,2919.0,0.0,676.0
2022-04-28 11:00:00,0.0,405.0,287.0,0.0,58.0,0.0,0.0,0.0,3156.0,0.0,755.0
2022-04-28 12:00:00,0.0,397.0,325.0,0.0,104.0,0.0,0.0,0.0,3170.0,0.0,743.0
2022-04-28 13:00:00,0.0,390.0,332.0,0.0,93.0,0.0,0.0,0.0,3005.0,0.0,744.0
2022-04-28 14:00:00,0.0,354.0,376.0,0.0,44.0,0.0,0.0,0.0,2695.0,0.0,743.0
2022-04-28 15:00:00,0.0,304.0,555.0,0.0,37.0,0.0,0.0,0.0,2144.0,0.0,833.0
2022-04-28 16:00:00,0.0,248.0,990.0,0.0,194.0,0.0,0.0,0.0,1412.0,0.0,920.0
2022-04-28 17:00:00,0.0,273.0,1626.0,0.0,268.0,0.0,0.0,0.0,685.0,0.0,932.0
2022-04-28 18:00:00,0.0,297.0,2072.0,0.0,663.0,0.0,0.0,0.0,179.0,0.0,993.0
2022-04-28 19:00:00,0.0,314.0,2231.0,0.0,1151.0,0.0,0.0,0.0,3.0,0.0,1086.0
2022-04-28 20:00:00,0.0,319.0,2116.0,0.0,1110.0,0.0,0.0,0.0,0.0,0.0,1251.0
2022-04-28 21:00:00,0.0,295.0,1867.0,0.0,656.0,0.0,0.0,0.0,0.0,0.0,1435.0
2022-04-28 22:00:00,0.0,246.0,1741.0,0.0,141.0,0.0,0.0,0.0,0.0,0.0,1686.0
2022-04-28 23:00:00,0.0,206.0,1419.0,0.0,6.0,0.0,0.0,0.0,0.0,0.0,1959.0
2022-04-29 00:00:00,0.0,195.0,1146.0,0.0,6.0,0.0,0.0,0.0,0.0,0.0,2131.0
2022-04-29 01:00:00,0.0,195.0,781.0,0.0,6.0,0.0,0.0,0.0,0.0,0.0,2190.0
2022-04-29 02:00:00,0.0,194.0,700.0,0.0,21.0,0.0,0.0,0.0,0.0,0.0,2225.0
2022-04-29 03:00:00,0.0,194.0,592.0,0.0,31.0,0.0,0.0,0.0,0.0,0.0,2388.0
2022-04-29 04:00:00,0.0,193.0,506.0,0.0,59.0,0.0,0.0,0.0,0.0,0.0,2462.0
2022-04-29 05:00:00,0.0,194.0,505.0,0.0,126.0,0.0,0.0,0.0,7.0,0.0,2552.0
2022-04-29 06:00:00,0.0,193.0,508.0,0.0,148.0,0.0,0.0,0.0,197.0,0.0,2552.0
2022-04-29 07:00:00,0.0,192.0,599.0,0.0,292.0,0.0,0.0,0.0,604.0,0.0,2453.0
2022-04-29 08:00:00,0.0,209.0,576.0,0.0,372.0,0.0,0.0,0.0,1143.0,0.0,2383.0
2022-04-29 09:00:00,0.0,227.0,431.0,0.0,194.0,0.0,0.0,0.0,1613.0,0.0,2371.0
2022-04-29 10:00:00,0.0,191.0,444.0,0.0,107.0,0.0,0.0,0.0,1899.0,0.0,2340.0
2022-04-29 11:00:00,0.0,192.0,444.0,0.0,65.0,0.0,0.0,0.0,1981.0,0.0,2236.0
2022-04-29 12:00:00,0.0,191.0,453.0,0.0,50.0,0.0,0.0,0.0,1969.0,0.0,2219.0
2022-04-29 13:00:00,0.0,190.0,462.0,0.0,68.0,0.0,0.0,0.0,1883.0,0.0,2100.0
2022-04-29 14:00:00,0.0,198.0,625.0,0.0,92.0,0.0,0.0,0.0,1621.0,0.0,1961.0
2022-04-29 15:00:00,0.0,229.0,624.0,0.0,81.0,0.0,0.0,0.0,1246.0,0.0,1932.0
2022-04-29 16:00:00,0.0,245.0,654.0,0.0,125.0,0.0,0.0,0.0,770.0,0.0,1882.0
2022-04-29 17:00:00,0.0,268.0,1019.0,0.0,284.0,0.0,0.0,0.0,374.0,0.0,1814.0
2022-04-29 18:00:00,0.0,290.0,1532.0,0.0,658.0,0.0,0.0,0.0,99.0,0.0,1798.0
2022-04-29 19:00:00,0.0,305.0,1804.0,0.0,1038.0,0.0,0.0,0.0,1.0,0.0,1812.0
2022-04-29 20:00:00,0.0,310.0,1574.0,0.0,998.0,0.0,0.0,0.0,0.0,0.0,1934.0
2022-04-29 21:00:00,0.0,296.0,1357.0,0.0,446.0,0.0,0.0,0.0,0.0,0.0,1985.0
2022-04-29 22:00:00,0.0,238.0,1349.0,0.0,54.0,0.0,0.0,0.0,0.0,0.0,2048.0
2022-04-29 23:00:00,0.0,204.0,1063.0,0.0,29.0,0.0,0.0,0.0,0.0,0.0,2171.0
2022-04-30 00:00:00,0.0,190.0,738.0,0.0,6.0,0.0,0.0,0.0,0.0,0.0,2263.0
2022-04-30 01:00:00,0.0,191.0,675.0,0.0,6.0,0.0,0.0,0.0,0.0,0.0,2256.0
2022-04-30 02:00:00,0.0,191.0,581.0,0.0,6.0,0.0,0.0,0.0,0.0,0.0,2288.0
2022-04-30 03:00:00,0.0,191.0,570.0,0.0,6.0,0.0,0.0,0.0,0.0,0.0,2273.0
2022-04-30 04:00:00,0.0,189.0,474.0,0.0,38.0,0.0,0.0,0.0,0.0,0.0,2263.0
2022-04-30 05:00:00,0.0,190.0,429.0,0.0,171.0,0.0,0.0,0.0,3.0,0.0,2270.0
2022-04-30 06:00:00,0.0,190.0,502.0,0.0,312.0,0.0,0.0,0.0,132.0,0.0,2262.0
2022-04-30 07:00:00,0.0,189.0,531.0,0.0,545.0,0.0,0.0,0.0,467.0,0.0,2224.0
2022-04-30 08:00:00,0.0,189.0,510.0,0.0,535.0,0.0,0.0,0.0,947.0,0.0,2165.0
2022-04-30 09:00:00,0.0,187.0,517.0,0.0,364.0,0.0,0.0,0.0,1390.0,0.0,2025.0
2022-04-30 10:00:00,0.0,192.0,473.0,0.0,144.0,0.0,0.0,0.0,1803.0,0.0,2013.0
2022-04-30 11:00:00,0.0,199.0,509.0,0.0,38.0,0.0,0.0,0.0,2100.0,0.0,1942.0
2022-04-30 12:00:00,0.0,200.0,614.0,0.0,24.0,0.0,0.0,0.0,2209.0,0.0,1780.0
2022-04-30 13:00:00,0.0,190.0,610.0,0.0,7.0,0.0,0.0,0.0,2238.0,0.0,1702.0
2022-04-30 14:00:00,0.0,190.0,610.0,0.0,8.0,0.0,0.0,0.0,1992.0,0.0,1623.0
2022-04-30 15:00:00,0.0,191.0,670.0,0.0,8.0,0.0,0.0,0.0,1636.0,0.0,1557.0
2022-04-30 16:00:00,0.0,195.0,749.0,0.0,24.0,0.0,0.0,0.0,1138.0,0.0,1397.0
2022-04-30 17:00:00,0.0,195.0,1170.0,0.0,193.0,0.0,0.0,0.0,579.0,0.0,1219.0
2022-04-30 18:00:00,0.0,199.0,1539.0,0.0,653.0,0.0,0.0,0.0,160.0,0.0,1196.0
2022-04-30 19:00:00,0.0,203.0,1728.0,0.0,941.0,0.0,0.0,0.0,3.0,0.0,1257.0
2022-04-30 20:00:00,0.0,219.0,1747.0,0.0,1054.0,0.0,0.0,0.0,0.0,0.0,1270.0
2022-04-30 21:00:00,0.0,229.0,1600.0,0.0,580.0,0.0,0.0,0.0,0.0,0.0,1291.0
2022-04-30 22:00:00,0.0,204.0,1543.0,0.0,125.0,0.0,0.0,0.0,0.0,0.0,1285.0
2022-04-30 23:00:00,0.0,185.0,1344.0,0.0,133.0,0.0,0.0,0.0,0.0,0.0,1297.0
2022-05-01 00:00:00,0.0,180.0,1274.0,0.0,7.0,0.0,0.0,0.0,0.0,0.0,1397.0
2022-05-01 01:00:00,0.0,180.0,1075.0,0.0,55.0,0.0,0.0,0.0,0.0,0.0,1377.0
2022-05-01 02:00:00,0.0,179.0,828.0,0.0,85.0,0.0,0.0,0.0,0.0,0.0,1418.0
2022-05-01 03:00:00,0.0,179.0,631.0,0.0,37.0,0.0,0.0,0.0,0.0,0.0,1546.0
2022-05-01 04:00:00,0.0,179.0,521.0,0.0,101.0,0.0,0.0,0.0,0.0,0.0,1498.0
2022-05-01 05:00:00,0.0,180.0,491.0,0.0,220.0,0.0,0.0,0.0,5.0,0.0,1429.0
2022-05-01 06:00:00,0.0,180.0,573.0,0.0,282.0,0.0,0.0,0.0,139.0,0.0,1370.0
2022-05-01 07:00:00,0.0,181.0,524.0,0.0,310.0,0.0,0.0,0.0,476.0,0.0,1339.0
2022-05-01 08:00:00,0.0,181.0,505.0,0.0,366.0,0.0,0.0,0.0,881.0,0.0,1348.0
2022-05-01 09:00:00,0.0,179.0,570.0,0.0,331.0,0.0,0.0,0.0,1320.0,0.0,1297.0
2022-05-01 10:00:00,0.0,180.0,518.0,0.0,106.0,0.0,0.0,0.0,1758.0,0.0,1357.0
2022-05-01 11:00:00,0.0,182.0,521.0,0.0,92.0,0.0,0.0,0.0,1898.0,0.0,1351.0
2022-05-01 12:00:00,0.0,179.0,635.0,0.0,119.0,0.0,0.0,0.0,1782.0,0.0,1356.0
2022-05-01 13:00:00,0.0,182.0,668.0,0.0,229.0,0.0,0.0,0.0,1664.0,0.0,1233.0
2022-05-01 14:00:00,0.0,182.0,775.0,0.0,288.0,0.0,0.0,0.0,1368.0,0.0,1134.0
2022-05-01 15:00:00,0.0,186.0,1029.0,0.0,287.0,0.0,0.0,0.0,1040.0,0.0,1043.0
2022-05-01 16:00:00,0.0,184.0,802.0,0.0,289.0,0.0,0.0,0.0,705.0,0.0,1107.0
2022-05-01 17:00:00,0.0,191.0,1099.0,0.0,311.0,0.0,0.0,0.0,332.0,0.0,1116.0
2022-05-01 18:00:00,0.0,190.0,1389.0,0.0,524.0,0.0,0.0,0.0,83.0,0.0,1071.0
2022-05-01 19:00:00,0.0,191.0,1555.0,0.0,987.0,0.0,0.0,0.0,1.0,0.0,1061.0
2022-05-01 20:00:00,0.0,190.0,1421.0,0.0,968.0,0.0,0.0,0.0,0.0,0.0,1164.0
2022-05-01 21:00:00,0.0,189.0,1448.0,0.0,771.0,0.0,0.0,0.0,0.0,0.0,1204.0
2022-05-01 22:00:00,0.0,188.0,1571.0,0.0,394.0,0.0,0.0,0.0,0.0,0.0,1154.0
2022-05-01 23:00:00,0.0,188.0,1041.0,0.0,281.0,0.0,0.0,0.0,0.0,0.0,1252.0
2022-05-02 00:00:00,0.0,187.0,964.0,0.0,15.0,0.0,0.0,0.0,0.0,0.0,1440.0
2022-05-02 01:00:00,0.0,186.0,595.0,0.0,35.0,0.0,0.0,0.0,0.0,0.0,1593.0
2022-05-02 02:00:00,0.0,188.0,426.0,0.0,57.0,0.0,0.0,0.0,0.0,0.0,1748.0
2022-05-02 03:00:00,0.0,189.0,418.0,0.0,73.0,0.0,0.0,0.0,0.0,0.0,1895.0
2022-05-02 04:00:00,0.0,188.0,455.0,0.0,97.0,0.0,0.0,0.0,0.0,0.0,1882.0
2022-05-02 05:00:00,0.0,187.0,516.0,0.0,221.0,0.0,0.0,0.0,4.0,0.0,1821.0
2022-05-02 06:00:00,0.0,188.0,956.0,0.0,304.0,0.0,0.0,0.0,86.0,0.0,1760.0
2022-05-02 07:00:00,0.0,185.0,801.0,0.0,278.0,0.0,0.0,0.0,273.0,0.0,1917.0
2022-05-02 08:00:00,0.0,187.0,654.0,0.0,334.0,0.0,0.0,0.0,494.0,0.0,2010.0
2022-05-02 09:00:00,0.0,188.0,740.0,0.0,360.0,0.0,0.0,0.0,729.0,0.0,1856.0
2022-05-02 10:00:00,0.0,187.0,993.0,0.0,484.0,0.0,0.0,0.0,864.0,0.0,1508.0
2022-05-02 11:00:00,0.0,186.0,1105.0,0.0,723.0,0.0,0.0,0.0,851.0,0.0,1287.0
2022-05-02 12:00:00,0.0,187.0,1034.0,0.0,757.0,0.0,0.0,0.0,816.0,0.0,1291.0
2022-05-02 13:00:00,0.0,187.0,932.0,0.0,400.0,0.0,0.0,0.0,843.0,0.0,1423.0
2022-05-02 14:00:00,0.0,188.0,939.0,0.0,108.0,0.0,0.0,0.0,781.0,0.0,1462.0
2022-05-02 15:00:00,0.0,187.0,1091.0,0.0,66.0,0.0,0.0,0.0,610.0,0.0,1408.0
2022-05-02 16:00:00,0.0,188.0,1375.0,0.0,227.0,0.0,0.0,0.0,441.0,0.0,1238.0
2022-05-02 17:00:00,0.0,186.0,1449.0,0.0,365.0,0.0,0.0,0.0,256.0,0.0,1087.0
2022-05-02 18:00:00,0.0,189.0,1755.0,0.0,829.0,0.0,0.0,0.0,72.0,0.0,1169.0
2022-05-02 19:00:00,0.0,188.0,1829.0,0.0,1398.0,0.0,0.0,0.0,1.0,0.0,1038.0
2022-05-02 20:00:00,0.0,189.0,1934.0,0.0,1189.0,0.0,0.0,0.0,0.0,0.0,938.0
2022-05-02 21:00:00,0.0,188.0,1923.0,0.0,912.0,0.0,0.0,0.0,0.0,0.0,880.0
2022-05-02 22:00:00,0.0,187.0,1993.0,0.0,357.0,0.0,0.0,0.0,0.0,0.0,806.0
2022-05-02 23:00:00,0.0,187.0,1404.0,0.0,72.0,0.0,0.0,0.0,0.0,0.0,808.0
2022-05-03 00:00:00,0.0,187.0,1215.0,0.0,11.0,0.0,0.0,0.0,0.0,0.0,739.0
2022-05-03 01:00:00,0.0,187.0,1059.0,0.0,47.0,0.0,0.0,0.0,0.0,0.0,687.0
2022-05-03 02:00:00,0.0,188.0,942.0,0.0,49.0,0.0,0.0,0.0,0.0,0.0,694.0
2022-05-03 03:00:00,0.0,189.0,921.0,0.0,30.0,0.0,0.0,0.0,0.0,0.0,724.0
2022-05-03 04:00:00,0.0,188.0,994.0,0.0,73.0,0.0,0.0,0.0,0.0,0.0,760.0
2022-05-03 05:00:00,0.0,188.0,1160.0,0.0,235.0,0.0,0.0,0.0,5.0,0.0,771.0
2022-05-03 06:00:00,0.0,188.0,1571.0,0.0,605.0,0.0,0.0,0.0,150.0,0.0,773.0
2022-05-03 07:00:00,0.0,188.0,1762.0,0.0,745.0,0.0,0.0,0.0,577.0,0.0,673.0
2022-05-03 08:00:00,0.0,199.0,1652.0,0.0,678.0,0.0,0.0,0.0,1120.0,0.0,604.0
2022-05-03 09:00:00,0.0,197.0,1467.0,0.0,342.0,0.0,0.0,0.0,1591.0,0.0,560.0
2022-05-03 10:00:00,0.0,201.0,1135.0,0.0,143.0,0.0,0.0,0.0,1929.0,0.0,624.0
2022-05-03 11:00:00,0.0,199.0,1091.0,0.0,104.0,0.0,0.0,0.0,2077.0,0.0,678.0
2022-05-03 12:00:00,0.0,199.0,1094.0,0.0,84.0,0.0,0.0,0.0,2001.0,0.0,730.0
2022-05-03 13:00:00,0.0,201.0,1000.0,0.0,80.0,0.0,0.0,0.0,1844.0,0.0,740.0
2022-05-03 14:00:00,0.0,202.0,969.0,0.0,60.0,0.0,0.0,0.0,1642.0,0.0,754.0
2022-05-03 15:00:00,0.0,208.0,1281.0,0.0,48.0,0.0,0.0,0.0,1292.0,0.0,726.0
2022-05-03 16:00:00,0.0,208.0,1584.0,0.0,215.0,0.0,0.0,0.0,846.0,0.0,719.0
2022-05-03 17:00:00,0.0,211.0,1822.0,0.0,546.0,0.0,0.0,0.0,420.0,0.0,707.0
2022-05-03 18:00:00,0.0,218.0,2004.0,0.0,1031.0,0.0,0.0,0.0,115.0,0.0,706.0
2022-05-03 19:00:00,0.0,224.0,2133.0,0.0,1465.0,0.0,0.0,0.0,3.0,0.0,740.0
2022-05-03 20:00:00,0.0,242.0,2157.0,0.0,1501.0,0.0,0.0,0.0,0.0,0.0,680.0
2022-05-03 21:00:00,0.0,250.0,2177.0,0.0,1131.0,0.0,0.0,0.0,0.0,0.0,566.0
2022-05-03 22:00:00,0.0,228.0,2262.0,0.0,764.0,0.0,0.0,0.0,0.0,0.0,498.0
2022-05-03 23:00:00,0.0,191.0,2198.0,0.0,247.0,0.0,0.0,0.0,0.0,0.0,390.0
2022-05-04 00:00:00,0.0,188.0,1830.0,0.0,50.0,0.0,0.0,0.0,0.0,0.0,381.0
2022-05-04 01:00:00,0.0,185.0,1696.0,0.0,39.0,0.0,0.0,0.0,0.0,0.0,381.0
2022-05-04 02:00:00,0.0,186.0,1620.0,0.0,33.0,0.0,0.0,0.0,0.0,0.0,399.0
2022-05-04 03:00:00,0.0,187.0,1717.0,0.0,33.0,0.0,0.0,0.0,0.0,0.0,394.0
2022-05-04 04:00:00,0.0,188.0,1778.0,0.0,60.0,0.0,0.0,0.0,0.0,0.0,419.0
2022-05-04 05:00:00,0.0,190.0,1703.0,0.0,244.0,0.0,0.0,0.0,9.0,0.0,451.0
2022-05-04 06:00:00,0.0,196.0,1799.0,0.0,545.0,0.0,0.0,0.0,189.0,0.0,449.0
2022-05-04 07:00:00,0.0,236.0,1755.0,0.0,1074.0,0.0,0.0,0.0,686.0,0.0,418.0
2022-05-04 08:00:00,0.0,293.0,1612.0,0.0,1280.0,0.0,0.0,0.0,1276.0,0.0,413.0
2022-05-04 09:00:00,0.0,330.0,1537.0,0.0,830.0,0.0,0.0,0.0,1724.0,0.0,400.0
2022-05-04 10:00:00,0.0,362.0,1387.0,0.0,392.0,0.0,0.0,0.0,2062.0,0.0,426.0
2022-05-04 11:00:00,0.0,367.0,1194.0,0.0,207.0,0.0,0.0,0.0,2287.0,0.0,421.0
2022-05-04 12:00:00,0.0,392.0,1005.0,0.0,302.0,0.0,0.0,0.0,2413.0,0.0,413.0
2022-05-04 13:00:00,0.0,373.0,954.0,0.0,250.0,0.0,0.0,0.0,2438.0,0.0,428.0
2022-05-04 14:00:00,0.0,371.0,800.0,0.0,263.0,0.0,0.0,0.0,2304.0,0.0,491.0
2022-05-04 15:00:00,0.0,431.0,946.0,0.0,311.0,0.0,0.0,0.0,1970.0,0.0,420.0
2022-05-04 16:00:00,0.0,437.0,1267.0,0.0,429.0,0.0,0.0,0.0,1468.0,0.0,278.0
2022-05-04 17:00:00,0.0,458.0,1737.0,0.0,583.0,0.0,0.0,0.0,794.0,0.0,180.0
2022-05-04 18:00:00,0.0,488.0,2209.0,0.0,1168.0,0.0,0.0,0.0,194.0,0.0,128.0
2022-05-04 19:00:00,0.0,504.0,2407.0,0.0,1823.0,0.0,0.0,0.0,7.0,0.0,118.0
2022-05-04 20:00:00,0.0,506.0,2612.0,0.0,1883.0,0.0,0.0,0.0,0.0,0.0,72.0
2022-05-04 21:00:00,0.0,474.0,2728.0,0.0,1418.0,0.0,0.0,0.0,0.0,0.0,67.0
2022-05-04 22:00:00,0.0,452.0,2712.0,0.0,1203.0,0.0,0.0,0.0,0.0,0.0,56.0
2022-05-04 23:00:00,0.0,422.0,2549.0,0.0,651.0,0.0,0.0,0.0,0.0,0.0,67.0
2022-05-05 00:00:00,0.0,416.0,2585.0,0.0,18.0,0.0,0.0,0.0,0.0,0.0,70.0
2022-05-05 01:00:00,0.0,415.0,2265.0,0.0,8.0,0.0,0.0,0.0,0.0,0.0,91.0
2022-05-05 02:00:00,0.0,413.0,2144.0,0.0,26.0,0.0,0.0,0.0,0.0,0.0,114.0
2022-05-05 03:00:00,0.0,401.0,2029.0,0.0,33.0,0.0,0.0,0.0,0.0,0.0,119.0
2022-05-05 04:00:00,0.0,414.0,2166.0,0.0,59.0,0.0,0.0,0.0,0.0,0.0,114.0
2022-05-05 05:00:00,0.0,428.0,2314.0,0.0,87.0,0.0,0.0,0.0,19.0,0.0,120.0
2022-05-05 06:00:00,0.0,455.0,2486.0,0.0,402.0,0.0,0.0,0.0,298.0,0.0,98.0
2022-05-05 07:00:00,0.0,475.0,2599.0,0.0,507.0,0.0,0.0,0.0,1038.0,0.0,68.0
2022-05-05 08:00:00,0.0,461.0,2540.0,0.0,480.0,0.0,0.0,0.0,1858.0,0.0,53.0
2022-05-05 09:00:00,0.0,470.0,2233.0,0.0,440.0,0.0,0.0,0.0,2507.0,0.0,52.0
2022-05-05 10:00:00,0.0,478.0,2066.0,0.0,169.0,0.0,0.0,0.0,2920.0,0.0,51.0
2022-05-05 11:00:00,0.0,481.0,1885.0,0.0,187.0,0.0,0.0,0.0,3117.0,0.0,71.0
2022-05-05 12:00:00,0.0,468.0,1838.0,0.0,198.0,0.0,0.0,0.0,3065.0,0.0,95.0
2022-05-05 13:00:00,0.0,444.0,1684.0,0.0,126.0,0.0,0.0,0.0,2834.0,0.0,125.0
2022-05-05 14:00:00,0.0,419.0,1833.0,0.0,132.0,0.0,0.0,0.0,2425.0,0.0,135.0
2022-05-05 15:00:00,0.0,415.0,1965.0,0.0,80.0,0.0,0.0,0.0,1905.0,0.0,173.0
2022-05-05 16:00:00,0.0,425.0,2124.0,0.0,319.0,0.0,0.0,0.0,1317.0,0.0,188.0
2022-05-05 17:00:00,0.0,455.0,2230.0,0.0,766.0,0.0,0.0,0.0,672.0,0.0,108.0
2022-05-05 18:00:00,0.0,495.0,2344.0,0.0,1216.0,0.0,0.0,0.0,209.0,0.0,67.0
2022-05-05 19:00:00,0.0,523.0,2439.0,0.0,1670.0,0.0,0.0,0.0,8.0,0.0,70.0
2022-05-05 20:00:00,0.0,524.0,2467.0,0.0,1572.0,0.0,0.0,0.0,0.0,0.0,69.0
2022-05-05 21:00:00,0.0,490.0,2418.0,0.0,1259.0,0.0,0.0,0.0,0.0,0.0,113.0
2022-05-05 22:00:00,0.0,436.0,2449.0,0.0,632.0,0.0,0.0,0.0,0.0,0.0,129.0
2022-05-05 23:00:00,0.0,417.0,2356.0,0.0,286.0,0.0,0.0,0.0,0.0,0.0,79.0
2022-05-06 00:00:00,0.0,451.0,2343.0,0.0,49.0,0.0,0.0,0.0,0.0,0.0,64.0
2022-05-06 01:00:00,0.0,458.0,2268.0,0.0,57.0,0.0,0.0,0.0,0.0,0.0,105.0
2022-05-06 02:00:00,0.0,460.0,2317.0,0.0,67.0,0.0,0.0,0.0,0.0,0.0,126.0
2022-05-06 03:00:00,0.0,459.0,2278.0,0.0,68.0,0.0,0.0,0.0,0.0,0.0,234.0
2022-05-06 04:00:00,0.0,459.0,2309.0,0.0,194.0,0.0,0.0,0.0,0.0,0.0,321.0
2022-05-06 05:00:00,0.0,459.0,2312.0,0.0,390.0,0.0,0.0,0.0,17.0,0.0,393.0
2022-05-06 06:00:00,0.0,468.0,2109.0,0.0,682.0,0.0,0.0,0.0,277.0,0.0,442.0
2022-05-06 07:00:00,0.0,493.0,2227.0,0.0,1105.0,0.0,0.0,0.0,804.0,0.0,354.0
2022-05-06 08:00:00,0.0,505.0,2233.0,0.0,977.0,0.0,0.0,0.0,1334.0,0.0,325.0
2022-05-06 09:00:00,0.0,491.0,2070.0,0.0,915.0,0.0,0.0,0.0,1511.0,0.0,434.0
2022-05-06 10:00:00,0.0,472.0,1738.0,0.0,923.0,0.0,0.0,0.0,1687.0,0.0,644.0
2022-05-06 11:00:00,0.0,454.0,1492.0,0.0,666.0,0.0,0.0,0.0,1870.0,0.0,862.0
2022-05-06 12:00:00,0.0,465.0,1174.0,0.0,488.0,0.0,0.0,0.0,1890.0,0.0,1049.0
2022-05-06 13:00:00,0.0,463.0,1147.0,0.0,364.0,0.0,0.0,0.0,1690.0,0.0,1119.0
2022-05-06 14:00:00,0.0,465.0,1224.0,0.0,381.0,0.0,0.0,0.0,1421.0,0.0,958.0
2022-05-06 15:00:00,0.0,464.0,1423.0,0.0,263.0,0.0,0.0,0.0,1161.0,0.0,965.0
2022-05-06 16:00:00,0.0,463.0,1784.0,0.0,386.0,0.0,0.0,0.0,767.0,0.0,889.0
2022-05-06 17:00:00,0.0,467.0,2212.0,0.0,413.0,0.0,0.0,0.0,432.0,0.0,857.0
2022-05-06 18:00:00,0.0,489.0,2286.0,0.0,491.0,0.0,0.0,0.0,123.0,0.0,985.0
2022-05-06 19:00:00,0.0,519.0,2238.0,0.0,893.0,0.0,0.0,0.0,4.0,0.0,1258.0
2022-05-06 20:00:00,0.0,503.0,1997.0,0.0,993.0,0.0,0.0,0.0,0.0,0.0,1587.0
2022-05-06 21:00:00,0.0,435.0,1847.0,0.0,780.0,0.0,0.0,0.0,0.0,0.0,1820.0
2022-05-06 22:00:00,0.0,409.0,1836.0,0.0,371.0,0.0,0.0,0.0,0.0,0.0,1942.0
2022-05-06 23:00:00,0.0,382.0,1854.0,0.0,89.0,0.0,0.0,0.0,0.0,0.0,1978.0
2022-05-07 00:00:00,0.0,390.0,1607.0,0.0,91.0,0.0,0.0,0.0,0.0,0.0,1929.0
2022-05-07 01:00:00,0.0,391.0,1259.0,0.0,88.0,0.0,0.0,0.0,0.0,0.0,1892.0
2022-05-07 02:00:00,0.0,376.0,973.0,0.0,8.0,0.0,0.0,0.0,0.0,0.0,2011.0
2022-05-07 03:00:00,0.0,375.0,900.0,0.0,11.0,0.0,0.0,0.0,0.0,0.0,2080.0
2022-05-07 04:00:00,0.0,372.0,885.0,0.0,66.0,0.0,0.0,0.0,0.0,0.0,2119.0
2022-05-07 05:00:00,0.0,405.0,971.0,0.0,73.0,0.0,0.0,0.0,15.0,0.0,2080.0
2022-05-07 06:00:00,0.0,440.0,995.0,0.0,185.0,0.0,0.0,0.0,263.0,0.0,2051.0
2022-05-07 07:00:00,0.0,452.0,934.0,0.0,218.0,0.0,0.0,0.0,825.0,0.0,2093.0
2022-05-07 08:00:00,0.0,446.0,787.0,0.0,150.0,0.0,0.0,0.0,1558.0,0.0,2110.0
2022-05-07 09:00:00,0.0,417.0,630.0,0.0,215.0,0.0,0.0,0.0,2239.0,0.0,2011.0
2022-05-07 10:00:00,0.0,349.0,645.0,0.0,107.0,0.0,0.0,0.0,2644.0,0.0,1799.0
2022-05-07 11:00:00,0.0,365.0,758.0,0.0,97.0,0.0,0.0,0.0,2800.0,0.0,1616.0
2022-05-07 12:00:00,0.0,445.0,595.0,0.0,160.0,0.0,0.0,0.0,2788.0,0.0,1550.0
2022-05-07 13:00:00,0.0,402.0,541.0,0.0,130.0,0.0,0.0,0.0,2738.0,0.0,1535.0
2022-05-07 14:00:00,0.0,377.0,538.0,0.0,65.0,0.0,0.0,0.0,2485.0,0.0,1527.0
2022-05-07 15:00:00,0.0,381.0,597.0,0.0,97.0,0.0,0.0,0.0,2089.0,0.0,1435.0
2022-05-07 16:00:00,0.0,400.0,803.0,0.0,125.0,0.0,0.0,0.0,1502.0,0.0,1342.0
2022-05-07 17:00:00,0.0,414.0,1271.0,0.0,356.0,0.0,0.0,0.0,768.0,0.0,1318.0
2022-05-07 18:00:00,0.0,459.0,1484.0,0.0,778.0,0.0,0.0,0.0,220.0,0.0,1312.0
2022-05-07 19:00:00,0.0,477.0,1737.0,0.0,1151.0,0.0,0.0,0.0,10.0,0.0,1273.0
2022-05-07 20:00:00,0.0,491.0,1934.0,0.0,1118.0,0.0,0.0,0.0,0.0,0.0,1259.0
2022-05-07 21:00:00,0.0,457.0,1903.0,0.0,901.0,0.0,0.0,0.0,0.0,0.0,1254.0
2022-05-07 22:00:00,0.0,277.0,1701.0,0.0,628.0,0.0,0.0,0.0,0.0,0.0,1225.0
2022-05-07 23:00:00,0.0,191.0,1687.0,0.0,280.0,0.0,0.0,0.0,0.0,0.0,1187.0
2022-05-08 00:00:00,0.0,191.0,1693.0,0.0,38.0,0.0,0.0,0.0,0.0,0.0,1258.0
2022-05-08 01:00:00,0.0,190.0,1287.0,0.0,38.0,0.0,0.0,0.0,0.0,0.0,1287.0
2022-05-08 02:00:00,0.0,190.0,869.0,0.0,38.0,0.0,0.0,0.0,0.0,0.0,1403.0
2022-05-08 03:00:00,0.0,190.0,819.0,0.0,38.0,0.0,0.0,0.0,0.0,0.0,1437.0
2022-05-08 04:00:00,0.0,190.0,805.0,0.0,69.0,0.0,0.0,0.0,0.0,0.0,1443.0
2022-05-08 05:00:00,0.0,192.0,918.0,0.0,90.0,0.0,0.0,0.0,16.0,0.0,1425.0
2022-05-08 06:00:00,0.0,190.0,633.0,0.0,186.0,0.0,0.0,0.0,252.0,0.0,1522.0
2022-05-08 07:00:00,0.0,189.0,578.0,0.0,312.0,0.0,0.0,0.0,731.0,0.0,1462.0
2022-05-08 08:00:00,0.0,190.0,595.0,0.0,318.0,0.0,0.0,0.0,1348.0,0.0,1368.0
2022-05-08 09:00:00,0.0,190.0,546.0,0.0,201.0,0.0,0.0,0.0,1791.0,0.0,1334.0
2022-05-08 10:00:00,0.0,190.0,597.0,0.0,123.0,0.0,0.0,0.0,2097.0,0.0,1209.0
2022-05-08 11:00:00,0.0,189.0,633.0,0.0,193.0,0.0,0.0,0.0,2244.0,0.0,1144.0
2022-05-08 12:00:00,0.0,189.0,616.0,0.0,260.0,0.0,0.0,0.0,2214.0,0.0,1057.0
2022-05-08 13:00:00,0.0,190.0,669.0,0.0,360.0,0.0,0.0,0.0,2050.0,0.0,985.0
2022-05-08 14:00:00,0.0,189.0,693.0,0.0,363.0,0.0,0.0,0.0,1699.0,0.0,993.0
2022-05-08 15:00:00,0.0,190.0,822.0,0.0,137.0,0.0,0.0,0.0,1408.0,0.0,1026.0
2022-05-08 16:00:00,0.0,189.0,903.0,0.0,224.0,0.0,0.0,0.0,984.0,0.0,1103.0
2022-05-08 17:00:00,0.0,190.0,1226.0,0.0,364.0,0.0,0.0,0.0,534.0,0.0,1067.0
2022-05-08 18:00:00,0.0,198.0,1508.0,0.0,705.0,0.0,0.0,0.0,169.0,0.0,1063.0
2022-05-08 19:00:00,0.0,206.0,1957.0,0.0,1163.0,0.0,0.0,0.0,10.0,0.0,1010.0
2022-05-08 20:00:00,0.0,226.0,2032.0,0.0,1021.0,0.0,0.0,0.0,0.0,0.0,942.0
2022-05-08 21:00:00,0.0,230.0,2040.0,0.0,744.0,0.0,0.0,0.0,0.0,0.0,928.0
2022-05-08 22:00:00,0.0,209.0,1936.0,0.0,525.0,0.0,0.0,0.0,0.0,0.0,919.0
2022-05-08 23:00:00,0.0,196.0,1507.0,0.0,89.0,0.0,0.0,0.0,0.0,0.0,941.0
2022-05-09 00:00:00,0.0,191.0,1325.0,0.0,67.0,0.0,0.0,0.0,0.0,0.0,944.0
2022-05-09 01:00:00,0.0,188.0,1052.0,0.0,67.0,0.0,0.0,0.0,0.0,0.0,993.0
2022-05-09 02:00:00,0.0,190.0,1039.0,0.0,67.0,0.0,0.0,0.0,0.0,0.0,1083.0
2022-05-09 03:00:00,0.0,189.0,1028.0,0.0,67.0,0.0,0.0,0.0,0.0,0.0,1251.0
2022-05-09 04:00:00,0.0,190.0,952.0,0.0,93.0,0.0,0.0,0.0,0.0,0.0,1431.0
2022-05-09 05:00:00,0.0,189.0,1240.0,0.0,99.0,0.0,0.0,0.0,23.0,0.0,1510.0
2022-05-09 06:00:00,0.0,195.0,1494.0,0.0,283.0,0.0,0.0,0.0,299.0,0.0,1563.0
2022-05-09 07:00:00,0.0,222.0,1616.0,0.0,359.0,0.0,0.0,0.0,974.0,0.0,1513.0
2022-05-09 08:00:00,0.0,212.0,1537.0,0.0,285.0,0.0,0.0,0.0,1784.0,0.0,1488.0
2022-05-09 09:00:00,0.0,202.0,1310.0,0.0,101.0,0.0,0.0,0.0,2435.0,0.0,1489.0
2022-05-09 10:00:00,0.0,190.0,861.0,0.0,71.0,0.0,0.0,0.0,2943.0,0.0,1505.0
2022-05-09 11:00:00,0.0,191.0,779.0,0.0,68.0,0.0,0.0,0.0,3222.0,0.0,1512.0
2022-05-09 12:00:00,0.0,191.0,744.0,0.0,85.0,0.0,0.0,0.0,3283.0,0.0,1449.0
2022-05-09 13:00:00,0.0,191.0,851.0,0.0,100.0,0.0,0.0,0.0,3165.0,0.0,1462.0
2022-05-09 14:00:00,0.0,191.0,898.0,0.0,98.0,0.0,0.0,0.0,2818.0,0.0,1442.0
2022-05-09 15:00:00,0.0,190.0,1118.0,0.0,47.0,0.0,0.0,0.0,2314.0,0.0,1421.0
2022-05-09 16:00:00,0.0,192.0,1404.0,0.0,113.0,0.0,0.0,0.0,1665.0,0.0,1337.0
2022-05-09 17:00:00,0.0,199.0,1932.0,0.0,295.0,0.0,0.0,0.0,932.0,0.0,1231.0
2022-05-09 18:00:00,0.0,235.0,2243.0,0.0,940.0,0.0,0.0,0.0,245.0,0.0,1133.0
2022-05-09 19:00:00,0.0,285.0,2489.0,0.0,1268.0,0.0,0.0,0.0,13.0,0.0,1087.0
2022-05-09 20:00:00,0.0,310.0,2546.0,0.0,1282.0,0.0,0.0,0.0,0.0,0.0,1135.0
2022-05-09 21:00:00,0.0,292.0,2195.0,0.0,935.0,0.0,0.0,0.0,0.0,0.0,1136.0
2022-05-09 22:00:00,0.0,244.0,2090.0,0.0,380.0,0.0,0.0,0.0,0.0,0.0,1117.0
2022-05-09 23:00:00,0.0,211.0,1955.0,0.0,67.0,0.0,0.0,0.0,0.0,0.0,1212.0
2022-05-10 00:00:00,0.0,191.0,1668.0,0.0,50.0,0.0,0.0,0.0,0.0,0.0,1296.0
2022-05-10 01:00:00,0.0,191.0,1265.0,0.0,84.0,0.0,0.0,0.0,0.0,0.0,1328.0
2022-05-10 02:00:00,0.0,192.0,1010.0,0.0,115.0,0.0,0.0,0.0,0.0,0.0,1426.0
2022-05-10 03:00:00,0.0,191.0,980.0,0.0,94.0,0.0,0.0,0.0,0.0,0.0,1572.0
2022-05-10 04:00:00,0.0,191.0,890.0,0.0,106.0,0.0,0.0,0.0,0.0,0.0,1779.0
2022-05-10 05:00:00,0.0,191.0,902.0,0.0,99.0,0.0,0.0,0.0,27.0,0.0,1867.0
2022-05-10 06:00:00,0.0,198.0,1080.0,0.0,392.0,0.0,0.0,0.0,345.0,0.0,1874.0
2022-05-10 07:00:00,0.0,216.0,1302.0,0.0,612.0,0.0,0.0,0.0,1104.0,0.0,1766.0
2022-05-10 08:00:00,0.0,248.0,1328.0,0.0,645.0,0.0,0.0,0.0,1933.0,0.0,1678.0
2022-05-10 09:00:00,0.0,238.0,972.0,0.0,563.0,0.0,0.0,0.0,2602.0,0.0,1633.0
2022-05-10 10:00:00,0.0,210.0,848.0,0.0,228.0,0.0,0.0,0.0,3018.0,0.0,1590.0
2022-05-10 11:00:00,0.0,194.0,688.0,0.0,196.0,0.0,0.0,0.0,3223.0,0.0,1481.0
2022-05-10 12:00:00,0.0,190.0,634.0,0.0,208.0,0.0,0.0,0.0,3265.0,0.0,1414.0
2022-05-10 13:00:00,0.0,192.0,622.0,0.0,212.0,0.0,0.0,0.0,3056.0,0.0,1300.0
2022-05-10 14:00:00,0.0,199.0,663.0,0.0,212.0,0.0,0.0,0.0,2708.0,0.0,1231.0
2022-05-10 15:00:00,0.0,255.0,722.0,0.0,116.0,0.0,0.0,0.0,2182.0,0.0,1261.0
2022-05-10 16:00:00,0.0,318.0,1248.0,0.0,242.0,0.0,0.0,0.0,1601.0,0.0,1251.0
2022-05-10 17:00:00,0.0,384.0,1679.0,0.0,595.0,0.0,0.0,0.0,884.0,0.0,1092.0
2022-05-10 18:00:00,0.0,446.0,2081.0,0.0,1103.0,0.0,0.0,0.0,253.0,0.0,946.0
2022-05-10 19:00:00,0.0,518.0,2318.0,0.0,1521.0,0.0,0.0,0.0,15.0,0.0,856.0
2022-05-10 20:00:00,0.0,526.0,2412.0,0.0,1498.0,0.0,0.0,0.0,0.0,0.0,846.0
2022-05-10 21:00:00,0.0,512.0,2147.0,0.0,962.0,0.0,0.0,0.0,0.0,0.0,945.0
2022-05-10 22:00:00,0.0,487.0,2095.0,0.0,593.0,0.0,0.0,0.0,0.0,0.0,898.0
2022-05-10 23:00:00,0.0,433.0,2018.0,0.0,415.0,0.0,0.0,0.0,0.0,0.0,896.0
2022-05-11 00:00:00,0.0,425.0,2230.0,0.0,83.0,0.0,0.0,0.0,0.0,0.0,872.0
2022-05-11 01:00:00,0.0,425.0,1984.0,0.0,57.0,0.0,0.0,0.0,0.0,0.0,838.0
2022-05-11 02:00:00,0.0,426.0,1944.0,0.0,68.0,0.0,0.0,0.0,0.0,0.0,857.0
2022-05-11 03:00:00,0.0,425.0,1869.0,0.0,67.0,0.0,0.0,0.0,0.0,0.0,884.0
2022-05-11 04:00:00,0.0,424.0,1910.0,0.0,95.0,0.0,0.0,0.0,0.0,0.0,1019.0
2022-05-11 05:00:00,0.0,423.0,1896.0,0.0,217.0,0.0,0.0,0.0,28.0,0.0,1095.0
2022-05-11 06:00:00,0.0,426.0,2038.0,0.0,434.0,0.0,0.0,0.0,338.0,0.0,1103.0
2022-05-11 07:00:00,0.0,430.0,2120.0,0.0,672.0,0.0,0.0,0.0,1102.0,0.0,1012.0
2022-05-11 08:00:00,0.0,461.0,2003.0,0.0,646.0,0.0,0.0,0.0,1929.0,0.0,959.0
2022-05-11 09:00:00,0.0,469.0,1702.0,0.0,479.0,0.0,0.0,0.0,2575.0,0.0,987.0
2022-05-11 10:00:00,0.0,450.0,1387.0,0.0,317.0,0.0,0.0,0.0,3005.0,0.0,1005.0
2022-05-11 11:00:00,0.0,429.0,1125.0,0.0,286.0,0.0,0.0,0.0,3236.0,0.0,1014.0
2022-05-11 12:00:00,0.0,415.0,1132.0,0.0,228.0,0.0,0.0,0.0,3227.0,0.0,992.0
2022-05-11 13:00:00,0.0,415.0,1071.0,0.0,186.0,0.0,0.0,0.0,3026.0,0.0,1016.0
2022-05-11 14:00:00,0.0,397.0,1104.0,0.0,179.0,0.0,0.0,0.0,2727.0,0.0,923.0
2022-05-11 15:00:00,0.0,412.0,1406.0,0.0,136.0,0.0,0.0,0.0,2226.0,0.0,859.0
2022-05-11 16:00:00,0.0,419.0,1849.0,0.0,259.0,0.0,0.0,0.0,1616.0,0.0,712.0
2022-05-11 17:00:00,0.0,425.0,2219.0,0.0,639.0,0.0,0.0,0.0,874.0,0.0,534.0
2022-05-11 18:00:00,0.0,461.0,2485.0,0.0,1244.0,0.0,0.0,0.0,250.0,0.0,372.0
2022-05-11 19:00:00,0.0,499.0,2584.0,0.0,1795.0,0.0,0.0,0.0,17.0,0.0,312.0
2022-05-11 20:00:00,0.0,522.0,2609.0,0.0,1721.0,0.0,0.0,0.0,0.0,0.0,253.0
2022-05-11 21:00:00,0.0,524.0,2466.0,0.0,1281.0,0.0,0.0,0.0,0.0,0.0,236.0
2022-05-11 22:00:00,0.0,483.0,2467.0,0.0,669.0,0.0,0.0,0.0,0.0,0.0,171.0
2022-05-11 23:00:00,0.0,440.0,2294.0,0.0,417.0,0.0,0.0,0.0,0.0,0.0,144.0
2022-05-12 00:00:00,0.0,410.0,1882.0,0.0,107.0,0.0,0.0,0.0,0.0,0.0,135.0
2022-05-12 01:00:00,0.0,410.0,1796.0,0.0,85.0,0.0,0.0,0.0,0.0,0.0,167.0
2022-05-12 02:00:00,0.0,411.0,1747.0,0.0,84.0,0.0,0.0,0.0,0.0,0.0,178.0
2022-05-12 03:00:00,0.0,410.0,1762.0,0.0,84.0,0.0,0.0,0.0,0.0,0.0,217.0
2022-05-12 04:00:00,0.0,412.0,1626.0,0.0,111.0,0.0,0.0,0.0,0.0,0.0,258.0
2022-05-12 05:00:00,0.0,414.0,1718.0,0.0,275.0,0.0,0.0,0.0,30.0,0.0,251.0
2022-05-12 06:00:00,0.0,440.0,1893.0,0.0,548.0,0.0,0.0,0.0,341.0,0.0,180.0
2022-05-12 07:00:00,0.0,469.0,1970.0,0.0,694.0,0.0,0.0,0.0,1092.0,0.0,93.0
2022-05-12 08:00:00,0.0,461.0,1935.0,0.0,663.0,0.0,0.0,0.0,1885.0,0.0,97.0
2022-05-12 09:00:00,0.0,429.0,1785.0,0.0,384.0,0.0,0.0,0.0,2515.0,0.0,137.0
2022-05-12 10:00:00,0.0,417.0,1644.0,0.0,152.0,0.0,0.0,0.0,2918.0,0.0,190.0
2022-05-12 11:00:00,0.0,417.0,1458.0,0.0,181.0,0.0,0.0,0.0,3153.0,0.0,209.0
2022-05-12 12:00:00,0.0,400.0,1292.0,0.0,155.0,0.0,0.0,0.0,3169.0,0.0,190.0
2022-05-12 13:00:00,0.0,399.0,1219.0,0.0,166.0,0.0,0.0,0.0,3015.0,0.0,190.0
2022-05-12 14:00:00,0.0,398.0,1376.0,0.0,179.0,0.0,0.0,0.0,2742.0,0.0,206.0
2022-05-12 15:00:00,0.0,396.0,1588.0,0.0,166.0,0.0,0.0,0.0,2265.0,0.0,217.0
2022-05-12 16:00:00,0.0,404.0,1800.0,0.0,300.0,0.0,0.0,0.0,1633.0,0.0,225.0
2022-05-12 17:00:00,0.0,405.0,2219.0,0.0,557.0,0.0,0.0,0.0,876.0,0.0,192.0
2022-05-12 18:00:00,0.0,399.0,2401.0,0.0,1100.0,0.0,0.0,0.0,248.0,0.0,141.0
2022-05-12 19:00:00,0.0,393.0,2414.0,0.0,1704.0,0.0,0.0,0.0,16.0,0.0,115.0
2022-05-12 20:00:00,0.0,391.0,2543.0,0.0,1682.0,0.0,0.0,0.0,0.0,0.0,96.0
2022-05-12 21:00:00,0.0,385.0,2478.0,0.0,1255.0,0.0,0.0,0.0,0.0,0.0,110.0
2022-05-12 22:00:00,0.0,391.0,2353.0,0.0,586.0,0.0,0.0,0.0,0.0,0.0,95.0
2022-05-12 23:00:00,0.0,390.0,2178.0,0.0,372.0,0.0,0.0,0.0,0.0,0.0,56.0
2022-05-13 00:00:00,0.0,399.0,2283.0,0.0,120.0,0.0,0.0,0.0,0.0,0.0,45.0
2022-05-13 01:00:00,0.0,407.0,2135.0,0.0,94.0,0.0,0.0,0.0,0.0,0.0,70.0
2022-05-13 02:00:00,0.0,409.0,2055.0,0.0,80.0,0.0,0.0,0.0,0.0,0.0,70.0
2022-05-13 03:00:00,0.0,408.0,2088.0,0.0,68.0,0.0,0.0,0.0,0.0,0.0,52.0
2022-05-13 04:00:00,0.0,407.0,2145.0,0.0,124.0,0.0,0.0,0.0,0.0,0.0,58.0
2022-05-13 05:00:00,0.0,413.0,2210.0,0.0,185.0,0.0,0.0,0.0,22.0,0.0,54.0
2022-05-13 06:00:00,0.0,433.0,2402.0,0.0,456.0,0.0,0.0,0.0,292.0,0.0,58.0
2022-05-13 07:00:00,0.0,451.0,2427.0,0.0,817.0,0.0,0.0,0.0,865.0,0.0,76.0
2022-05-13 08:00:00,0.0,452.0,2544.0,0.0,860.0,0.0,0.0,0.0,1474.0,0.0,71.0
2022-05-13 09:00:00,0.0,414.0,2465.0,0.0,613.0,0.0,0.0,0.0,2062.0,0.0,61.0
2022-05-13 10:00:00,0.0,406.0,2315.0,0.0,331.0,0.0,0.0,0.0,2483.0,0.0,72.0
2022-05-13 11:00:00,0.0,412.0,2163.0,0.0,327.0,0.0,0.0,0.0,2645.0,0.0,84.0
2022-05-13 12:00:00,0.0,423.0,2153.0,0.0,215.0,0.0,0.0,0.0,2632.0,0.0,105.0
2022-05-13 13:00:00,0.0,420.0,2130.0,0.0,149.0,0.0,0.0,0.0,2441.0,0.0,122.0
2022-05-13 14:00:00,0.0,419.0,2129.0,0.0,129.0,0.0,0.0,0.0,2149.0,0.0,191.0
2022-05-13 15:00:00,0.0,416.0,2186.0,0.0,144.0,0.0,0.0,0.0,1836.0,0.0,225.0
2022-05-13 16:00:00,0.0,419.0,2544.0,0.0,265.0,0.0,0.0,0.0,1314.0,0.0,252.0
2022-05-13 17:00:00,0.0,435.0,2835.0,0.0,522.0,0.0,0.0,0.0,724.0,0.0,232.0
2022-05-13 18:00:00,0.0,500.0,2846.0,0.0,940.0,0.0,0.0,0.0,228.0,0.0,206.0
2022-05-13 19:00:00,0.0,470.0,2951.0,0.0,1391.0,0.0,0.0,0.0,15.0,0.0,238.0
2022-05-13 20:00:00,0.0,304.0,3035.0,0.0,1266.0,0.0,0.0,0.0,0.0,0.0,296.0
2022-05-13 21:00:00,0.0,285.0,2974.0,0.0,937.0,0.0,0.0,0.0,0.0,0.0,337.0
2022-05-13 22:00:00,0.0,240.0,2668.0,0.0,554.0,0.0,0.0,0.0,0.0,0.0,358.0
2022-05-13 23:00:00,0.0,211.0,2512.0,0.0,376.0,0.0,0.0,0.0,0.0,0.0,408.0
2022-05-14 00:00:00,0.0,189.0,2253.0,0.0,36.0,0.0,0.0,0.0,0.0,0.0,354.0
2022-05-14 01:00:00,0.0,189.0,1841.0,0.0,89.0,0.0,0.0,0.0,0.0,0.0,307.0
2022-05-14 02:00:00,0.0,192.0,1692.0,0.0,62.0,0.0,0.0,0.0,0.0,0.0,291.0
2022-05-14 03:00:00,0.0,190.0,1705.0,0.0,89.0,0.0,0.0,0.0,0.0,0.0,294.0
2022-05-14 04:00:00,0.0,191.0,1605.0,0.0,89.0,0.0,0.0,0.0,0.0,0.0,310.0
2022-05-14 05:00:00,0.0,199.0,1698.0,0.0,149.0,0.0,0.0,0.0,22.0,0.0,311.0
2022-05-14 06:00:00,0.0,215.0,1779.0,0.0,416.0,0.0,0.0,0.0,291.0,0.0,265.0
2022-05-14 07:00:00,0.0,241.0,1753.0,0.0,515.0,0.0,0.0,0.0,886.0,0.0,191.0
2022-05-14 08:00:00,0.0,238.0,1725.0,0.0,515.0,0.0,0.0,0.0,1540.0,0.0,147.0
2022-05-14 09:00:00,0.0,210.0,1532.0,0.0,330.0,0.0,0.0,0.0,2109.0,0.0,119.0
2022-05-14 10:00:00,0.0,193.0,1591.0,0.0,165.0,0.0,0.0,0.0,2444.0,0.0,113.0
2022-05-14 11:00:00,0.0,178.0,1293.0,0.0,117.0,0.0,0.0,0.0,2586.0,0.0,148.0
2022-05-14 12:00:00,0.0,179.0,1193.0,0.0,117.0,0.0,0.0,0.0,2542.0,0.0,187.0
2022-05-14 13:00:00,0.0,181.0,1273.0,0.0,133.0,0.0,0.0,0.0,2381.0,0.0,172.0
2022-05-14 14:00:00,0.0,184.0,1256.0,0.0,131.0,0.0,0.0,0.0,1995.0,0.0,174.0
2022-05-14 15:00:00,0.0,182.0,1503.0,0.0,164.0,0.0,0.0,0.0,1481.0,0.0,265.0
2022-05-14 16:00:00,0.0,186.0,1829.0,0.0,277.0,0.0,0.0,0.0,958.0,0.0,308.0
2022-05-14 17:00:00,0.0,184.0,2245.0,0.0,550.0,0.0,0.0,0.0,479.0,0.0,161.0
2022-05-14 18:00:00,0.0,209.0,2475.0,0.0,802.0,0.0,0.0,0.0,141.0,0.0,195.0
2022-05-14 19:00:00,0.0,270.0,2734.0,0.0,1219.0,0.0,0.0,0.0,7.0,0.0,195.0
2022-05-14 20:00:00,0.0,291.0,2865.0,0.0,1192.0,0.0,0.0,0.0,0.0,0.0,147.0
2022-05-14 21:00:00,0.0,289.0,2789.0,0.0,948.0,0.0,0.0,0.0,0.0,0.0,179.0
2022-05-14 22:00:00,0.0,256.0,2555.0,0.0,352.0,0.0,0.0,0.0,0.0,0.0,161.0
2022-05-14 23:00:00,0.0,214.0,2413.0,0.0,79.0,0.0,0.0,0.0,0.0,0.0,173.0
2022-05-15 00:00:00,0.0,193.0,2067.0,0.0,36.0,0.0,0.0,0.0,0.0,0.0,241.0
2022-05-15 01:00:00,0.0,194.0,1624.0,0.0,53.0,0.0,0.0,0.0,0.0,0.0,259.0
2022-05-15 02:00:00,0.0,195.0,1287.0,0.0,52.0,0.0,0.0,0.0,0.0,0.0,392.0
2022-05-15 03:00:00,0.0,195.0,1193.0,0.0,78.0,0.0,0.0,0.0,0.0,0.0,404.0
2022-05-15 04:00:00,0.0,195.0,1128.0,0.0,113.0,0.0,0.0,0.0,0.0,0.0,398.0
2022-05-15 05:00:00,0.0,195.0,1052.0,0.0,161.0,0.0,0.0,0.0,28.0,0.0,365.0
2022-05-15 06:00:00,0.0,195.0,1227.0,0.0,383.0,0.0,0.0,0.0,318.0,0.0,252.0
2022-05-15 07:00:00,0.0,194.0,1005.0,0.0,424.0,0.0,0.0,0.0,1002.0,0.0,188.0
2022-05-15 08:00:00,0.0,195.0,887.0,0.0,379.0,0.0,0.0,0.0,1754.0,0.0,150.0
2022-05-15 09:00:00,0.0,196.0,889.0,0.0,217.0,0.0,0.0,0.0,2377.0,0.0,139.0
2022-05-15 10:00:00,0.0,196.0,905.0,0.0,231.0,0.0,0.0,0.0,2785.0,0.0,125.0
2022-05-15 11:00:00,0.0,195.0,922.0,0.0,151.0,0.0,0.0,0.0,3004.0,0.0,87.0
2022-05-15 12:00:00,0.0,193.0,1020.0,0.0,145.0,0.0,0.0,0.0,2957.0,0.0,91.0
2022-05-15 13:00:00,0.0,197.0,865.0,0.0,128.0,0.0,0.0,0.0,2840.0,0.0,145.0
2022-05-15 14:00:00,0.0,193.0,798.0,0.0,114.0,0.0,0.0,0.0,2455.0,0.0,213.0
2022-05-15 15:00:00,0.0,194.0,954.0,0.0,104.0,0.0,0.0,0.0,1970.0,0.0,194.0
2022-05-15 16:00:00,0.0,193.0,1269.0,0.0,261.0,0.0,0.0,0.0,1321.0,0.0,233.0
2022-05-15 17:00:00,0.0,194.0,1641.0,0.0,396.0,0.0,0.0,0.0,724.0,0.0,263.0
2022-05-15 18:00:00,0.0,192.0,1900.0,0.0,694.0,0.0,0.0,0.0,213.0,0.0,276.0
2022-05-15 19:00:00,0.0,193.0,2284.0,0.0,918.0,0.0,0.0,0.0,17.0,0.0,295.0
2022-05-15 20:00:00,0.0,193.0,2417.0,0.0,1152.0,0.0,0.0,0.0,0.0,0.0,275.0
2022-05-15 21:00:00,0.0,191.0,2357.0,0.0,938.0,0.0,0.0,0.0,0.0,0.0,271.0
2022-05-15 22:00:00,0.0,192.0,2184.0,0.0,520.0,0.0,0.0,0.0,0.0,0.0,227.0
2022-05-15 23:00:00,0.0,190.0,1981.0,0.0,119.0,0.0,0.0,0.0,0.0,0.0,213.0
2022-05-16 00:00:00,0.0,189.0,1795.0,0.0,37.0,0.0,0.0,0.0,0.0,0.0,240.0
2022-05-16 01:00:00,0.0,187.0,1545.0,0.0,35.0,0.0,0.0,0.0,0.0,0.0,188.0
2022-05-16 02:00:00,0.0,187.0,1547.0,0.0,36.0,0.0,0.0,0.0,0.0,0.0,128.0
2022-05-16 03:00:00,0.0,187.0,1610.0,0.0,74.0,0.0,0.0,0.0,0.0,0.0,100.0
2022-05-16 04:00:00,0.0,186.0,1585.0,0.0,74.0,0.0,0.0,0.0,0.0,0.0,72.0
2022-05-16 05:00:00,0.0,194.0,1848.0,0.0,290.0,0.0,0.0,0.0,33.0,0.0,85.0
2022-05-16 06:00:00,0.0,222.0,2379.0,0.0,552.0,0.0,0.0,0.0,345.0,0.0,93.0
2022-05-16 07:00:00,0.0,247.0,2432.0,0.0,649.0,0.0,0.0,0.0,1062.0,0.0,75.0
2022-05-16 08:00:00,0.0,257.0,2491.0,0.0,514.0,0.0,0.0,0.0,1832.0,0.0,50.0
2022-05-16 09:00:00,0.0,260.0,2378.0,0.0,375.0,0.0,0.0,0.0,2449.0,0.0,45.0
2022-05-16 10:00:00,0.0,241.0,2303.0,0.0,247.0,0.0,0.0,0.0,2859.0,0.0,54.0
2022-05-16 11:00:00,0.0,222.0,2087.0,0.0,154.0,0.0,0.0,0.0,3058.0,0.0,62.0
2022-05-16 12:00:00,0.0,221.0,1785.0,0.0,111.0,0.0,0.0,0.0,3075.0,0.0,109.0
2022-05-16 13:00:00,0.0,217.0,1766.0,0.0,96.0,0.0,0.0,0.0,2843.0,0.0,175.0
2022-05-16 14:00:00,0.0,214.0,2127.0,0.0,147.0,0.0,0.0,0.0,2304.0,0.0,234.0
2022-05-16 15:00:00,0.0,221.0,2562.0,0.0,171.0,0.0,0.0,0.0,1757.0,0.0,204.0
2022-05-16 16:00:00,0.0,236.0,2636.0,0.0,290.0,0.0,0.0,0.0,1263.0,0.0,165.0
2022-05-16 17:00:00,0.0,257.0,2737.0,0.0,405.0,0.0,0.0,0.0,720.0,0.0,138.0
2022-05-16 18:00:00,0.0,269.0,2862.0,0.0,993.0,0.0,0.0,0.0,208.0,0.0,85.0
2022-05-16 19:00:00,0.0,276.0,2966.0,0.0,1434.0,0.0,0.0,0.0,17.0,0.0,79.0
2022-05-16 20:00:00,0.0,301.0,3037.0,0.0,1444.0,0.0,0.0,0.0,0.0,0.0,82.0
2022-05-16 21:00:00,0.0,315.0,2981.0,0.0,1131.0,0.0,0.0,0.0,0.0,0.0,72.0
2022-05-16 22:00:00,0.0,276.0,2826.0,0.0,622.0,0.0,0.0,0.0,0.0,0.0,72.0
2022-05-16 23:00:00,0.0,226.0,2686.0,0.0,156.0,0.0,0.0,0.0,0.0,0.0,84.0
2022-05-17 00:00:00,0.0,189.0,2438.0,0.0,34.0,0.0,0.0,0.0,0.0,0.0,67.0
2022-05-17 01:00:00,0.0,189.0,2160.0,0.0,34.0,0.0,0.0,0.0,0.0,0.0,57.0
2022-05-17 02:00:00,0.0,190.0,2162.0,0.0,37.0,0.0,0.0,0.0,0.0,0.0,45.0
2022-05-17 03:00:00,0.0,189.0,2207.0,0.0,73.0,0.0,0.0,0.0,0.0,0.0,46.0
2022-05-17 04:00:00,0.0,187.0,2132.0,0.0,75.0,0.0,0.0,0.0,0.0,0.0,58.0
2022-05-17 05:00:00,0.0,187.0,2220.0,0.0,165.0,0.0,0.0,0.0,33.0,0.0,58.0
2022-05-17 06:00:00,0.0,189.0,2532.0,0.0,602.0,0.0,0.0,0.0,345.0,0.0,59.0
2022-05-17 07:00:00,0.0,228.0,2749.0,0.0,796.0,0.0,0.0,0.0,1053.0,0.0,49.0
2022-05-17 08:00:00,0.0,281.0,2715.0,0.0,765.0,0.0,0.0,0.0,1821.0,0.0,54.0
2022-05-17 09:00:00,0.0,323.0,2564.0,0.0,476.0,0.0,0.0,0.0,2440.0,0.0,54.0
2022-05-17 10:00:00,0.0,381.0,2518.0,0.0,234.0,0.0,0.0,0.0,2850.0,0.0,58.0
2022-05-17 11:00:00,0.0,435.0,2414.0,0.0,185.0,0.0,0.0,0.0,3053.0,0.0,67.0
2022-05-17 12:00:00,0.0,414.0,1953.0,0.0,130.0,0.0,0.0,0.0,3078.0,0.0,106.0
2022-05-17 13:00:00,0.0,433.0,1849.0,0.0,80.0,0.0,0.0,0.0,2814.0,0.0,151.0
2022-05-17 14:00:00,0.0,423.0,2005.0,0.0,98.0,0.0,0.0,0.0,2404.0,0.0,217.0
2022-05-17 15:00:00,0.0,448.0,2380.0,0.0,237.0,0.0,0.0,0.0,1834.0,0.0,258.0
2022-05-17 16:00:00,0.0,484.0,2590.0,0.0,550.0,0.0,0.0,0.0,1245.0,0.0,220.0
2022-05-17 17:00:00,0.0,518.0,2524.0,0.0,997.0,0.0,0.0,0.0,664.0,0.0,220.0
2022-05-17 18:00:00,0.0,534.0,2903.0,0.0,1192.0,0.0,0.0,0.0,222.0,0.0,242.0
2022-05-17 19:00:00,0.0,551.0,3031.0,0.0,1339.0,0.0,0.0,0.0,20.0,0.0,277.0
2022-05-17 20:00:00,0.0,578.0,3029.0,0.0,1254.0,0.0,0.0,0.0,0.0,0.0,349.0
2022-05-17 21:00:00,0.0,569.0,2834.0,0.0,927.0,0.0,0.0,0.0,0.0,0.0,415.0
2022-05-17 22:00:00,0.0,527.0,2699.0,0.0,511.0,0.0,0.0,0.0,0.0,0.0,449.0
2022-05-17 23:00:00,0.0,515.0,2583.0,0.0,86.0,0.0,0.0,0.0,0.0,0.0,466.0
2022-05-18 00:00:00,0.0,475.0,2198.0,0.0,9.0,0.0,0.0,0.0,0.0,0.0,481.0
2022-05-18 01:00:00,0.0,454.0,1949.0,0.0,37.0,0.0,0.0,0.0,0.0,0.0,501.0
2022-05-18 02:00:00,0.0,455.0,1927.0,0.0,48.0,0.0,0.0,0.0,0.0,0.0,445.0
2022-05-18 03:00:00,0.0,453.0,1908.0,0.0,10.0,0.0,0.0,0.0,0.0,0.0,478.0
2022-05-18 04:00:00,0.0,456.0,1974.0,0.0,48.0,0.0,0.0,0.0,0.0,0.0,420.0
2022-05-18 05:00:00,0.0,466.0,1863.0,0.0,232.0,0.0,0.0,0.0,33.0,0.0,355.0
2022-05-18 06:00:00,0.0,497.0,2208.0,0.0,507.0,0.0,0.0,0.0,349.0,0.0,279.0
2022-05-18 07:00:00,0.0,518.0,2257.0,0.0,506.0,0.0,0.0,0.0,1066.0,0.0,241.0
2022-05-18 08:00:00,0.0,529.0,2353.0,0.0,396.0,0.0,0.0,0.0,1830.0,0.0,197.0
2022-05-18 09:00:00,0.0,516.0,2190.0,0.0,215.0,0.0,0.0,0.0,2392.0,0.0,175.0
2022-05-18 10:00:00,0.0,512.0,2087.0,0.0,125.0,0.0,0.0,0.0,2810.0,0.0,179.0
2022-05-18 11:00:00,0.0,504.0,1877.0,0.0,125.0,0.0,0.0,0.0,3032.0,0.0,235.0
2022-05-18 12:00:00,0.0,470.0,1731.0,0.0,103.0,0.0,0.0,0.0,2999.0,0.0,314.0
2022-05-18 13:00:00,0.0,451.0,1572.0,0.0,72.0,0.0,0.0,0.0,2690.0,0.0,481.0
2022-05-18 14:00:00,0.0,455.0,1565.0,0.0,66.0,0.0,0.0,0.0,2210.0,0.0,701.0
2022-05-18 15:00:00,0.0,478.0,1719.0,0.0,120.0,0.0,0.0,0.0,1602.0,0.0,778.0
2022-05-18 16:00:00,0.0,530.0,2136.0,0.0,169.0,0.0,0.0,0.0,921.0,0.0,806.0
2022-05-18 17:00:00,0.0,551.0,2360.0,0.0,331.0,0.0,0.0,0.0,415.0,0.0,851.0
2022-05-18 18:00:00,0.0,586.0,2682.0,0.0,644.0,0.0,0.0,0.0,122.0,0.0,913.0
2022-05-18 19:00:00,0.0,599.0,2516.0,0.0,1013.0,0.0,0.0,0.0,12.0,0.0,1440.0
2022-05-18 20:00:00,0.0,589.0,2333.0,0.0,1167.0,0.0,0.0,0.0,0.0,0.0,1862.0
2022-05-18 21:00:00,0.0,545.0,1875.0,0.0,727.0,0.0,0.0,0.0,0.0,0.0,2237.0
2022-05-18 22:00:00,0.0,443.0,1657.0,0.0,443.0,0.0,0.0,0.0,0.0,0.0,2505.0
2022-05-18 23:00:00,0.0,415.0,1621.0,0.0,49.0,0.0,0.0,0.0,0.0,0.0,2661.0
2022-05-19 00:00:00,0.0,351.0,1067.0,0.0,22.0,0.0,0.0,0.0,0.0,0.0,2735.0
2022-05-19 01:00:00,0.0,266.0,776.0,0.0,31.0,0.0,0.0,0.0,0.0,0.0,2706.0
2022-05-19 02:00:00,0.0,190.0,835.0,0.0,32.0,0.0,0.0,0.0,0.0,0.0,2673.0
2022-05-19 03:00:00,0.0,188.0,1032.0,0.0,99.0,0.0,0.0,0.0,0.0,0.0,2402.0
2022-05-19 04:00:00,0.0,189.0,1014.0,0.0,140.0,0.0,0.0,0.0,6.0,0.0,2373.0
2022-05-19 05:00:00,0.0,192.0,950.0,0.0,294.0,0.0,0.0,0.0,37.0,0.0,2402.0
2022-05-19 06:00:00,0.0,199.0,1215.0,0.0,518.0,0.0,0.0,0.0,312.0,0.0,2501.0
2022-05-19 07:00:00,0.0,200.0,1199.0,0.0,520.0,0.0,0.0,0.0,958.0,0.0,2537.0
2022-05-19 08:00:00,0.0,196.0,1004.0,0.0,569.0,0.0,0.0,0.0,1681.0,0.0,2563.0
2022-05-19 09:00:00,0.0,196.0,886.0,0.0,170.0,0.0,0.0,0.0,2291.0,0.0,2640.0
2022-05-19 10:00:00,0.0,194.0,701.0,0.0,65.0,0.0,0.0,0.0,2740.0,0.0,2690.0
2022-05-19 11:00:00,0.0,195.0,669.0,0.0,44.0,0.0,0.0,0.0,3070.0,0.0,2686.0
2022-05-19 12:00:00,0.0,195.0,677.0,0.0,35.0,0.0,0.0,0.0,3252.0,0.0,2677.0
2022-05-19 13:00:00,0.0,196.0,702.0,0.0,26.0,0.0,0.0,0.0,3218.0,0.0,2621.0
2022-05-19 14:00:00,0.0,196.0,631.0,0.0,25.0,0.0,0.0,0.0,2967.0,0.0,2602.0
2022-05-19 15:00:00,0.0,194.0,835.0,0.0,11.0,0.0,0.0,0.0,2506.0,0.0,2561.0
2022-05-19 16:00:00,0.0,196.0,1098.0,0.0,44.0,0.0,0.0,0.0,1854.0,0.0,2465.0
2022-05-19 17:00:00,0.0,196.0,1516.0,0.0,324.0,0.0,0.0,0.0,1026.0,0.0,2371.0
2022-05-19 18:00:00,0.0,196.0,1793.0,0.0,1002.0,0.0,0.0,0.0,296.0,0.0,2177.0
2022-05-19 19:00:00,0.0,196.0,1928.0,0.0,1433.0,0.0,0.0,0.0,30.0,0.0,2146.0
2022-05-19 20:00:00,0.0,197.0,1946.0,0.0,1381.0,0.0,0.0,0.0,6.0,0.0,2150.0
2022-05-19 21:00:00,0.0,195.0,1825.0,0.0,1129.0,0.0,0.0,0.0,0.0,0.0,2118.0
2022-05-19 22:00:00,0.0,195.0,1587.0,0.0,839.0,0.0,0.0,0.0,0.0,0.0,2097.0
2022-05-19 23:00:00,0.0,195.0,1342.0,0.0,155.0,0.0,0.0,0.0,0.0,0.0,2045.0
2022-05-20 00:00:00,0.0,196.0,1152.0,0.0,9.0,0.0,0.0,0.0,0.0,0.0,1981.0
2022-05-20 01:00:00,0.0,194.0,810.0,0.0,9.0,0.0,0.0,0.0,0.0,0.0,1972.0
2022-05-20 02:00:00,0.0,193.0,767.0,0.0,9.0,0.0,0.0,0.0,0.0,0.0,2024.0
2022-05-20 03:00:00,0.0,194.0,754.0,0.0,9.0,0.0,0.0,0.0,0.0,0.0,2116.0
2022-05-20 04:00:00,0.0,196.0,848.0,0.0,9.0,0.0,0.0,0.0,0.0,0.0,2167.0
2022-05-20 05:00:00,0.0,195.0,814.0,0.0,69.0,0.0,0.0,0.0,25.0,0.0,2255.0
2022-05-20 06:00:00,0.0,217.0,792.0,0.0,285.0,0.0,0.0,0.0,321.0,0.0,2284.0
2022-05-20 07:00:00,0.0,234.0,638.0,0.0,502.0,0.0,0.0,0.0,1023.0,0.0,2325.0
2022-05-20 08:00:00,0.0,252.0,697.0,0.0,522.0,0.0,0.0,0.0,1751.0,0.0,2336.0
2022-05-20 09:00:00,0.0,248.0,592.0,0.0,309.0,0.0,0.0,0.0,2329.0,0.0,2250.0
2022-05-20 10:00:00,0.0,211.0,662.0,0.0,161.0,0.0,0.0,0.0,2699.0,0.0,2206.0
2022-05-20 11:00:00,0.0,197.0,535.0,0.0,162.0,0.0,0.0,0.0,2899.0,0.0,2194.0
2022-05-20 12:00:00,0.0,196.0,466.0,0.0,74.0,0.0,0.0,0.0,2981.0,0.0,2192.0
2022-05-20 13:00:00,0.0,197.0,426.0,0.0,54.0,0.0,0.0,0.0,2906.0,0.0,2186.0
2022-05-20 14:00:00,0.0,196.0,423.0,0.0,65.0,0.0,0.0,0.0,2656.0,0.0,2249.0
2022-05-20 15:00:00,0.0,197.0,457.0,0.0,44.0,0.0,0.0,0.0,2225.0,0.0,2263.0
2022-05-20 16:00:00,0.0,234.0,743.0,0.0,150.0,0.0,0.0,0.0,1624.0,0.0,2185.0
2022-05-20 17:00:00,0.0,268.0,1511.0,0.0,380.0,0.0,0.0,0.0,881.0,0.0,2128.0
2022-05-20 18:00:00,0.0,298.0,1790.0,0.0,1044.0,0.0,0.0,0.0,239.0,0.0,2018.0
2022-05-20 19:00:00,0.0,330.0,1787.0,0.0,1383.0,0.0,0.0,0.0,18.0,0.0,1904.0
2022-05-20 20:00:00,0.0,331.0,1942.0,0.0,1333.0,0.0,0.0,0.0,0.0,0.0,1792.0
2022-05-20 21:00:00,0.0,300.0,1753.0,0.0,1132.0,0.0,0.0,0.0,0.0,0.0,1743.0
2022-05-20 22:00:00,0.0,253.0,1660.0,0.0,784.0,0.0,0.0,0.0,0.0,0.0,1755.0
2022-05-20 23:00:00,0.0,221.0,1514.0,0.0,98.0,0.0,0.0,0.0,0.0,0.0,1683.0
2022-05-21 00:00:00,0.0,194.0,1498.0,0.0,54.0,0.0,0.0,0.0,0.0,0.0,1607.0
2022-05-21 01:00:00,0.0,194.0,1251.0,0.0,43.0,0.0,0.0,0.0,0.0,0.0,1537.0
2022-05-21 02:00:00,0.0,195.0,1129.0,0.0,38.0,0.0,0.0,0.0,0.0,0.0,1472.0
2022-05-21 03:00:00,0.0,197.0,1133.0,0.0,38.0,0.0,0.0,0.0,0.0,0.0,1414.0
2022-05-21 04:00:00,0.0,195.0,1135.0,0.0,66.0,0.0,0.0,0.0,0.0,0.0,1381.0
2022-05-21 05:00:00,0.0,204.0,1093.0,0.0,157.0,0.0,0.0,0.0,25.0,0.0,1294.0
2022-05-21 06:00:00,0.0,215.0,1457.0,0.0,654.0,0.0,0.0,0.0,310.0,0.0,1184.0
2022-05-21 07:00:00,0.0,228.0,1241.0,0.0,806.0,0.0,0.0,0.0,987.0,0.0,1069.0
2022-05-21 08:00:00,0.0,228.0,1133.0,0.0,743.0,0.0,0.0,0.0,1687.0,0.0,963.0
2022-05-21 09:00:00,0.0,227.0,1072.0,0.0,612.0,0.0,0.0,0.0,2224.0,0.0,893.0
2022-05-21 10:00:00,0.0,224.0,985.0,0.0,274.0,0.0,0.0,0.0,2600.0,0.0,821.0
2022-05-21 11:00:00,0.0,198.0,1003.0,0.0,107.0,0.0,0.0,0.0,2803.0,0.0,682.0
2022-05-21 12:00:00,0.0,200.0,1020.0,0.0,114.0,0.0,0.0,0.0,2866.0,0.0,543.0
2022-05-21 13:00:00,0.0,199.0,1115.0,0.0,145.0,0.0,0.0,0.0,2774.0,0.0,389.0
2022-05-21 14:00:00,0.0,199.0,1130.0,0.0,94.0,0.0,0.0,0.0,2530.0,0.0,296.0
2022-05-21 15:00:00,0.0,201.0,1157.0,0.0,34.0,0.0,0.0,0.0,2115.0,0.0,260.0
2022-05-21 16:00:00,0.0,200.0,1534.0,0.0,76.0,0.0,0.0,0.0,1533.0,0.0,264.0
2022-05-21 17:00:00,0.0,210.0,2050.0,0.0,169.0,0.0,0.0,0.0,835.0,0.0,232.0
2022-05-21 18:00:00,0.0,212.0,1946.0,0.0,577.0,0.0,0.0,0.0,221.0,0.0,216.0
2022-05-21 19:00:00,0.0,243.0,2219.0,0.0,1119.0,0.0,0.0,0.0,19.0,0.0,212.0
2022-05-21 20:00:00,0.0,279.0,2382.0,0.0,1245.0,0.0,0.0,0.0,0.0,0.0,149.0
2022-05-21 21:00:00,0.0,284.0,2357.0,0.0,1051.0,0.0,0.0,0.0,0.0,0.0,154.0
2022-05-21 22:00:00,0.0,257.0,2210.0,0.0,521.0,0.0,0.0,0.0,0.0,0.0,167.0
2022-05-21 23:00:00,0.0,217.0,2014.0,0.0,54.0,0.0,0.0,0.0,0.0,0.0,198.0
2022-05-22 00:00:00,0.0,199.0,1518.0,0.0,10.0,0.0,0.0,0.0,0.0,0.0,236.0
2022-05-22 01:00:00,0.0,201.0,1243.0,0.0,9.0,0.0,0.0,0.0,0.0,0.0,273.0
2022-05-22 02:00:00,0.0,199.0,1082.0,0.0,76.0,0.0,0.0,0.0,0.0,0.0,295.0
2022-05-22 03:00:00,0.0,200.0,1004.0,0.0,61.0,0.0,0.0,0.0,0.0,0.0,320.0
2022-05-22 04:00:00,0.0,201.0,915.0,0.0,73.0,0.0,0.0,0.0,0.0,0.0,371.0
2022-05-22 05:00:00,0.0,201.0,804.0,0.0,142.0,0.0,0.0,0.0,39.0,0.0,441.0
2022-05-22 06:00:00,0.0,200.0,986.0,0.0,454.0,0.0,0.0,0.0,340.0,0.0,466.0
2022-05-22 07:00:00,0.0,199.0,1002.0,0.0,526.0,0.0,0.0,0.0,996.0,0.0,404.0
2022-05-22 08:00:00,0.0,198.0,1019.0,0.0,439.0,0.0,0.0,0.0,1700.0,0.0,369.0
2022-05-22 09:00:00,0.0,199.0,931.0,0.0,229.0,0.0,0.0,0.0,2259.0,0.0,327.0
2022-05-22 10:00:00,0.0,201.0,845.0,0.0,178.0,0.0,0.0,0.0,2740.0,0.0,287.0
2022-05-22 11:00:00,0.0,196.0,848.0,0.0,140.0,0.0,0.0,0.0,3015.0,0.0,270.0
2022-05-22 12:00:00,0.0,190.0,889.0,0.0,128.0,0.0,0.0,0.0,2943.0,0.0,262.0
2022-05-22 13:00:00,0.0,191.0,969.0,0.0,44.0,0.0,0.0,0.0,2608.0,0.0,267.0
2022-05-22 14:00:00,0.0,191.0,860.0,0.0,62.0,0.0,0.0,0.0,2329.0,0.0,317.0
2022-05-22 15:00:00,0.0,190.0,978.0,0.0,132.0,0.0,0.0,0.0,1892.0,0.0,359.0
2022-05-22 16:00:00,0.0,190.0,1505.0,0.0,247.0,0.0,0.0,0.0,1164.0,0.0,399.0
2022-05-22 17:00:00,0.0,191.0,1945.0,0.0,199.0,0.0,0.0,0.0,583.0,0.0,498.0
2022-05-22 18:00:00,0.0,190.0,1982.0,0.0,568.0,0.0,0.0,0.0,217.0,0.0,487.0
2022-05-22 19:00:00,0.0,190.0,1969.0,0.0,926.0,0.0,0.0,0.0,27.0,0.0,583.0
2022-05-22 20:00:00,0.0,191.0,2378.0,0.0,1197.0,0.0,0.0,0.0,0.0,0.0,485.0
2022-05-22 21:00:00,0.0,191.0,2293.0,0.0,917.0,0.0,0.0,0.0,0.0,0.0,431.0
2022-05-22 22:00:00,0.0,191.0,2284.0,0.0,718.0,0.0,0.0,0.0,0.0,0.0,385.0
2022-05-22 23:00:00,0.0,190.0,1999.0,0.0,166.0,0.0,0.0,0.0,0.0,0.0,451.0
2022-05-23 00:00:00,0.0,190.0,1648.0,0.0,114.0,0.0,0.0,0.0,0.0,0.0,502.0
2022-05-23 01:00:00,0.0,190.0,1310.0,0.0,58.0,0.0,0.0,0.0,0.0,0.0,525.0
2022-05-23 02:00:00,0.0,190.0,1223.0,0.0,57.0,0.0,0.0,0.0,0.0,0.0,551.0
2022-05-23 03:00:00,0.0,190.0,1220.0,0.0,58.0,0.0,0.0,0.0,0.0,0.0,546.0
2022-05-23 04:00:00,0.0,190.0,1267.0,0.0,88.0,0.0,0.0,0.0,0.0,0.0,503.0
2022-05-23 05:00:00,0.0,189.0,1253.0,0.0,167.0,0.0,0.0,0.0,46.0,0.0,498.0
2022-05-23 06:00:00,0.0,190.0,1767.0,0.0,407.0,0.0,0.0,0.0,367.0,0.0,508.0
2022-05-23 07:00:00,0.0,190.0,2203.0,0.0,603.0,0.0,0.0,0.0,1100.0,0.0,476.0
2022-05-23 08:00:00,0.0,190.0,2423.0,0.0,585.0,0.0,0.0,0.0,1883.0,0.0,409.0
2022-05-23 09:00:00,0.0,190.0,2338.0,0.0,466.0,0.0,0.0,0.0,2456.0,0.0,336.0
2022-05-23 10:00:00,0.0,191.0,2312.0,0.0,353.0,0.0,0.0,0.0,2815.0,0.0,212.0
2022-05-23 11:00:00,0.0,191.0,2259.0,0.0,211.0,0.0,0.0,0.0,2969.0,0.0,199.0
2022-05-23 12:00:00,0.0,190.0,2073.0,0.0,200.0,0.0,0.0,0.0,2825.0,0.0,271.0
2022-05-23 13:00:00,0.0,189.0,2139.0,0.0,181.0,0.0,0.0,0.0,2574.0,0.0,287.0
2022-05-23 14:00:00,0.0,189.0,2221.0,0.0,190.0,0.0,0.0,0.0,2219.0,0.0,374.0
2022-05-23 15:00:00,0.0,190.0,2309.0,0.0,204.0,0.0,0.0,0.0,1763.0,0.0,436.0
2022-05-23 16:00:00,0.0,190.0,2414.0,0.0,230.0,0.0,0.0,0.0,1298.0,0.0,436.0
2022-05-23 17:00:00,0.0,203.0,2569.0,0.0,435.0,0.0,0.0,0.0,832.0,0.0,526.0
2022-05-23 18:00:00,0.0,218.0,2536.0,0.0,907.0,0.0,0.0,0.0,299.0,0.0,545.0
2022-05-23 19:00:00,0.0,246.0,2835.0,0.0,1219.0,0.0,0.0,0.0,36.0,0.0,579.0
2022-05-23 20:00:00,0.0,255.0,3007.0,0.0,1364.0,0.0,0.0,0.0,0.0,0.0,537.0
2022-05-23 21:00:00,0.0,238.0,2831.0,0.0,936.0,0.0,0.0,0.0,0.0,0.0,464.0
2022-05-23 22:00:00,0.0,205.0,2598.0,0.0,556.0,0.0,0.0,0.0,0.0,0.0,584.0
2022-05-23 23:00:00,0.0,195.0,2488.0,0.0,68.0,0.0,0.0,0.0,0.0,0.0,610.0
2022-05-24 00:00:00,0.0,196.0,1904.0,0.0,8.0,0.0,0.0,0.0,0.0,0.0,512.0
2022-05-24 01:00:00,0.0,195.0,1688.0,0.0,9.0,0.0,0.0,0.0,0.0,0.0,421.0
2022-05-24 02:00:00,0.0,195.0,1484.0,0.0,31.0,0.0,0.0,0.0,0.0,0.0,357.0
2022-05-24 03:00:00,0.0,196.0,1536.0,0.0,62.0,0.0,0.0,0.0,0.0,0.0,317.0
2022-05-24 04:00:00,0.0,196.0,1613.0,0.0,110.0,0.0,0.0,0.0,0.0,0.0,237.0
2022-05-24 05:00:00,0.0,196.0,1746.0,0.0,176.0,0.0,0.0,0.0,49.0,0.0,189.0
2022-05-24 06:00:00,0.0,198.0,2312.0,0.0,499.0,0.0,0.0,0.0,371.0,0.0,158.0
2022-05-24 07:00:00,0.0,221.0,2552.0,0.0,765.0,0.0,0.0,0.0,1048.0,0.0,126.0
2022-05-24 08:00:00,0.0,224.0,2571.0,0.0,793.0,0.0,0.0,0.0,1820.0,0.0,88.0
2022-05-24 09:00:00,0.0,202.0,2293.0,0.0,512.0,0.0,0.0,0.0,2437.0,0.0,74.0
2022-05-24 10:00:00,0.0,196.0,1983.0,0.0,193.0,0.0,0.0,0.0,2860.0,0.0,71.0
2022-05-24 11:00:00,0.0,195.0,1801.0,0.0,93.0,0.0,0.0,0.0,3119.0,0.0,103.0
2022-05-24 12:00:00,0.0,195.0,1780.0,0.0,97.0,0.0,0.0,0.0,3177.0,0.0,138.0
2022-05-24 13:00:00,0.0,195.0,1741.0,0.0,80.0,0.0,0.0,0.0,3065.0,0.0,194.0
2022-05-24 14:00:00,0.0,193.0,1703.0,0.0,73.0,0.0,0.0,0.0,2755.0,0.0,266.0
2022-05-24 15:00:00,0.0,195.0,1808.0,0.0,47.0,0.0,0.0,0.0,2244.0,0.0,335.0
2022-05-24 16:00:00,0.0,196.0,2102.0,0.0,165.0,0.0,0.0,0.0,1507.0,0.0,300.0
2022-05-24 17:00:00,0.0,196.0,2610.0,0.0,277.0,0.0,0.0,0.0,770.0,0.0,316.0
2022-05-24 18:00:00,0.0,208.0,2575.0,0.0,850.0,0.0,0.0,0.0,297.0,0.0,379.0
2022-05-24 19:00:00,0.0,242.0,2777.0,0.0,1276.0,0.0,0.0,0.0,42.0,0.0,428.0
2022-05-24 20:00:00,0.0,257.0,2714.0,0.0,1350.0,0.0,0.0,0.0,0.0,0.0,359.0
2022-05-24 21:00:00,0.0,234.0,2515.0,0.0,1029.0,0.0,0.0,0.0,0.0,0.0,310.0
2022-05-24 22:00:00,0.0,206.0,2383.0,0.0,465.0,0.0,0.0,0.0,0.0,0.0,249.0
2022-05-24 23:00:00,0.0,197.0,2005.0,0.0,72.0,0.0,0.0,0.0,0.0,0.0,271.0
2022-05-25 00:00:00,0.0,195.0,1974.0,0.0,9.0,0.0,0.0,0.0,0.0,0.0,238.0
2022-05-25 01:00:00,0.0,196.0,1802.0,0.0,9.0,0.0,0.0,0.0,0.0,0.0,195.0
2022-05-25 02:00:00,0.0,196.0,1760.0,0.0,9.0,0.0,0.0,0.0,0.0,0.0,157.0
2022-05-25 03:00:00,0.0,197.0,1814.0,0.0,9.0,0.0,0.0,0.0,0.0,0.0,170.0
2022-05-25 04:00:00,0.0,197.0,1832.0,0.0,38.0,0.0,0.0,0.0,0.0,0.0,152.0
2022-05-25 05:00:00,0.0,204.0,1756.0,0.0,269.0,0.0,0.0,0.0,51.0,0.0,129.0
2022-05-25 06:00:00,0.0,234.0,1851.0,0.0,662.0,0.0,0.0,0.0,387.0,0.0,127.0
2022-05-25 07:00:00,0.0,260.0,2012.0,0.0,794.0,0.0,0.0,0.0,1092.0,0.0,155.0
2022-05-25 08:00:00,0.0,260.0,1930.0,0.0,797.0,0.0,0.0,0.0,1869.0,0.0,120.0
2022-05-25 09:00:00,0.0,237.0,1565.0,0.0,599.0,0.0,0.0,0.0,2482.0,0.0,98.0
2022-05-25 10:00:00,0.0,201.0,1692.0,0.0,331.0,0.0,0.0,0.0,2896.0,0.0,106.0
2022-05-25 11:00:00,0.0,196.0,1610.0,0.0,236.0,0.0,0.0,0.0,3137.0,0.0,133.0
2022-05-25 12:00:00,0.0,195.0,1555.0,0.0,182.0,0.0,0.0,0.0,3205.0,0.0,173.0
2022-05-25 13:00:00,0.0,195.0,1444.0,0.0,152.0,0.0,0.0,0.0,3100.0,0.0,213.0
2022-05-25 14:00:00,0.0,194.0,1483.0,0.0,100.0,0.0,0.0,0.0,2784.0,0.0,269.0
2022-05-25 15:00:00,0.0,245.0,1548.0,0.0,89.0,0.0,0.0,0.0,2284.0,0.0,363.0
2022-05-25 16:00:00,0.0,310.0,1943.0,0.0,139.0,0.0,0.0,0.0,1562.0,0.0,382.0
2022-05-25 17:00:00,0.0,398.0,2209.0,0.0,465.0,0.0,0.0,0.0,781.0,0.0,386.0
2022-05-25 18:00:00,0.0,483.0,2214.0,0.0,923.0,0.0,0.0,0.0,279.0,0.0,462.0
2022-05-25 19:00:00,0.0,521.0,2160.0,0.0,1252.0,0.0,0.0,0.0,39.0,0.0,473.0
2022-05-25 20:00:00,0.0,534.0,2388.0,0.0,1151.0,0.0,0.0,0.0,0.0,0.0,409.0
2022-05-25 21:00:00,0.0,512.0,2269.0,0.0,928.0,0.0,0.0,0.0,0.0,0.0,298.0
2022-05-25 22:00:00,0.0,465.0,2258.0,0.0,654.0,0.0,0.0,0.0,0.0,0.0,281.0
2022-05-25 23:00:00,0.0,417.0,2271.0,0.0,247.0,0.0,0.0,0.0,0.0,0.0,262.0
2022-05-26 00:00:00,0.0,437.0,2168.0,0.0,64.0,0.0,0.0,0.0,0.0,0.0,248.0
2022-05-26 01:00:00,0.0,437.0,2121.0,0.0,8.0,0.0,0.0,0.0,0.0,0.0,201.0
2022-05-26 02:00:00,0.0,439.0,2084.0,0.0,8.0,0.0,0.0,0.0,0.0,0.0,161.0
2022-05-26 03:00:00,0.0,438.0,2104.0,0.0,8.0,0.0,0.0,0.0,0.0,0.0,136.0
2022-05-26 04:00:00,0.0,439.0,2201.0,0.0,37.0,0.0,0.0,0.0,0.0,0.0,109.0
2022-05-26 05:00:00,0.0,446.0,2113.0,0.0,258.0,0.0,0.0,0.0,59.0,0.0,99.0
2022-05-26 06:00:00,0.0,477.0,1875.0,0.0,659.0,0.0,0.0,0.0,406.0,0.0,98.0
2022-05-26 07:00:00,0.0,500.0,1826.0,0.0,783.0,0.0,0.0,0.0,1090.0,0.0,105.0
2022-05-26 08:00:00,0.0,502.0,1653.0,0.0,711.0,0.0,0.0,0.0,1832.0,0.0,107.0
2022-05-26 09:00:00,0.0,481.0,1466.0,0.0,577.0,0.0,0.0,0.0,2412.0,0.0,116.0
2022-05-26 10:00:00,0.0,437.0,1649.0,0.0,313.0,0.0,0.0,0.0,2785.0,0.0,148.0
2022-05-26 11:00:00,0.0,428.0,1676.0,0.0,230.0,0.0,0.0,0.0,3027.0,0.0,147.0
2022-05-26 12:00:00,0.0,436.0,1753.0,0.0,166.0,0.0,0.0,0.0,3135.0,0.0,167.0
2022-05-26 13:00:00,0.0,436.0,1672.0,0.0,141.0,0.0,0.0,0.0,3049.0,0.0,221.0
2022-05-26 14:00:00,0.0,436.0,1674.0,0.0,175.0,0.0,0.0,0.0,2760.0,0.0,247.0
2022-05-26 15:00:00,0.0,437.0,1943.0,0.0,178.0,0.0,0.0,0.0,2242.0,0.0,280.0
2022-05-26 16:00:00,0.0,448.0,2216.0,0.0,336.0,0.0,0.0,0.0,1624.0,0.0,340.0
2022-05-26 17:00:00,0.0,493.0,2375.0,0.0,587.0,0.0,0.0,0.0,908.0,0.0,325.0
2022-05-26 18:00:00,0.0,512.0,2699.0,0.0,1165.0,0.0,0.0,0.0,298.0,0.0,284.0
2022-05-26 19:00:00,0.0,554.0,2834.0,0.0,1400.0,0.0,0.0,0.0,35.0,0.0,258.0
2022-05-26 20:00:00,0.0,558.0,2986.0,0.0,1432.0,0.0,0.0,0.0,0.0,0.0,246.0
2022-05-26 21:00:00,0.0,545.0,2963.0,0.0,984.0,0.0,0.0,0.0,0.0,0.0,199.0
2022-05-26 22:00:00,0.0,508.0,2823.0,0.0,583.0,0.0,0.0,0.0,0.0,0.0,180.0
2022-05-26 23:00:00,0.0,455.0,2608.0,0.0,168.0,0.0,0.0,0.0,0.0,0.0,160.0
2022-05-27 00:00:00,0.0,438.0,2483.0,0.0,27.0,0.0,0.0,0.0,0.0,0.0,183.0
2022-05-27 01:00:00,0.0,439.0,2349.0,0.0,8.0,0.0,0.0,0.0,0.0,0.0,172.0
2022-05-27 02:00:00,0.0,439.0,2183.0,0.0,8.0,0.0,0.0,0.0,0.0,0.0,166.0
2022-05-27 03:00:00,0.0,439.0,2164.0,0.0,8.0,0.0,0.0,0.0,0.0,0.0,171.0
2022-05-27 04:00:00,0.0,441.0,2121.0,0.0,37.0,0.0,0.0,0.0,0.0,0.0,249.0
2022-05-27 05:00:00,0.0,450.0,2013.0,0.0,135.0,0.0,0.0,0.0,36.0,0.0,365.0
2022-05-27 06:00:00,0.0,479.0,2069.0,0.0,532.0,0.0,0.0,0.0,324.0,0.0,339.0
2022-05-27 07:00:00,0.0,503.0,2378.0,0.0,975.0,0.0,0.0,0.0,925.0,0.0,293.0
2022-05-27 08:00:00,0.0,504.0,2133.0,0.0,832.0,0.0,0.0,0.0,1602.0,0.0,256.0
2022-05-27 09:00:00,0.0,475.0,1720.0,0.0,347.0,0.0,0.0,0.0,2136.0,0.0,279.0
2022-05-27 10:00:00,0.0,446.0,1731.0,0.0,255.0,0.0,0.0,0.0,2490.0,0.0,317.0
2022-05-27 11:00:00,0.0,444.0,1750.0,0.0,280.0,0.0,0.0,0.0,2689.0,0.0,273.0
2022-05-27 12:00:00,0.0,441.0,1634.0,0.0,264.0,0.0,0.0,0.0,2743.0,0.0,261.0
2022-05-27 13:00:00,0.0,435.0,1622.0,0.0,216.0,0.0,0.0,0.0,2598.0,0.0,247.0
2022-05-27 14:00:00,0.0,435.0,1719.0,0.0,271.0,0.0,0.0,0.0,2254.0,0.0,230.0
2022-05-27 15:00:00,0.0,436.0,1833.0,0.0,401.0,0.0,0.0,0.0,1765.0,0.0,178.0
2022-05-27 16:00:00,0.0,461.0,2053.0,0.0,685.0,0.0,0.0,0.0,1231.0,0.0,178.0
2022-05-27 17:00:00,0.0,498.0,2304.0,0.0,926.0,0.0,0.0,0.0,615.0,0.0,158.0
2022-05-27 18:00:00,0.0,526.0,2449.0,0.0,1264.0,0.0,0.0,0.0,204.0,0.0,119.0
2022-05-27 19:00:00,0.0,552.0,2570.0,0.0,1483.0,0.0,0.0,0.0,22.0,0.0,150.0
2022-05-27 20:00:00,0.0,557.0,2611.0,0.0,1401.0,0.0,0.0,0.0,0.0,0.0,159.0
2022-05-27 21:00:00,0.0,534.0,2578.0,0.0,1005.0,0.0,0.0,0.0,0.0,0.0,130.0
2022-05-27 22:00:00,0.0,494.0,2642.0,0.0,695.0,0.0,0.0,0.0,0.0,0.0,80.0
2022-05-27 23:00:00,0.0,457.0,2679.0,0.0,337.0,0.0,0.0,0.0,0.0,0.0,56.0
2022-05-28 00:00:00,0.0,481.0,2577.0,0.0,124.0,0.0,0.0,0.0,0.0,0.0,47.0
2022-05-28 01:00:00,0.0,493.0,2380.0,0.0,90.0,0.0,0.0,0.0,0.0,0.0,61.0
2022-05-28 02:00:00,0.0,496.0,2225.0,0.0,81.0,0.0,0.0,0.0,0.0,0.0,62.0
2022-05-28 03:00:00,0.0,495.0,2150.0,0.0,81.0,0.0,0.0,0.0,0.0,0.0,49.0
2022-05-28 04:00:00,0.0,495.0,2161.0,0.0,127.0,0.0,0.0,0.0,0.0,0.0,37.0
2022-05-28 05:00:00,0.0,495.0,2106.0,0.0,243.0,0.0,0.0,0.0,39.0,0.0,46.0
2022-05-28 06:00:00,0.0,537.0,1777.0,0.0,566.0,0.0,0.0,0.0,330.0,0.0,47.0
2022-05-28 07:00:00,0.0,556.0,1775.0,0.0,691.0,0.0,0.0,0.0,846.0,0.0,48.0
2022-05-28 08:00:00,0.0,553.0,1714.0,0.0,745.0,0.0,0.0,0.0,1436.0,0.0,44.0
2022-05-28 09:00:00,0.0,512.0,1617.0,0.0,460.0,0.0,0.0,0.0,1965.0,0.0,47.0
2022-05-28 10:00:00,0.0,479.0,1620.0,0.0,298.0,0.0,0.0,0.0,2262.0,0.0,100.0
2022-05-28 11:00:00,0.0,434.0,1471.0,0.0,278.0,0.0,0.0,0.0,2432.0,0.0,195.0
2022-05-28 12:00:00,0.0,434.0,1385.0,0.0,352.0,0.0,0.0,0.0,2462.0,0.0,250.0
2022-05-28 13:00:00,0.0,433.0,1353.0,0.0,244.0,0.0,0.0,0.0,2378.0,0.0,322.0
2022-05-28 14:00:00,0.0,434.0,1311.0,0.0,195.0,0.0,0.0,0.0,2098.0,0.0,435.0
2022-05-28 15:00:00,0.0,432.0,1461.0,0.0,163.0,0.0,0.0,0.0,1708.0,0.0,595.0
2022-05-28 16:00:00,0.0,453.0,1621.0,0.0,268.0,0.0,0.0,0.0,1230.0,0.0,775.0
2022-05-28 17:00:00,0.0,495.0,1720.0,0.0,474.0,0.0,0.0,0.0,668.0,0.0,847.0
2022-05-28 18:00:00,0.0,541.0,1630.0,0.0,816.0,0.0,0.0,0.0,237.0,0.0,970.0
2022-05-28 19:00:00,0.0,546.0,1752.0,0.0,1118.0,0.0,0.0,0.0,27.0,0.0,1048.0
2022-05-28 20:00:00,0.0,482.0,2045.0,0.0,1255.0,0.0,0.0,0.0,0.0,0.0,1009.0
2022-05-28 21:00:00,0.0,309.0,1980.0,0.0,1099.0,0.0,0.0,0.0,0.0,0.0,999.0
2022-05-28 22:00:00,0.0,303.0,1637.0,0.0,623.0,0.0,0.0,0.0,0.0,0.0,1082.0
2022-05-28 23:00:00,0.0,263.0,1551.0,0.0,338.0,0.0,0.0,0.0,0.0,0.0,1072.0
2022-05-29 00:00:00,0.0,203.0,1669.0,0.0,51.0,0.0,0.0,0.0,0.0,0.0,1017.0
2022-05-29 01:00:00,0.0,190.0,1266.0,0.0,128.0,0.0,0.0,0.0,0.0,0.0,1078.0
2022-05-29 02:00:00,0.0,189.0,1111.0,0.0,46.0,0.0,0.0,0.0,0.0,0.0,1206.0
2022-05-29 03:00:00,0.0,190.0,986.0,0.0,46.0,0.0,0.0,0.0,0.0,0.0,1404.0
2022-05-29 04:00:00,0.0,192.0,916.0,0.0,111.0,0.0,0.0,0.0,0.0,0.0,1342.0
2022-05-29 05:00:00,0.0,190.0,767.0,0.0,256.0,0.0,0.0,0.0,46.0,0.0,1260.0
2022-05-29 06:00:00,0.0,189.0,590.0,0.0,433.0,0.0,0.0,0.0,357.0,0.0,1226.0
2022-05-29 07:00:00,0.0,189.0,579.0,0.0,573.0,0.0,0.0,0.0,1017.0,0.0,1012.0
2022-05-29 08:00:00,0.0,189.0,685.0,0.0,624.0,0.0,0.0,0.0,1723.0,0.0,890.0
2022-05-29 09:00:00,0.0,191.0,548.0,0.0,412.0,0.0,0.0,0.0,2303.0,0.0,1020.0
2022-05-29 10:00:00,0.0,191.0,389.0,0.0,197.0,0.0,0.0,0.0,2669.0,0.0,1238.0
2022-05-29 11:00:00,0.0,190.0,447.0,0.0,154.0,0.0,0.0,0.0,2719.0,0.0,1377.0
2022-05-29 12:00:00,0.0,188.0,623.0,0.0,234.0,0.0,0.0,0.0,2507.0,0.0,1403.0
2022-05-29 13:00:00,0.0,188.0,692.0,0.0,206.0,0.0,0.0,0.0,2199.0,0.0,1431.0
2022-05-29 14:00:00,0.0,187.0,742.0,0.0,281.0,0.0,0.0,0.0,1770.0,0.0,1480.0
2022-05-29 15:00:00,0.0,190.0,666.0,0.0,437.0,0.0,0.0,0.0,1331.0,0.0,1514.0
2022-05-29 16:00:00,0.0,190.0,676.0,0.0,611.0,0.0,0.0,0.0,867.0,0.0,1603.0
2022-05-29 17:00:00,0.0,224.0,888.0,0.0,1027.0,0.0,0.0,0.0,574.0,0.0,1616.0
2022-05-29 18:00:00,0.0,271.0,1208.0,0.0,1206.0,0.0,0.0,0.0,262.0,0.0,1425.0
2022-05-29 19:00:00,0.0,321.0,1326.0,0.0,1315.0,0.0,0.0,0.0,33.0,0.0,1274.0
2022-05-29 20:00:00,0.0,326.0,1519.0,0.0,1362.0,0.0,0.0,0.0,0.0,0.0,1123.0
2022-05-29 21:00:00,0.0,315.0,1466.0,0.0,1171.0,0.0,0.0,0.0,0.0,0.0,1021.0
2022-05-29 22:00:00,0.0,309.0,1350.0,0.0,1046.0,0.0,0.0,0.0,0.0,0.0,870.0
2022-05-29 23:00:00,0.0,278.0,1478.0,0.0,503.0,0.0,0.0,0.0,0.0,0.0,815.0
2022-05-30 00:00:00,0.0,242.0,1545.0,0.0,349.0,0.0,0.0,0.0,0.0,0.0,728.0
2022-05-30 01:00:00,0.0,244.0,1498.0,0.0,283.0,0.0,0.0,0.0,0.0,0.0,680.0
2022-05-30 02:00:00,0.0,244.0,1439.0,0.0,255.0,0.0,0.0,0.0,0.0,0.0,678.0
2022-05-30 03:00:00,0.0,243.0,1452.0,0.0,226.0,0.0,0.0,0.0,0.0,0.0,689.0
2022-05-30 04:00:00,0.0,244.0,1457.0,0.0,192.0,0.0,0.0,0.0,0.0,0.0,743.0
2022-05-30 05:00:00,0.0,244.0,1720.0,0.0,467.0,0.0,0.0,0.0,49.0,0.0,665.0
2022-05-30 06:00:00,0.0,244.0,1825.0,0.0,774.0,0.0,0.0,0.0,386.0,0.0,535.0
2022-05-30 07:00:00,0.0,218.0,1896.0,0.0,1098.0,0.0,0.0,0.0,1128.0,0.0,408.0
2022-05-30 08:00:00,0.0,187.0,1747.0,0.0,1102.0,0.0,0.0,0.0,1869.0,0.0,275.0
2022-05-30 09:00:00,0.0,187.0,1688.0,0.0,677.0,0.0,0.0,0.0,2472.0,0.0,239.0
2022-05-30 10:00:00,0.0,187.0,1753.0,0.0,434.0,0.0,0.0,0.0,2855.0,0.0,215.0
2022-05-30 11:00:00,0.0,186.0,1709.0,0.0,414.0,0.0,0.0,0.0,3086.0,0.0,233.0
2022-05-30 12:00:00,0.0,188.0,1730.0,0.0,392.0,0.0,0.0,0.0,3199.0,0.0,257.0
2022-05-30 13:00:00,0.0,188.0,1642.0,0.0,333.0,0.0,0.0,0.0,3103.0,0.0,295.0
2022-05-30 14:00:00,0.0,187.0,1653.0,0.0,333.0,0.0,0.0,0.0,2851.0,0.0,307.0
2022-05-30 15:00:00,0.0,188.0,1765.0,0.0,291.0,0.0,0.0,0.0,2394.0,0.0,316.0
2022-05-30 16:00:00,0.0,187.0,2161.0,0.0,291.0,0.0,0.0,0.0,1769.0,0.0,361.0
2022-05-30 17:00:00,0.0,223.0,2454.0,0.0,743.0,0.0,0.0,0.0,1007.0,0.0,405.0
2022-05-30 18:00:00,0.0,277.0,2739.0,0.0,1295.0,0.0,0.0,0.0,324.0,0.0,380.0
2022-05-30 19:00:00,0.0,322.0,2630.0,0.0,1630.0,0.0,0.0,0.0,41.0,0.0,423.0
2022-05-30 20:00:00,0.0,328.0,2753.0,0.0,1828.0,0.0,0.0,0.0,0.0,0.0,384.0
2022-05-30 21:00:00,0.0,328.0,2662.0,0.0,1402.0,0.0,0.0,0.0,0.0,0.0,403.0
2022-05-30 22:00:00,0.0,308.0,2523.0,0.0,869.0,0.0,0.0,0.0,0.0,0.0,436.0
2022-05-30 23:00:00,0.0,262.0,2439.0,0.0,469.0,0.0,0.0,0.0,0.0,0.0,451.0
2022-05-31 00:00:00,0.0,241.0,2173.0,0.0,145.0,0.0,0.0,0.0,0.0,0.0,485.0
2022-05-31 01:00:00,0.0,241.0,2046.0,0.0,146.0,0.0,0.0,0.0,0.0,0.0,415.0
2022-05-31 02:00:00,0.0,242.0,2105.0,0.0,146.0,0.0,0.0,0.0,0.0,0.0,371.0
2022-05-31 03:00:00,0.0,242.0,2151.0,0.0,146.0,0.0,0.0,0.0,0.0,0.0,297.0
2022-05-31 04:00:00,0.0,240.0,2063.0,0.0,152.0,0.0,0.0,0.0,0.0,0.0,335.0
2022-05-31 05:00:00,0.0,242.0,1985.0,0.0,307.0,0.0,0.0,0.0,58.0,0.0,409.0
2022-05-31 06:00:00,0.0,242.0,2208.0,0.0,837.0,0.0,0.0,0.0,394.0,0.0,386.0
2022-05-31 07:00:00,0.0,241.0,2420.0,0.0,1103.0,0.0,0.0,0.0,1071.0,0.0,304.0
2022-05-31 08:00:00,0.0,241.0,2275.0,0.0,1037.0,0.0,0.0,0.0,1774.0,0.0,246.0
2022-05-31 09:00:00,0.0,231.0,2104.0,0.0,765.0,0.0,0.0,0.0,2350.0,0.0,205.0
2022-05-31 10:00:00,0.0,195.0,2090.0,0.0,420.0,0.0,0.0,0.0,2784.0,0.0,183.0
2022-05-31 11:00:00,0.0,191.0,2188.0,0.0,404.0,0.0,0.0,0.0,2996.0,0.0,157.0
2022-05-31 12:00:00,0.0,232.0,2112.0,0.0,383.0,0.0,0.0,0.0,3037.0,0.0,200.0
2022-05-31 13:00:00,0.0,311.0,1876.0,0.0,355.0,0.0,0.0,0.0,2883.0,0.0,264.0
2022-05-31 14:00:00,0.0,331.0,1766.0,0.0,351.0,0.0,0.0,0.0,2516.0,0.0,366.0
2022-05-31 15:00:00,0.0,344.0,2092.0,0.0,341.0,0.0,0.0,0.0,2031.0,0.0,408.0
2022-05-31 16:00:00,0.0,349.0,2430.0,0.0,462.0,0.0,0.0,0.0,1497.0,0.0,401.0
2022-05-31 17:00:00,0.0,380.0,2486.0,0.0,744.0,0.0,0.0,0.0,805.0,0.0,437.0
2022-05-31 18:00:00,0.0,446.0,2505.0,0.0,1046.0,0.0,0.0,0.0,284.0,0.0,463.0
2022-05-31 19:00:00,0.0,499.0,2653.0,0.0,1301.0,0.0,0.0,0.0,35.0,0.0,469.0
2022-05-31 20:00:00,0.0,500.0,2681.0,0.0,1461.0,0.0,0.0,0.0,0.0,0.0,445.0
2022-05-31 21:00:00,0.0,503.0,2466.0,0.0,1220.0,0.0,0.0,0.0,0.0,0.0,456.0
2022-05-31 22:00:00,0.0,491.0,2249.0,0.0,1059.0,0.0,0.0,0.0,0.0,0.0,471.0
2022-05-31 23:00:00,0.0,462.0,2162.0,0.0,483.0,0.0,0.0,0.0,0.0,0.0,466.0
2022-06-01 00:00:00,0.0,425.0,2080.0,0.0,104.0,0.0,0.0,0.0,0.0,0.0,559.0
2022-06-01 01:00:00,0.0,426.0,1993.0,0.0,109.0,0.0,0.0,0.0,0.0,0.0,407.0
2022-06-01 02:00:00,0.0,414.0,2064.0,0.0,103.0,0.0,0.0,0.0,0.0,0.0,254.0
2022-06-01 03:00:00,0.0,370.0,2040.0,0.0,127.0,0.0,0.0,0.0,0.0,0.0,272.0
2022-06-01 04:00:00,0.0,359.0,2094.0,0.0,156.0,0.0,0.0,0.0,0.0,0.0,299.0
2022-06-01 05:00:00,0.0,359.0,2065.0,0.0,378.0,0.0,0.0,0.0,50.0,0.0,313.0
2022-06-01 06:00:00,0.0,359.0,2217.0,0.0,820.0,0.0,0.0,0.0,370.0,0.0,305.0
2022-06-01 07:00:00,0.0,363.0,2392.0,0.0,1020.0,0.0,0.0,0.0,1058.0,0.0,321.0
2022-06-01 08:00:00,0.0,386.0,2224.0,0.0,940.0,0.0,0.0,0.0,1796.0,0.0,311.0
2022-06-01 09:00:00,0.0,387.0,2124.0,0.0,586.0,0.0,0.0,0.0,2388.0,0.0,295.0
2022-06-01 10:00:00,0.0,374.0,2006.0,0.0,360.0,0.0,0.0,0.0,2795.0,0.0,300.0
2022-06-01 11:00:00,0.0,378.0,2014.0,0.0,282.0,0.0,0.0,0.0,2988.0,0.0,307.0
2022-06-01 12:00:00,0.0,379.0,2047.0,0.0,260.0,0.0,0.0,0.0,3029.0,0.0,333.0
2022-06-01 13:00:00,0.0,382.0,1959.0,0.0,219.0,0.0,0.0,0.0,2882.0,0.0,388.0
2022-06-01 14:00:00,0.0,421.0,1924.0,0.0,184.0,0.0,0.0,0.0,2601.0,0.0,410.0
2022-06-01 15:00:00,0.0,524.0,1958.0,0.0,224.0,0.0,0.0,0.0,2191.0,0.0,424.0
2022-06-01 16:00:00,0.0,583.0,2186.0,0.0,494.0,0.0,0.0,0.0,1569.0,0.0,453.0
2022-06-01 17:00:00,0.0,618.0,2410.0,0.0,722.0,0.0,0.0,0.0,896.0,0.0,467.0
2022-06-01 18:00:00,0.0,663.0,2602.0,0.0,1136.0,0.0,0.0,0.0,312.0,0.0,534.0
2022-06-01 19:00:00,0.0,727.0,2795.0,0.0,1378.0,0.0,0.0,0.0,45.0,0.0,574.0
2022-06-01 20:00:00,0.0,706.0,2872.0,0.0,1325.0,0.0,0.0,0.0,0.0,0.0,625.0
2022-06-01 21:00:00,0.0,727.0,2772.0,0.0,929.0,0.0,0.0,0.0,0.0,0.0,561.0
2022-06-01 22:00:00,0.0,723.0,2577.0,0.0,820.0,0.0,0.0,0.0,0.0,0.0,569.0
2022-06-01 23:00:00,0.0,687.0,2523.0,0.0,294.0,0.0,0.0,0.0,0.0,0.0,624.0
2022-06-02 00:00:00,0.0,556.0,2186.0,0.0,43.0,0.0,0.0,0.0,0.0,0.0,618.0
2022-06-02 01:00:00,0.0,448.0,1999.0,0.0,43.0,0.0,0.0,0.0,0.0,0.0,679.0
2022-06-02 02:00:00,0.0,444.0,1682.0,0.0,43.0,0.0,0.0,0.0,0.0,0.0,905.0
2022-06-02 03:00:00,0.0,441.0,1506.0,0.0,43.0,0.0,0.0,0.0,0.0,0.0,1092.0
2022-06-02 04:00:00,0.0,441.0,1510.0,0.0,44.0,0.0,0.0,0.0,0.0,0.0,1208.0
2022-06-02 05:00:00,0.0,442.0,1544.0,0.0,105.0,0.0,0.0,0.0,53.0,0.0,1402.0
2022-06-02 06:00:00,0.0,441.0,1677.0,0.0,549.0,0.0,0.0,0.0,388.0,0.0,1590.0
2022-06-02 07:00:00,0.0,480.0,1712.0,0.0,790.0,0.0,0.0,0.0,1122.0,0.0,1590.0
2022-06-02 08:00:00,0.0,524.0,1520.0,0.0,770.0,0.0,0.0,0.0,1903.0,0.0,1681.0
2022-06-02 09:00:00,0.0,525.0,1346.0,0.0,778.0,0.0,0.0,0.0,2517.0,0.0,1736.0
2022-06-02 10:00:00,0.0,522.0,1100.0,0.0,464.0,0.0,0.0,0.0,2940.0,0.0,1791.0
2022-06-02 11:00:00,0.0,454.0,1055.0,0.0,453.0,0.0,0.0,0.0,3163.0,0.0,1761.0
2022-06-02 12:00:00,0.0,330.0,1187.0,0.0,415.0,0.0,0.0,0.0,3197.0,0.0,1720.0
2022-06-02 13:00:00,0.0,289.0,1004.0,0.0,303.0,0.0,0.0,0.0,3073.0,0.0,1758.0
2022-06-02 14:00:00,0.0,199.0,1143.0,0.0,167.0,0.0,0.0,0.0,2739.0,0.0,1815.0
2022-06-02 15:00:00,0.0,199.0,1436.0,0.0,167.0,0.0,0.0,0.0,2209.0,0.0,1779.0
2022-06-02 16:00:00,0.0,188.0,1855.0,0.0,396.0,0.0,0.0,0.0,1543.0,0.0,1772.0
2022-06-02 17:00:00,0.0,216.0,2241.0,0.0,663.0,0.0,0.0,0.0,915.0,0.0,1686.0
2022-06-02 18:00:00,0.0,266.0,2408.0,0.0,1132.0,0.0,0.0,0.0,316.0,0.0,1605.0
2022-06-02 19:00:00,0.0,316.0,2464.0,0.0,1324.0,0.0,0.0,0.0,39.0,0.0,1649.0
2022-06-02 20:00:00,0.0,319.0,2512.0,0.0,1523.0,0.0,0.0,0.0,0.0,0.0,1623.0
2022-06-02 21:00:00,0.0,322.0,2315.0,0.0,1322.0,0.0,0.0,0.0,0.0,0.0,1660.0
2022-06-02 22:00:00,0.0,303.0,2275.0,0.0,839.0,0.0,0.0,0.0,0.0,0.0,1748.0
2022-06-02 23:00:00,0.0,268.0,2226.0,0.0,267.0,0.0,0.0,0.0,0.0,0.0,1788.0
2022-06-03 00:00:00,0.0,244.0,1690.0,0.0,72.0,0.0,0.0,0.0,0.0,0.0,1922.0
2022-06-03 01:00:00,0.0,242.0,1593.0,0.0,43.0,0.0,0.0,0.0,0.0,0.0,1954.0
2022-06-03 02:00:00,0.0,244.0,1358.0,0.0,43.0,0.0,0.0,0.0,0.0,0.0,2105.0
2022-06-03 03:00:00,0.0,243.0,1319.0,0.0,43.0,0.0,0.0,0.0,0.0,0.0,2247.0
2022-06-03 04:00:00,0.0,242.0,1379.0,0.0,48.0,0.0,0.0,0.0,0.0,0.0,2307.0
2022-06-03 05:00:00,0.0,243.0,1419.0,0.0,192.0,0.0,0.0,0.0,38.0,0.0,2283.0
2022-06-03 06:00:00,0.0,242.0,1557.0,0.0,579.0,0.0,0.0,0.0,333.0,0.0,2282.0
2022-06-03 07:00:00,0.0,243.0,1438.0,0.0,806.0,0.0,0.0,0.0,986.0,0.0,2389.0
2022-06-03 08:00:00,0.0,241.0,1267.0,0.0,838.0,0.0,0.0,0.0,1696.0,0.0,2473.0
2022-06-03 09:00:00,0.0,211.0,1238.0,0.0,752.0,0.0,0.0,0.0,2254.0,0.0,2444.0
2022-06-03 10:00:00,0.0,189.0,1009.0,0.0,465.0,0.0,0.0,0.0,2631.0,0.0,2356.0
2022-06-03 11:00:00,0.0,190.0,1149.0,0.0,393.0,0.0,0.0,0.0,2800.0,0.0,2283.0
2022-06-03 12:00:00,0.0,190.0,1235.0,0.0,368.0,0.0,0.0,0.0,2853.0,0.0,2221.0
2022-06-03 13:00:00,0.0,190.0,1209.0,0.0,254.0,0.0,0.0,0.0,2762.0,0.0,2215.0
2022-06-03 14:00:00,0.0,191.0,1192.0,0.0,229.0,0.0,0.0,0.0,2479.0,0.0,2231.0
2022-06-03 15:00:00,0.0,190.0,1267.0,0.0,174.0,0.0,0.0,0.0,2085.0,0.0,2209.0
2022-06-03 16:00:00,0.0,191.0,1571.0,0.0,297.0,0.0,0.0,0.0,1470.0,0.0,2229.0
2022-06-03 17:00:00,0.0,225.0,2029.0,0.0,590.0,0.0,0.0,0.0,795.0,0.0,2215.0
2022-06-03 18:00:00,0.0,271.0,2255.0,0.0,1060.0,0.0,0.0,0.0,268.0,0.0,2150.0
2022-06-03 19:00:00,0.0,321.0,2216.0,0.0,1372.0,0.0,0.0,0.0,37.0,0.0,2060.0
2022-06-03 20:00:00,0.0,328.0,2226.0,0.0,1322.0,0.0,0.0,0.0,0.0,0.0,2138.0
2022-06-03 21:00:00,0.0,328.0,2057.0,0.0,1140.0,0.0,0.0,0.0,0.0,0.0,2159.0
2022-06-03 22:00:00,0.0,307.0,2134.0,0.0,703.0,0.0,0.0,0.0,0.0,0.0,2191.0
2022-06-03 23:00:00,0.0,259.0,1744.0,0.0,280.0,0.0,0.0,0.0,0.0,0.0,2323.0
2022-06-04 00:00:00,0.0,244.0,1496.0,0.0,81.0,0.0,0.0,0.0,0.0,0.0,2377.0
2022-06-04 01:00:00,0.0,243.0,1330.0,0.0,18.0,0.0,0.0,0.0,0.0,0.0,2306.0
2022-06-04 02:00:00,0.0,244.0,1295.0,0.0,41.0,0.0,0.0,0.0,0.0,0.0,2355.0
2022-06-04 03:00:00,0.0,244.0,1153.0,0.0,70.0,0.0,0.0,0.0,0.0,0.0,2395.0
2022-06-04 04:00:00,0.0,243.0,1163.0,0.0,96.0,0.0,0.0,0.0,0.0,0.0,2361.0
2022-06-04 05:00:00,0.0,243.0,1052.0,0.0,174.0,0.0,0.0,0.0,42.0,0.0,2367.0
2022-06-04 06:00:00,0.0,244.0,1157.0,0.0,390.0,0.0,0.0,0.0,339.0,0.0,2308.0
2022-06-04 07:00:00,0.0,244.0,1171.0,0.0,592.0,0.0,0.0,0.0,953.0,0.0,2251.0
2022-06-04 08:00:00,0.0,243.0,1117.0,0.0,616.0,0.0,0.0,0.0,1593.0,0.0,2229.0
2022-06-04 09:00:00,0.0,212.0,1122.0,0.0,555.0,0.0,0.0,0.0,2081.0,0.0,2256.0
2022-06-04 10:00:00,0.0,187.0,1013.0,0.0,391.0,0.0,0.0,0.0,2515.0,0.0,2212.0
2022-06-04 11:00:00,0.0,187.0,1108.0,0.0,141.0,0.0,0.0,0.0,2693.0,0.0,2100.0
2022-06-04 12:00:00,0.0,175.0,1128.0,0.0,135.0,0.0,0.0,0.0,2741.0,0.0,2015.0
2022-06-04 13:00:00,0.0,174.0,1132.0,0.0,125.0,0.0,0.0,0.0,2598.0,0.0,1930.0
2022-06-04 14:00:00,0.0,191.0,1080.0,0.0,113.0,0.0,0.0,0.0,2398.0,0.0,1842.0
2022-06-04 15:00:00,0.0,238.0,1139.0,0.0,116.0,0.0,0.0,0.0,2045.0,0.0,1782.0
2022-06-04 16:00:00,0.0,269.0,1432.0,0.0,230.0,0.0,0.0,0.0,1439.0,0.0,1690.0
2022-06-04 17:00:00,0.0,298.0,2053.0,0.0,586.0,0.0,0.0,0.0,728.0,0.0,1565.0
2022-06-04 18:00:00,0.0,323.0,2163.0,0.0,1060.0,0.0,0.0,0.0,228.0,0.0,1423.0
2022-06-04 19:00:00,0.0,325.0,2385.0,0.0,1230.0,0.0,0.0,0.0,41.0,0.0,1292.0
2022-06-04 20:00:00,0.0,327.0,2534.0,0.0,1425.0,0.0,0.0,0.0,0.0,0.0,1192.0
2022-06-04 21:00:00,0.0,328.0,2641.0,0.0,1296.0,0.0,0.0,0.0,0.0,0.0,1078.0
2022-06-04 22:00:00,0.0,329.0,2553.0,0.0,868.0,0.0,0.0,0.0,0.0,0.0,996.0
2022-06-04 23:00:00,0.0,319.0,2639.0,0.0,336.0,0.0,0.0,0.0,0.0,0.0,970.0
2022-06-05 00:00:00,0.0,249.0,2455.0,0.0,45.0,0.0,0.0,0.0,0.0,0.0,946.0
2022-06-05 01:00:00,0.0,239.0,2218.0,0.0,43.0,0.0,0.0,0.0,0.0,0.0,867.0
2022-06-05 02:00:00,0.0,241.0,2071.0,0.0,43.0,0.0,0.0,0.0,0.0,0.0,853.0
2022-06-05 03:00:00,0.0,240.0,1947.0,0.0,44.0,0.0,0.0,0.0,0.0,0.0,851.0
2022-06-05 04:00:00,0.0,239.0,1878.0,0.0,69.0,0.0,0.0,0.0,0.0,0.0,838.0
2022-06-05 05:00:00,0.0,240.0,1612.0,0.0,121.0,0.0,0.0,0.0,56.0,0.0,857.0
2022-06-05 06:00:00,0.0,241.0,1425.0,0.0,357.0,0.0,0.0,0.0,382.0,0.0,862.0
2022-06-05 07:00:00,0.0,241.0,1083.0,0.0,605.0,0.0,0.0,0.0,1082.0,0.0,825.0
2022-06-05 08:00:00,0.0,242.0,792.0,0.0,651.0,0.0,0.0,0.0,1840.0,0.0,900.0
2022-06-05 09:00:00,0.0,202.0,712.0,0.0,537.0,0.0,0.0,0.0,2449.0,0.0,1033.0
2022-06-05 10:00:00,0.0,190.0,793.0,0.0,289.0,0.0,0.0,0.0,2879.0,0.0,1126.0
2022-06-05 11:00:00,0.0,189.0,910.0,0.0,170.0,0.0,0.0,0.0,3093.0,0.0,1146.0
2022-06-05 12:00:00,0.0,190.0,953.0,0.0,149.0,0.0,0.0,0.0,3135.0,0.0,1075.0
2022-06-05 13:00:00,0.0,199.0,978.0,0.0,187.0,0.0,0.0,0.0,3022.0,0.0,954.0
2022-06-05 14:00:00,0.0,241.0,1073.0,0.0,286.0,0.0,0.0,0.0,2755.0,0.0,799.0
2022-06-05 15:00:00,0.0,242.0,1435.0,0.0,261.0,0.0,0.0,0.0,2282.0,0.0,696.0
2022-06-05 16:00:00,0.0,243.0,2023.0,0.0,295.0,0.0,0.0,0.0,1616.0,0.0,664.0
2022-06-05 17:00:00,0.0,263.0,2365.0,0.0,716.0,0.0,0.0,0.0,896.0,0.0,613.0
2022-06-05 18:00:00,0.0,306.0,2608.0,0.0,1047.0,0.0,0.0,0.0,340.0,0.0,604.0
2022-06-05 19:00:00,0.0,324.0,2924.0,0.0,1193.0,0.0,0.0,0.0,53.0,0.0,536.0
2022-06-05 20:00:00,0.0,326.0,3106.0,0.0,1380.0,0.0,0.0,0.0,0.0,0.0,417.0
2022-06-05 21:00:00,0.0,329.0,3149.0,0.0,1349.0,0.0,0.0,0.0,0.0,0.0,321.0
2022-06-05 22:00:00,0.0,302.0,3121.0,0.0,1018.0,0.0,0.0,0.0,0.0,0.0,249.0
2022-06-05 23:00:00,0.0,274.0,3215.0,0.0,500.0,0.0,0.0,0.0,0.0,0.0,171.0
2022-06-06 00:00:00,0.0,243.0,3068.0,0.0,153.0,0.0,0.0,0.0,0.0,0.0,178.0
2022-06-06 01:00:00,0.0,241.0,2922.0,0.0,96.0,0.0,0.0,0.0,0.0,0.0,146.0
2022-06-06 02:00:00,0.0,241.0,2829.0,0.0,73.0,0.0,0.0,0.0,0.0,0.0,88.0
2022-06-06 03:00:00,0.0,242.0,2754.0,0.0,69.0,0.0,0.0,0.0,0.0,0.0,89.0
2022-06-06 04:00:00,0.0,241.0,2746.0,0.0,112.0,0.0,0.0,0.0,0.0,0.0,149.0
2022-06-06 05:00:00,0.0,241.0,2718.0,0.0,177.0,0.0,0.0,0.0,51.0,0.0,197.0
2022-06-06 06:00:00,0.0,268.0,2837.0,0.0,399.0,0.0,0.0,0.0,309.0,0.0,208.0
2022-06-06 07:00:00,0.0,294.0,2817.0,0.0,576.0,0.0,0.0,0.0,751.0,0.0,356.0
2022-06-06 08:00:00,0.0,300.0,2641.0,0.0,733.0,0.0,0.0,0.0,1253.0,0.0,503.0
2022-06-06 09:00:00,0.0,279.0,2754.0,0.0,600.0,0.0,0.0,0.0,1816.0,0.0,426.0
2022-06-06 10:00:00,0.0,245.0,2429.0,0.0,551.0,0.0,0.0,0.0,2234.0,0.0,626.0
2022-06-06 11:00:00,0.0,238.0,2508.0,0.0,397.0,0.0,0.0,0.0,2627.0,0.0,529.0
2022-06-06 12:00:00,0.0,241.0,2637.0,0.0,424.0,0.0,0.0,0.0,2728.0,0.0,397.0
2022-06-06 13:00:00,0.0,242.0,2686.0,0.0,360.0,0.0,0.0,0.0,2547.0,0.0,374.0
2022-06-06 14:00:00,0.0,257.0,2826.0,0.0,350.0,0.0,0.0,0.0,1969.0,0.0,430.0
2022-06-06 15:00:00,0.0,331.0,3006.0,0.0,405.0,0.0,0.0,0.0,1410.0,0.0,466.0
2022-06-06 16:00:00,0.0,364.0,3175.0,0.0,417.0,0.0,0.0,0.0,931.0,0.0,564.0
2022-06-06 17:00:00,0.0,404.0,3039.0,0.0,704.0,0.0,0.0,0.0,509.0,0.0,627.0
2022-06-06 18:00:00,0.0,444.0,2631.0,0.0,958.0,0.0,0.0,0.0,214.0,0.0,998.0
2022-06-06 19:00:00,0.0,473.0,2273.0,0.0,777.0,0.0,0.0,0.0,26.0,0.0,1718.0
2022-06-06 20:00:00,0.0,486.0,1938.0,0.0,935.0,0.0,0.0,0.0,0.0,0.0,1784.0
2022-06-06 21:00:00,0.0,486.0,1907.0,0.0,926.0,0.0,0.0,0.0,0.0,0.0,1433.0
2022-06-06 22:00:00,0.0,461.0,2090.0,0.0,570.0,0.0,0.0,0.0,0.0,0.0,1171.0
2022-06-06 23:00:00,0.0,447.0,2077.0,0.0,337.0,0.0,0.0,0.0,0.0,0.0,998.0
2022-06-07 00:00:00,0.0,420.0,2144.0,0.0,131.0,0.0,0.0,0.0,0.0,0.0,925.0
2022-06-07 01:00:00,0.0,405.0,1972.0,0.0,47.0,0.0,0.0,0.0,0.0,0.0,973.0
2022-06-07 02:00:00,0.0,400.0,1742.0,0.0,47.0,0.0,0.0,0.0,0.0,0.0,1145.0
2022-06-07 03:00:00,0.0,383.0,1623.0,0.0,47.0,0.0,0.0,0.0,0.0,0.0,1305.0
2022-06-07 04:00:00,0.0,347.0,1755.0,0.0,74.0,0.0,0.0,0.0,0.0,0.0,1360.0
2022-06-07 05:00:00,0.0,348.0,1647.0,0.0,121.0,0.0,0.0,0.0,59.0,0.0,1410.0
2022-06-07 06:00:00,0.0,393.0,1787.0,0.0,347.0,0.0,0.0,0.0,382.0,0.0,1332.0
2022-06-07 07:00:00,0.0,457.0,1931.0,0.0,670.0,0.0,0.0,0.0,1004.0,0.0,1205.0
2022-06-07 08:00:00,0.0,440.0,1822.0,0.0,738.0,0.0,0.0,0.0,1684.0,0.0,1135.0
2022-06-07 09:00:00,0.0,409.0,1729.0,0.0,690.0,0.0,0.0,0.0,2201.0,0.0,1014.0
2022-06-07 10:00:00,0.0,401.0,1589.0,0.0,557.0,0.0,0.0,0.0,2578.0,0.0,966.0
2022-06-07 11:00:00,0.0,398.0,1662.0,0.0,357.0,0.0,0.0,0.0,2805.0,0.0,917.0
2022-06-07 12:00:00,0.0,401.0,1779.0,0.0,262.0,0.0,0.0,0.0,2846.0,0.0,874.0
2022-06-07 13:00:00,0.0,409.0,1724.0,0.0,220.0,0.0,0.0,0.0,2721.0,0.0,856.0
2022-06-07 14:00:00,0.0,402.0,1713.0,0.0,254.0,0.0,0.0,0.0,2355.0,0.0,825.0
2022-06-07 15:00:00,0.0,404.0,2144.0,0.0,303.0,0.0,0.0,0.0,1810.0,0.0,742.0
2022-06-07 16:00:00,0.0,428.0,2430.0,0.0,415.0,0.0,0.0,0.0,1317.0,0.0,699.0
2022-06-07 17:00:00,0.0,468.0,2630.0,0.0,770.0,0.0,0.0,0.0,769.0,0.0,575.0
2022-06-07 18:00:00,0.0,573.0,2860.0,0.0,1146.0,0.0,0.0,0.0,295.0,0.0,551.0
2022-06-07 19:00:00,0.0,674.0,3067.0,0.0,1283.0,0.0,0.0,0.0,46.0,0.0,558.0
2022-06-07 20:00:00,0.0,737.0,3057.0,0.0,1496.0,0.0,0.0,0.0,0.0,0.0,512.0
2022-06-07 21:00:00,0.0,722.0,2780.0,0.0,1345.0,0.0,0.0,0.0,0.0,0.0,497.0
2022-06-07 22:00:00,0.0,696.0,2963.0,0.0,875.0,0.0,0.0,0.0,0.0,0.0,471.0
2022-06-07 23:00:00,0.0,685.0,2662.0,0.0,347.0,0.0,0.0,0.0,0.0,0.0,445.0
2022-06-08 00:00:00,0.0,662.0,2495.0,0.0,58.0,0.0,0.0,0.0,0.0,0.0,420.0
2022-06-08 01:00:00,0.0,639.0,2258.0,0.0,48.0,0.0,0.0,0.0,0.0,0.0,354.0
2022-06-08 02:00:00,0.0,649.0,2115.0,0.0,48.0,0.0,0.0,0.0,0.0,0.0,271.0
2022-06-08 03:00:00,0.0,650.0,2129.0,0.0,48.0,0.0,0.0,0.0,0.0,0.0,226.0
2022-06-08 04:00:00,0.0,657.0,2134.0,0.0,87.0,0.0,0.0,0.0,0.0,0.0,230.0
2022-06-08 05:00:00,0.0,676.0,2197.0,0.0,193.0,0.0,0.0,0.0,45.0,0.0,194.0
2022-06-08 06:00:00,0.0,724.0,2443.0,0.0,717.0,0.0,0.0,0.0,317.0,0.0,161.0
2022-06-08 07:00:00,0.0,753.0,2463.0,0.0,1006.0,0.0,0.0,0.0,865.0,0.0,112.0
2022-06-08 08:00:00,0.0,754.0,2509.0,0.0,1011.0,0.0,0.0,0.0,1460.0,0.0,70.0
2022-06-08 09:00:00,0.0,724.0,2340.0,0.0,757.0,0.0,0.0,0.0,1985.0,0.0,66.0
2022-06-08 10:00:00,0.0,724.0,2303.0,0.0,500.0,0.0,0.0,0.0,2300.0,0.0,79.0
2022-06-08 11:00:00,0.0,690.0,2424.0,0.0,413.0,0.0,0.0,0.0,2332.0,0.0,102.0
2022-06-08 12:00:00,0.0,673.0,2238.0,0.0,374.0,0.0,0.0,0.0,2401.0,0.0,207.0
2022-06-08 13:00:00,0.0,662.0,2170.0,0.0,342.0,0.0,0.0,0.0,2269.0,0.0,347.0
2022-06-08 14:00:00,0.0,683.0,2176.0,0.0,277.0,0.0,0.0,0.0,2028.0,0.0,439.0
2022-06-08 15:00:00,0.0,671.0,2354.0,0.0,279.0,0.0,0.0,0.0,1512.0,0.0,509.0
2022-06-08 16:00:00,0.0,679.0,2609.0,0.0,354.0,0.0,0.0,0.0,929.0,0.0,562.0
2022-06-08 17:00:00,0.0,664.0,2842.0,0.0,692.0,0.0,0.0,0.0,487.0,0.0,525.0
2022-06-08 18:00:00,0.0,658.0,2912.0,0.0,1045.0,0.0,0.0,0.0,220.0,0.0,538.0
2022-06-08 19:00:00,0.0,656.0,3141.0,0.0,1389.0,0.0,0.0,0.0,39.0,0.0,527.0
2022-06-08 20:00:00,0.0,654.0,3169.0,0.0,1540.0,0.0,0.0,0.0,0.0,0.0,460.0
2022-06-08 21:00:00,0.0,658.0,3023.0,0.0,1224.0,0.0,0.0,0.0,0.0,0.0,465.0
2022-06-08 22:00:00,0.0,680.0,2932.0,0.0,654.0,0.0,0.0,0.0,0.0,0.0,433.0
2022-06-08 23:00:00,0.0,717.0,2598.0,0.0,371.0,0.0,0.0,0.0,0.0,0.0,401.0
2022-06-09 00:00:00,0.0,702.0,2337.0,0.0,54.0,0.0,0.0,0.0,0.0,0.0,395.0
2022-06-09 01:00:00,0.0,692.0,2116.0,0.0,47.0,0.0,0.0,0.0,0.0,0.0,411.0
2022-06-09 02:00:00,0.0,690.0,1922.0,0.0,47.0,0.0,0.0,0.0,0.0,0.0,421.0
2022-06-09 03:00:00,0.0,690.0,1919.0,0.0,47.0,0.0,0.0,0.0,0.0,0.0,380.0
2022-06-09 04:00:00,0.0,692.0,1969.0,0.0,73.0,0.0,0.0,0.0,0.0,0.0,257.0
2022-06-09 05:00:00,0.0,692.0,2171.0,0.0,137.0,0.0,0.0,0.0,61.0,0.0,150.0
2022-06-09 06:00:00,0.0,696.0,2457.0,0.0,667.0,0.0,0.0,0.0,394.0,0.0,112.0
2022-06-09 07:00:00,0.0,697.0,2541.0,0.0,927.0,0.0,0.0,0.0,1077.0,0.0,73.0
2022-06-09 08:00:00,0.0,694.0,2555.0,0.0,941.0,0.0,0.0,0.0,1698.0,0.0,81.0
2022-06-09 09:00:00,0.0,695.0,2576.0,0.0,643.0,0.0,0.0,0.0,2180.0,0.0,107.0
2022-06-09 10:00:00,0.0,669.0,2229.0,0.0,324.0,0.0,0.0,0.0,2691.0,0.0,208.0
2022-06-09 11:00:00,0.0,641.0,2275.0,0.0,311.0,0.0,0.0,0.0,2871.0,0.0,423.0
2022-06-09 12:00:00,0.0,629.0,2076.0,0.0,390.0,0.0,0.0,0.0,2704.0,0.0,685.0
2022-06-09 13:00:00,0.0,610.0,2083.0,0.0,373.0,0.0,0.0,0.0,2310.0,0.0,972.0
2022-06-09 14:00:00,0.0,617.0,2159.0,0.0,234.0,0.0,0.0,0.0,1878.0,0.0,1207.0
2022-06-09 15:00:00,0.0,626.0,1986.0,0.0,148.0,0.0,0.0,0.0,1534.0,0.0,1445.0
2022-06-09 16:00:00,0.0,656.0,1756.0,0.0,161.0,0.0,0.0,0.0,1142.0,0.0,1561.0
2022-06-09 17:00:00,0.0,698.0,1885.0,0.0,501.0,0.0,0.0,0.0,538.0,0.0,1631.0
2022-06-09 18:00:00,0.0,750.0,1940.0,0.0,1102.0,0.0,0.0,0.0,195.0,0.0,1528.0
2022-06-09 19:00:00,0.0,780.0,2173.0,0.0,1387.0,0.0,0.0,0.0,36.0,0.0,1269.0
2022-06-09 20:00:00,0.0,785.0,2244.0,0.0,1499.0,0.0,0.0,0.0,0.0,0.0,1197.0
2022-06-09 21:00:00,0.0,785.0,2111.0,0.0,1352.0,0.0,0.0,0.0,0.0,0.0,1040.0
2022-06-09 22:00:00,0.0,750.0,2216.0,0.0,675.0,0.0,0.0,0.0,0.0,0.0,893.0
2022-06-09 23:00:00,0.0,704.0,2295.0,0.0,332.0,0.0,0.0,0.0,0.0,0.0,761.0
2022-06-10 00:00:00,0.0,535.0,2070.0,0.0,18.0,0.0,0.0,0.0,0.0,0.0,713.0
2022-06-10 01:00:00,0.0,482.0,2058.0,0.0,9.0,0.0,0.0,0.0,0.0,0.0,682.0
2022-06-10 02:00:00,0.0,484.0,2083.0,0.0,9.0,0.0,0.0,0.0,0.0,0.0,597.0
2022-06-10 03:00:00,0.0,484.0,1987.0,0.0,13.0,0.0,0.0,0.0,0.0,0.0,611.0
2022-06-10 04:00:00,0.0,484.0,1880.0,0.0,73.0,0.0,0.0,0.0,0.0,0.0,727.0
2022-06-10 05:00:00,0.0,483.0,1793.0,0.0,137.0,0.0,0.0,0.0,24.0,0.0,814.0
2022-06-10 06:00:00,0.0,483.0,1866.0,0.0,679.0,0.0,0.0,0.0,166.0,0.0,960.0
2022-06-10 07:00:00,0.0,483.0,2110.0,0.0,881.0,0.0,0.0,0.0,372.0,0.0,1229.0
2022-06-10 08:00:00,0.0,483.0,2252.0,0.0,892.0,0.0,0.0,0.0,590.0,0.0,1375.0
2022-06-10 09:00:00,0.0,463.0,2177.0,0.0,668.0,0.0,0.0,0.0,817.0,0.0,1614.0
2022-06-10 10:00:00,0.0,408.0,2255.0,0.0,432.0,0.0,0.0,0.0,960.0,0.0,1819.0
2022-06-10 11:00:00,0.0,392.0,2279.0,0.0,344.0,0.0,0.0,0.0,984.0,0.0,1908.0
2022-06-10 12:00:00,0.0,394.0,1933.0,0.0,177.0,0.0,0.0,0.0,1214.0,0.0,2043.0
2022-06-10 13:00:00,0.0,395.0,1682.0,0.0,110.0,0.0,0.0,0.0,1483.0,0.0,2063.0
2022-06-10 14:00:00,0.0,395.0,1486.0,0.0,196.0,0.0,0.0,0.0,1422.0,0.0,1786.0
2022-06-10 15:00:00,0.0,397.0,1702.0,0.0,264.0,0.0,0.0,0.0,1225.0,0.0,1548.0
2022-06-10 16:00:00,0.0,439.0,1970.0,0.0,318.0,0.0,0.0,0.0,850.0,0.0,1320.0
2022-06-10 17:00:00,0.0,482.0,2375.0,0.0,568.0,0.0,0.0,0.0,494.0,0.0,1098.0
2022-06-10 18:00:00,0.0,513.0,2306.0,0.0,1044.0,0.0,0.0,0.0,180.0,0.0,984.0
2022-06-10 19:00:00,0.0,553.0,2619.0,0.0,1346.0,0.0,0.0,0.0,34.0,0.0,806.0
2022-06-10 20:00:00,0.0,572.0,2664.0,0.0,1404.0,0.0,0.0,0.0,0.0,0.0,703.0
2022-06-10 21:00:00,0.0,573.0,2507.0,0.0,1250.0,0.0,0.0,0.0,0.0,0.0,626.0
2022-06-10 22:00:00,0.0,530.0,2476.0,0.0,855.0,0.0,0.0,0.0,0.0,0.0,476.0
2022-06-10 23:00:00,0.0,501.0,2395.0,0.0,500.0,0.0,0.0,0.0,0.0,0.0,429.0
2022-06-11 00:00:00,0.0,478.0,2025.0,0.0,187.0,0.0,0.0,0.0,0.0,0.0,411.0
2022-06-11 01:00:00,0.0,453.0,1808.0,0.0,160.0,0.0,0.0,0.0,0.0,0.0,393.0
2022-06-11 02:00:00,0.0,440.0,1767.0,0.0,160.0,0.0,0.0,0.0,0.0,0.0,377.0
2022-06-11 03:00:00,0.0,428.0,1755.0,0.0,162.0,0.0,0.0,0.0,0.0,0.0,326.0
2022-06-11 04:00:00,0.0,439.0,1730.0,0.0,182.0,0.0,0.0,0.0,0.0,0.0,328.0
2022-06-11 05:00:00,0.0,420.0,1748.0,0.0,173.0,0.0,0.0,0.0,33.0,0.0,328.0
2022-06-11 06:00:00,0.0,464.0,1486.0,0.0,555.0,0.0,0.0,0.0,237.0,0.0,380.0
2022-06-11 07:00:00,0.0,458.0,1246.0,0.0,784.0,0.0,0.0,0.0,596.0,0.0,422.0
2022-06-11 08:00:00,0.0,451.0,1150.0,0.0,798.0,0.0,0.0,0.0,1123.0,0.0,349.0
2022-06-11 09:00:00,0.0,434.0,1226.0,0.0,388.0,0.0,0.0,0.0,1519.0,0.0,365.0
2022-06-11 10:00:00,0.0,398.0,1390.0,0.0,182.0,0.0,0.0,0.0,1767.0,0.0,330.0
2022-06-11 11:00:00,0.0,407.0,1214.0,0.0,164.0,0.0,0.0,0.0,1984.0,0.0,440.0
2022-06-11 12:00:00,0.0,327.0,1217.0,0.0,321.0,0.0,0.0,0.0,1867.0,0.0,564.0
2022-06-11 13:00:00,0.0,186.0,970.0,0.0,363.0,0.0,0.0,0.0,1772.0,0.0,717.0
2022-06-11 14:00:00,0.0,185.0,886.0,0.0,411.0,0.0,0.0,0.0,1475.0,0.0,819.0
2022-06-11 15:00:00,0.0,186.0,921.0,0.0,243.0,0.0,0.0,0.0,1388.0,0.0,890.0
2022-06-11 16:00:00,0.0,227.0,995.0,0.0,419.0,0.0,0.0,0.0,1022.0,0.0,985.0
2022-06-11 17:00:00,0.0,241.0,1280.0,0.0,559.0,0.0,0.0,0.0,668.0,0.0,1004.0
2022-06-11 18:00:00,0.0,269.0,1639.0,0.0,896.0,0.0,0.0,0.0,262.0,0.0,1112.0
2022-06-11 19:00:00,0.0,282.0,1870.0,0.0,1140.0,0.0,0.0,0.0,35.0,0.0,1189.0
2022-06-11 20:00:00,0.0,282.0,1876.0,0.0,1278.0,0.0,0.0,0.0,0.0,0.0,1190.0
2022-06-11 21:00:00,0.0,282.0,1916.0,0.0,1255.0,0.0,0.0,0.0,0.0,0.0,1196.0
2022-06-11 22:00:00,0.0,252.0,1930.0,0.0,802.0,0.0,0.0,0.0,0.0,0.0,1113.0
2022-06-11 23:00:00,0.0,209.0,1989.0,0.0,158.0,0.0,0.0,0.0,0.0,0.0,986.0
2022-06-12 00:00:00,0.0,189.0,1636.0,0.0,119.0,0.0,0.0,0.0,0.0,0.0,1038.0
2022-06-12 01:00:00,0.0,190.0,1384.0,0.0,114.0,0.0,0.0,0.0,0.0,0.0,1011.0
2022-06-12 02:00:00,0.0,189.0,1190.0,0.0,400.0,0.0,0.0,0.0,0.0,0.0,1081.0
2022-06-12 03:00:00,0.0,189.0,801.0,0.0,462.0,0.0,0.0,0.0,0.0,0.0,1079.0
2022-06-12 04:00:00,0.0,189.0,836.0,0.0,496.0,0.0,0.0,0.0,0.0,0.0,1093.0
2022-06-12 05:00:00,0.0,189.0,786.0,0.0,307.0,0.0,0.0,0.0,33.0,0.0,1054.0
2022-06-12 06:00:00,0.0,189.0,765.0,0.0,658.0,0.0,0.0,0.0,290.0,0.0,1079.0
2022-06-12 07:00:00,0.0,189.0,788.0,0.0,751.0,0.0,0.0,0.0,832.0,0.0,1081.0
2022-06-12 08:00:00,0.0,189.0,722.0,0.0,675.0,0.0,0.0,0.0,1445.0,0.0,1148.0
2022-06-12 09:00:00,0.0,190.0,633.0,0.0,327.0,0.0,0.0,0.0,1826.0,0.0,1180.0
2022-06-12 10:00:00,0.0,190.0,563.0,0.0,158.0,0.0,0.0,0.0,2023.0,0.0,1340.0
2022-06-12 11:00:00,0.0,190.0,612.0,0.0,169.0,0.0,0.0,0.0,2098.0,0.0,1349.0
2022-06-12 12:00:00,0.0,189.0,682.0,0.0,278.0,0.0,0.0,0.0,2064.0,0.0,1250.0
2022-06-12 13:00:00,0.0,188.0,926.0,0.0,266.0,0.0,0.0,0.0,1793.0,0.0,1180.0
2022-06-12 14:00:00,0.0,189.0,797.0,0.0,191.0,0.0,0.0,0.0,1689.0,0.0,1177.0
2022-06-12 15:00:00,0.0,188.0,639.0,0.0,113.0,0.0,0.0,0.0,1431.0,0.0,1342.0
2022-06-12 16:00:00,0.0,186.0,766.0,0.0,116.0,0.0,0.0,0.0,1062.0,0.0,1368.0
2022-06-12 17:00:00,0.0,189.0,1183.0,0.0,268.0,0.0,0.0,0.0,656.0,0.0,1287.0
2022-06-12 18:00:00,0.0,188.0,1346.0,0.0,978.0,0.0,0.0,0.0,244.0,0.0,1210.0
2022-06-12 19:00:00,0.0,187.0,1246.0,0.0,1393.0,0.0,0.0,0.0,37.0,0.0,1185.0
2022-06-12 20:00:00,0.0,187.0,1411.0,0.0,1554.0,0.0,0.0,0.0,0.0,0.0,1269.0
2022-06-12 21:00:00,0.0,187.0,1300.0,0.0,1543.0,0.0,0.0,0.0,0.0,0.0,1271.0
2022-06-12 22:00:00,0.0,189.0,1526.0,0.0,929.0,0.0,0.0,0.0,0.0,0.0,1276.0
2022-06-12 23:00:00,0.0,187.0,1694.0,0.0,178.0,0.0,0.0,0.0,0.0,0.0,1219.0
2022-06-13 00:00:00,0.0,188.0,1414.0,0.0,175.0,0.0,0.0,0.0,0.0,0.0,1236.0
2022-06-13 01:00:00,0.0,212.0,1160.0,0.0,207.0,0.0,0.0,0.0,0.0,0.0,1304.0
2022-06-13 02:00:00,0.0,227.0,870.0,0.0,129.0,0.0,0.0,0.0,0.0,0.0,1540.0
2022-06-13 03:00:00,0.0,222.0,797.0,0.0,96.0,0.0,0.0,0.0,0.0,0.0,1721.0
2022-06-13 04:00:00,0.0,189.0,720.0,0.0,86.0,0.0,0.0,0.0,0.0,0.0,1912.0
2022-06-13 05:00:00,0.0,190.0,748.0,0.0,129.0,0.0,0.0,0.0,43.0,0.0,1955.0
2022-06-13 06:00:00,0.0,190.0,605.0,0.0,654.0,0.0,0.0,0.0,290.0,0.0,1947.0
2022-06-13 07:00:00,0.0,188.0,682.0,0.0,716.0,0.0,0.0,0.0,749.0,0.0,1826.0
2022-06-13 08:00:00,0.0,190.0,538.0,0.0,768.0,0.0,0.0,0.0,1359.0,0.0,1774.0
2022-06-13 09:00:00,0.0,190.0,465.0,0.0,450.0,0.0,0.0,0.0,1929.0,0.0,1782.0
2022-06-13 10:00:00,0.0,189.0,538.0,0.0,235.0,0.0,0.0,0.0,2431.0,0.0,1596.0
2022-06-13 11:00:00,0.0,187.0,553.0,0.0,295.0,0.0,0.0,0.0,2668.0,0.0,1428.0
2022-06-13 12:00:00,0.0,184.0,587.0,0.0,271.0,0.0,0.0,0.0,2638.0,0.0,1445.0
2022-06-13 13:00:00,0.0,184.0,643.0,0.0,203.0,0.0,0.0,0.0,2447.0,0.0,1476.0
2022-06-13 14:00:00,0.0,187.0,799.0,0.0,123.0,0.0,0.0,0.0,1989.0,0.0,1447.0
2022-06-13 15:00:00,0.0,186.0,1108.0,0.0,132.0,0.0,0.0,0.0,1768.0,0.0,1295.0
2022-06-13 16:00:00,0.0,219.0,1595.0,0.0,363.0,0.0,0.0,0.0,1236.0,0.0,1149.0
2022-06-13 17:00:00,0.0,354.0,2253.0,0.0,544.0,0.0,0.0,0.0,732.0,0.0,913.0
2022-06-13 18:00:00,0.0,409.0,2378.0,0.0,1067.0,0.0,0.0,0.0,270.0,0.0,921.0
2022-06-13 19:00:00,0.0,417.0,2431.0,0.0,1386.0,0.0,0.0,0.0,40.0,0.0,899.0
2022-06-13 20:00:00,0.0,417.0,2464.0,0.0,1411.0,0.0,0.0,0.0,0.0,0.0,954.0
2022-06-13 21:00:00,0.0,419.0,2421.0,0.0,1189.0,0.0,0.0,0.0,0.0,0.0,1021.0
2022-06-13 22:00:00,0.0,409.0,2392.0,0.0,698.0,0.0,0.0,0.0,0.0,0.0,1044.0
2022-06-13 23:00:00,0.0,412.0,2387.0,0.0,279.0,0.0,0.0,0.0,0.0,0.0,961.0
2022-06-14 00:00:00,0.0,425.0,1941.0,0.0,36.0,0.0,0.0,0.0,0.0,0.0,1052.0
2022-06-14 01:00:00,0.0,425.0,1573.0,0.0,80.0,0.0,0.0,0.0,0.0,0.0,945.0
2022-06-14 02:00:00,0.0,426.0,1459.0,0.0,20.0,0.0,0.0,0.0,0.0,0.0,974.0
2022-06-14 03:00:00,0.0,411.0,1348.0,0.0,5.0,0.0,0.0,0.0,0.0,0.0,1086.0
2022-06-14 04:00:00,0.0,426.0,1167.0,0.0,30.0,0.0,0.0,0.0,0.0,0.0,1263.0
2022-06-14 05:00:00,0.0,428.0,1117.0,0.0,115.0,0.0,0.0,0.0,58.0,0.0,1312.0
2022-06-14 06:00:00,0.0,438.0,1211.0,0.0,676.0,0.0,0.0,0.0,380.0,0.0,1254.0
2022-06-14 07:00:00,0.0,469.0,1273.0,0.0,743.0,0.0,0.0,0.0,1041.0,0.0,1190.0
2022-06-14 08:00:00,0.0,474.0,1302.0,0.0,791.0,0.0,0.0,0.0,1804.0,0.0,1124.0
2022-06-14 09:00:00,0.0,469.0,1237.0,0.0,399.0,0.0,0.0,0.0,2442.0,0.0,1120.0
2022-06-14 10:00:00,0.0,439.0,1188.0,0.0,111.0,0.0,0.0,0.0,2805.0,0.0,1169.0
2022-06-14 11:00:00,0.0,417.0,1217.0,0.0,99.0,0.0,0.0,0.0,2919.0,0.0,1152.0
2022-06-14 12:00:00,0.0,474.0,1300.0,0.0,194.0,0.0,0.0,0.0,2698.0,0.0,1049.0
2022-06-14 13:00:00,0.0,542.0,1474.0,0.0,222.0,0.0,0.0,0.0,2263.0,0.0,975.0
2022-06-14 14:00:00,0.0,577.0,1644.0,0.0,351.0,0.0,0.0,0.0,1896.0,0.0,843.0
2022-06-14 15:00:00,0.0,575.0,1631.0,0.0,422.0,0.0,0.0,0.0,1664.0,0.0,727.0
2022-06-14 16:00:00,0.0,586.0,2405.0,0.0,221.0,0.0,0.0,0.0,1205.0,0.0,614.0
2022-06-14 17:00:00,0.0,649.0,2645.0,0.0,348.0,0.0,0.0,0.0,614.0,0.0,740.0
2022-06-14 18:00:00,0.0,688.0,2485.0,0.0,899.0,0.0,0.0,0.0,257.0,0.0,781.0
2022-06-14 19:00:00,0.0,715.0,2473.0,0.0,1153.0,0.0,0.0,0.0,50.0,0.0,773.0
2022-06-14 20:00:00,0.0,720.0,2579.0,0.0,1207.0,0.0,0.0,0.0,0.0,0.0,814.0
2022-06-14 21:00:00,0.0,702.0,2305.0,0.0,1060.0,0.0,0.0,0.0,0.0,0.0,948.0
2022-06-14 22:00:00,0.0,684.0,2314.0,0.0,407.0,0.0,0.0,0.0,0.0,0.0,998.0
2022-06-14 23:00:00,0.0,667.0,2100.0,0.0,71.0,0.0,0.0,0.0,0.0,0.0,987.0
2022-06-15 00:00:00,0.0,626.0,1815.0,0.0,5.0,0.0,0.0,0.0,0.0,0.0,1005.0
2022-06-15 01:00:00,0.0,616.0,1467.0,0.0,5.0,0.0,0.0,0.0,0.0,0.0,1018.0
2022-06-15 02:00:00,0.0,611.0,1382.0,0.0,5.0,0.0,0.0,0.0,0.0,0.0,1052.0
2022-06-15 03:00:00,0.0,612.0,1282.0,0.0,5.0,0.0,0.0,0.0,0.0,0.0,1114.0
2022-06-15 04:00:00,0.0,611.0,1207.0,0.0,48.0,0.0,0.0,0.0,0.0,0.0,1319.0
2022-06-15 05:00:00,0.0,596.0,1237.0,0.0,103.0,0.0,0.0,0.0,45.0,0.0,1426.0
2022-06-15 06:00:00,0.0,633.0,1830.0,0.0,402.0,0.0,0.0,0.0,344.0,0.0,1424.0
2022-06-15 07:00:00,0.0,682.0,1738.0,0.0,798.0,0.0,0.0,0.0,987.0,0.0,1406.0
2022-06-15 08:00:00,0.0,670.0,1515.0,0.0,725.0,0.0,0.0,0.0,1707.0,0.0,1433.0
2022-06-15 09:00:00,0.0,669.0,1445.0,0.0,457.0,0.0,0.0,0.0,2291.0,0.0,1352.0
2022-06-15 10:00:00,0.0,637.0,1516.0,0.0,124.0,0.0,0.0,0.0,2659.0,0.0,1219.0
2022-06-15 11:00:00,0.0,621.0,1627.0,0.0,116.0,0.0,0.0,0.0,2795.0,0.0,1159.0
2022-06-15 12:00:00,0.0,631.0,1860.0,0.0,69.0,0.0,0.0,0.0,2714.0,0.0,1123.0
2022-06-15 13:00:00,0.0,644.0,1830.0,0.0,80.0,0.0,0.0,0.0,2501.0,0.0,1050.0
2022-06-15 14:00:00,0.0,656.0,1785.0,0.0,70.0,0.0,0.0,0.0,2215.0,0.0,998.0
2022-06-15 15:00:00,0.0,628.0,1991.0,0.0,117.0,0.0,0.0,0.0,1809.0,0.0,891.0
2022-06-15 16:00:00,0.0,631.0,2434.0,0.0,213.0,0.0,0.0,0.0,1325.0,0.0,780.0
2022-06-15 17:00:00,0.0,659.0,2747.0,0.0,605.0,0.0,0.0,0.0,778.0,0.0,730.0
2022-06-15 18:00:00,0.0,691.0,2873.0,0.0,1098.0,0.0,0.0,0.0,284.0,0.0,734.0
2022-06-15 19:00:00,0.0,689.0,2949.0,0.0,1470.0,0.0,0.0,0.0,40.0,0.0,753.0
2022-06-15 20:00:00,0.0,708.0,2902.0,0.0,1606.0,0.0,0.0,0.0,0.0,0.0,735.0
2022-06-15 21:00:00,0.0,697.0,2829.0,0.0,1373.0,0.0,0.0,0.0,0.0,0.0,707.0
2022-06-15 22:00:00,0.0,696.0,2916.0,0.0,755.0,0.0,0.0,0.0,0.0,0.0,738.0
2022-06-15 23:00:00,0.0,697.0,2922.0,0.0,529.0,0.0,0.0,0.0,0.0,0.0,660.0
2022-06-16 00:00:00,0.0,650.0,2930.0,0.0,80.0,0.0,0.0,0.0,0.0,0.0,724.0
2022-06-16 01:00:00,0.0,616.0,2583.0,0.0,51.0,0.0,0.0,0.0,0.0,0.0,813.0
2022-06-16 02:00:00,0.0,616.0,2274.0,0.0,44.0,0.0,0.0,0.0,0.0,0.0,938.0
2022-06-16 03:00:00,0.0,616.0,2071.0,0.0,45.0,0.0,0.0,0.0,0.0,0.0,1116.0
2022-06-16 04:00:00,0.0,616.0,1990.0,0.0,70.0,0.0,0.0,0.0,0.0,0.0,1305.0
2022-06-16 05:00:00,0.0,617.0,1899.0,0.0,76.0,0.0,0.0,0.0,53.0,0.0,1491.0
2022-06-16 06:00:00,0.0,636.0,2125.0,0.0,401.0,0.0,0.0,0.0,327.0,0.0,1459.0
2022-06-16 07:00:00,0.0,666.0,2191.0,0.0,698.0,0.0,0.0,0.0,936.0,0.0,1324.0
2022-06-16 08:00:00,0.0,671.0,2107.0,0.0,735.0,0.0,0.0,0.0,1613.0,0.0,1314.0
2022-06-16 09:00:00,0.0,675.0,2144.0,0.0,528.0,0.0,0.0,0.0,2215.0,0.0,1327.0
2022-06-16 10:00:00,0.0,638.0,2441.0,0.0,167.0,0.0,0.0,0.0,2519.0,0.0,1289.0
2022-06-16 11:00:00,0.0,600.0,2475.0,0.0,214.0,0.0,0.0,0.0,2653.0,0.0,1182.0
2022-06-16 12:00:00,0.0,615.0,2397.0,0.0,344.0,0.0,0.0,0.0,2656.0,0.0,1201.0
2022-06-16 13:00:00,0.0,628.0,2235.0,0.0,470.0,0.0,0.0,0.0,2477.0,0.0,1218.0
2022-06-16 14:00:00,0.0,624.0,2308.0,0.0,198.0,0.0,0.0,0.0,2259.0,0.0,1259.0
2022-06-16 15:00:00,0.0,634.0,2499.0,0.0,176.0,0.0,0.0,0.0,1833.0,0.0,1155.0
2022-06-16 16:00:00,0.0,669.0,2732.0,0.0,184.0,0.0,0.0,0.0,1295.0,0.0,1028.0
2022-06-16 17:00:00,0.0,732.0,2990.0,0.0,616.0,0.0,0.0,0.0,760.0,0.0,885.0
2022-06-16 18:00:00,0.0,836.0,3015.0,0.0,1094.0,0.0,0.0,0.0,319.0,0.0,787.0
2022-06-16 19:00:00,0.0,892.0,2959.0,0.0,1417.0,0.0,0.0,0.0,66.0,0.0,755.0
2022-06-16 20:00:00,0.0,892.0,3006.0,0.0,1503.0,0.0,0.0,0.0,0.0,0.0,740.0
2022-06-16 21:00:00,0.0,897.0,2883.0,0.0,1264.0,0.0,0.0,0.0,0.0,0.0,787.0
2022-06-16 22:00:00,0.0,876.0,2847.0,0.0,766.0,0.0,0.0,0.0,0.0,0.0,886.0
2022-06-16 23:00:00,0.0,868.0,2865.0,0.0,436.0,0.0,0.0,0.0,0.0,0.0,804.0
2022-06-17 00:00:00,0.0,824.0,3163.0,0.0,369.0,0.0,0.0,0.0,0.0,0.0,753.0
2022-06-17 01:00:00,0.0,796.0,2996.0,0.0,219.0,0.0,0.0,0.0,0.0,0.0,831.0
2022-06-17 02:00:00,0.0,800.0,2766.0,0.0,109.0,0.0,0.0,0.0,0.0,0.0,891.0
2022-06-17 03:00:00,0.0,816.0,2612.0,0.0,108.0,0.0,0.0,0.0,0.0,0.0,937.0
2022-06-17 04:00:00,0.0,806.0,2707.0,0.0,133.0,0.0,0.0,0.0,0.0,0.0,895.0
2022-06-17 05:00:00,0.0,818.0,2896.0,0.0,328.0,0.0,0.0,0.0,45.0,0.0,829.0
2022-06-17 06:00:00,0.0,856.0,2999.0,0.0,700.0,0.0,0.0,0.0,343.0,0.0,764.0
2022-06-17 07:00:00,0.0,859.0,2789.0,0.0,943.0,0.0,0.0,0.0,992.0,0.0,717.0
2022-06-17 08:00:00,0.0,883.0,2633.0,0.0,859.0,0.0,0.0,0.0,1708.0,0.0,711.0
2022-06-17 09:00:00,0.0,837.0,2684.0,0.0,518.0,0.0,0.0,0.0,2268.0,0.0,723.0
2022-06-17 10:00:00,0.0,791.0,2609.0,0.0,304.0,0.0,0.0,0.0,2662.0,0.0,707.0
2022-06-17 11:00:00,0.0,788.0,2552.0,0.0,267.0,0.0,0.0,0.0,2844.0,0.0,715.0
2022-06-17 12:00:00,0.0,784.0,2566.0,0.0,303.0,0.0,0.0,0.0,2866.0,0.0,756.0
2022-06-17 13:00:00,0.0,762.0,2525.0,0.0,156.0,0.0,0.0,0.0,2664.0,0.0,749.0
2022-06-17 14:00:00,0.0,772.0,2744.0,0.0,144.0,0.0,0.0,0.0,2323.0,0.0,801.0
2022-06-17 15:00:00,0.0,787.0,2448.0,0.0,156.0,0.0,0.0,0.0,2045.0,0.0,804.0
2022-06-17 16:00:00,0.0,780.0,3134.0,0.0,440.0,0.0,0.0,0.0,1454.0,0.0,689.0
2022-06-17 17:00:00,0.0,834.0,3212.0,0.0,761.0,0.0,0.0,0.0,760.0,0.0,670.0
2022-06-17 18:00:00,0.0,854.0,3481.0,0.0,1067.0,0.0,0.0,0.0,277.0,0.0,565.0
2022-06-17 19:00:00,0.0,853.0,3660.0,0.0,1247.0,0.0,0.0,0.0,45.0,0.0,471.0
2022-06-17 20:00:00,0.0,875.0,3502.0,0.0,1314.0,0.0,0.0,0.0,0.0,0.0,533.0
2022-06-17 21:00:00,0.0,879.0,3223.0,0.0,1121.0,0.0,0.0,0.0,0.0,0.0,673.0
2022-06-17 22:00:00,0.0,879.0,3121.0,0.0,723.0,0.0,0.0,0.0,0.0,0.0,609.0
2022-06-17 23:00:00,0.0,890.0,3167.0,0.0,220.0,0.0,0.0,0.0,0.0,0.0,611.0
2022-06-18 00:00:00,0.0,774.0,2506.0,0.0,43.0,0.0,0.0,0.0,0.0,0.0,775.0
2022-06-18 01:00:00,0.0,530.0,2113.0,0.0,43.0,0.0,0.0,0.0,0.0,0.0,1046.0
2022-06-18 02:00:00,0.0,519.0,1477.0,0.0,43.0,0.0,0.0,0.0,0.0,0.0,1400.0
2022-06-18 03:00:00,0.0,529.0,1254.0,0.0,43.0,0.0,0.0,0.0,0.0,0.0,1640.0
2022-06-18 04:00:00,0.0,518.0,1253.0,0.0,68.0,0.0,0.0,0.0,0.0,0.0,1609.0
2022-06-18 05:00:00,0.0,529.0,1257.0,0.0,69.0,0.0,0.0,0.0,36.0,0.0,1488.0
2022-06-18 06:00:00,0.0,559.0,1309.0,0.0,413.0,0.0,0.0,0.0,268.0,0.0,1524.0
2022-06-18 07:00:00,0.0,537.0,1263.0,0.0,587.0,0.0,0.0,0.0,734.0,0.0,1671.0
2022-06-18 08:00:00,0.0,464.0,1315.0,0.0,507.0,0.0,0.0,0.0,1228.0,0.0,1756.0
2022-06-18 09:00:00,0.0,359.0,1230.0,0.0,358.0,0.0,0.0,0.0,1603.0,0.0,1832.0
2022-06-18 10:00:00,0.0,359.0,1137.0,0.0,162.0,0.0,0.0,0.0,1865.0,0.0,1839.0
2022-06-18 11:00:00,0.0,352.0,1267.0,0.0,194.0,0.0,0.0,0.0,1931.0,0.0,1824.0
2022-06-18 12:00:00,0.0,363.0,1307.0,0.0,209.0,0.0,0.0,0.0,1956.0,0.0,1860.0
2022-06-18 13:00:00,0.0,357.0,1097.0,0.0,143.0,0.0,0.0,0.0,1936.0,0.0,1928.0
2022-06-18 14:00:00,0.0,354.0,1071.0,0.0,108.0,0.0,0.0,0.0,1747.0,0.0,1944.0
2022-06-18 15:00:00,0.0,352.0,1188.0,0.0,121.0,0.0,0.0,0.0,1351.0,0.0,1887.0
2022-06-18 16:00:00,0.0,370.0,1417.0,0.0,131.0,0.0,0.0,0.0,1033.0,0.0,1936.0
2022-06-18 17:00:00,0.0,429.0,1625.0,0.0,445.0,0.0,0.0,0.0,587.0,0.0,1999.0
2022-06-18 18:00:00,0.0,459.0,2358.0,0.0,1107.0,0.0,0.0,0.0,205.0,0.0,2028.0
2022-06-18 19:00:00,0.0,471.0,2181.0,0.0,1291.0,0.0,0.0,0.0,37.0,0.0,2160.0
2022-06-18 20:00:00,0.0,474.0,2233.0,0.0,1348.0,0.0,0.0,0.0,0.0,0.0,2257.0
2022-06-18 21:00:00,0.0,468.0,2035.0,0.0,1093.0,0.0,0.0,0.0,0.0,0.0,2354.0
2022-06-18 22:00:00,0.0,374.0,2184.0,0.0,601.0,0.0,0.0,0.0,0.0,0.0,2391.0
2022-06-18 23:00:00,0.0,275.0,2346.0,0.0,121.0,0.0,0.0,0.0,0.0,0.0,2388.0
2022-06-19 00:00:00,0.0,215.0,1700.0,0.0,44.0,0.0,0.0,0.0,0.0,0.0,2378.0
2022-06-19 01:00:00,0.0,190.0,904.0,0.0,44.0,0.0,0.0,0.0,0.0,0.0,2439.0
2022-06-19 02:00:00,0.0,190.0,505.0,0.0,46.0,0.0,0.0,0.0,0.0,0.0,2438.0
2022-06-19 03:00:00,0.0,189.0,403.0,0.0,66.0,0.0,0.0,0.0,0.0,0.0,2464.0
2022-06-19 04:00:00,0.0,190.0,364.0,0.0,96.0,0.0,0.0,0.0,0.0,0.0,2502.0
2022-06-19 05:00:00,0.0,187.0,373.0,0.0,166.0,0.0,0.0,0.0,58.0,0.0,2514.0
2022-06-19 06:00:00,0.0,176.0,403.0,0.0,233.0,0.0,0.0,0.0,385.0,0.0,2457.0
2022-06-19 07:00:00,0.0,176.0,415.0,0.0,248.0,0.0,0.0,0.0,1067.0,0.0,2441.0
2022-06-19 08:00:00,0.0,177.0,443.0,0.0,203.0,0.0,0.0,0.0,1777.0,0.0,2422.0
2022-06-19 09:00:00,0.0,174.0,466.0,0.0,169.0,0.0,0.0,0.0,2293.0,0.0,2419.0
2022-06-19 10:00:00,0.0,170.0,462.0,0.0,117.0,0.0,0.0,0.0,2653.0,0.0,2398.0
2022-06-19 11:00:00,0.0,173.0,460.0,0.0,114.0,0.0,0.0,0.0,2827.0,0.0,2305.0
2022-06-19 12:00:00,0.0,171.0,420.0,0.0,112.0,0.0,0.0,0.0,2902.0,0.0,2246.0
2022-06-19 13:00:00,0.0,173.0,419.0,0.0,88.0,0.0,0.0,0.0,2796.0,0.0,2176.0
2022-06-19 14:00:00,0.0,169.0,420.0,0.0,86.0,0.0,0.0,0.0,2567.0,0.0,2091.0
2022-06-19 15:00:00,0.0,173.0,422.0,0.0,85.0,0.0,0.0,0.0,2188.0,0.0,1939.0
2022-06-19 16:00:00,0.0,174.0,514.0,0.0,87.0,0.0,0.0,0.0,1653.0,0.0,1835.0
2022-06-19 17:00:00,0.0,166.0,1190.0,0.0,406.0,0.0,0.0,0.0,1019.0,0.0,1707.0
2022-06-19 18:00:00,0.0,261.0,2168.0,0.0,1248.0,0.0,0.0,0.0,387.0,0.0,1555.0
2022-06-19 19:00:00,0.0,354.0,2528.0,0.0,1582.0,0.0,0.0,0.0,64.0,0.0,1416.0
2022-06-19 20:00:00,0.0,403.0,2719.0,0.0,1699.0,0.0,0.0,0.0,0.0,0.0,1428.0
2022-06-19 21:00:00,0.0,390.0,2733.0,0.0,1246.0,0.0,0.0,0.0,0.0,0.0,1331.0
2022-06-19 22:00:00,0.0,395.0,2955.0,0.0,1104.0,0.0,0.0,0.0,0.0,0.0,1255.0
2022-06-19 23:00:00,0.0,387.0,2818.0,0.0,277.0,0.0,0.0,0.0,0.0,0.0,1257.0
2022-06-20 00:00:00,0.0,417.0,3054.0,0.0,128.0,0.0,0.0,0.0,0.0,0.0,1268.0
2022-06-20 01:00:00,0.0,414.0,2947.0,0.0,79.0,0.0,0.0,0.0,0.0,0.0,1252.0
2022-06-20 02:00:00,0.0,297.0,2868.0,0.0,69.0,0.0,0.0,0.0,0.0,0.0,1238.0
2022-06-20 03:00:00,0.0,170.0,2931.0,0.0,87.0,0.0,0.0,0.0,0.0,0.0,1264.0
2022-06-20 04:00:00,0.0,163.0,3010.0,0.0,90.0,0.0,0.0,0.0,0.0,0.0,1278.0
2022-06-20 05:00:00,0.0,174.0,3091.0,0.0,378.0,0.0,0.0,0.0,55.0,0.0,1263.0
2022-06-20 06:00:00,0.0,323.0,2991.0,0.0,713.0,0.0,0.0,0.0,389.0,0.0,1242.0
2022-06-20 07:00:00,0.0,435.0,2755.0,0.0,866.0,0.0,0.0,0.0,1151.0,0.0,1178.0
2022-06-20 08:00:00,0.0,471.0,2424.0,0.0,761.0,0.0,0.0,0.0,1951.0,0.0,1080.0
2022-06-20 09:00:00,0.0,478.0,2485.0,0.0,396.0,0.0,0.0,0.0,2580.0,0.0,1062.0
2022-06-20 10:00:00,0.0,484.0,2617.0,0.0,295.0,0.0,0.0,0.0,2972.0,0.0,974.0
2022-06-20 11:00:00,0.0,458.0,2687.0,0.0,389.0,0.0,0.0,0.0,3113.0,0.0,850.0
2022-06-20 12:00:00,0.0,424.0,2869.0,0.0,398.0,0.0,0.0,0.0,3109.0,0.0,731.0
2022-06-20 13:00:00,0.0,428.0,3026.0,0.0,254.0,0.0,0.0,0.0,2952.0,0.0,698.0
2022-06-20 14:00:00,0.0,428.0,2991.0,0.0,225.0,0.0,0.0,0.0,2702.0,0.0,696.0
2022-06-20 15:00:00,0.0,430.0,3176.0,0.0,265.0,0.0,0.0,0.0,2302.0,0.0,633.0
2022-06-20 16:00:00,0.0,430.0,3555.0,0.0,483.0,0.0,0.0,0.0,1702.0,0.0,495.0
2022-06-20 17:00:00,0.0,453.0,3734.0,0.0,912.0,0.0,0.0,0.0,1051.0,0.0,443.0
2022-06-20 18:00:00,0.0,516.0,3930.0,0.0,1476.0,0.0,0.0,0.0,380.0,0.0,412.0
2022-06-20 19:00:00,0.0,532.0,3969.0,0.0,1606.0,0.0,0.0,0.0,69.0,0.0,412.0
2022-06-20 20:00:00,0.0,525.0,3970.0,0.0,1683.0,0.0,0.0,0.0,0.0,0.0,492.0
2022-06-20 21:00:00,0.0,520.0,3807.0,0.0,1468.0,0.0,0.0,0.0,0.0,0.0,502.0
2022-06-20 22:00:00,0.0,509.0,3843.0,0.0,1077.0,0.0,0.0,0.0,0.0,0.0,546.0
2022-06-20 23:00:00,0.0,496.0,3754.0,0.0,348.0,0.0,0.0,0.0,0.0,0.0,588.0
2022-06-21 00:00:00,0.0,463.0,3749.0,0.0,123.0,0.0,0.0,0.0,0.0,0.0,546.0
2022-06-21 01:00:00,0.0,429.0,2978.0,0.0,82.0,0.0,0.0,0.0,0.0,0.0,555.0
2022-06-21 02:00:00,0.0,428.0,2756.0,0.0,69.0,0.0,0.0,0.0,0.0,0.0,573.0
2022-06-21 03:00:00,0.0,427.0,2765.0,0.0,70.0,0.0,0.0,0.0,0.0,0.0,563.0
2022-06-21 04:00:00,0.0,427.0,2948.0,0.0,112.0,0.0,0.0,0.0,0.0,0.0,569.0
2022-06-21 05:00:00,0.0,434.0,3343.0,0.0,250.0,0.0,0.0,0.0,57.0,0.0,574.0
2022-06-21 06:00:00,0.0,526.0,3554.0,0.0,787.0,0.0,0.0,0.0,389.0,0.0,534.0
2022-06-21 07:00:00,0.0,596.0,3536.0,0.0,908.0,0.0,0.0,0.0,1133.0,0.0,424.0
2022-06-21 08:00:00,0.0,613.0,3511.0,0.0,763.0,0.0,0.0,0.0,1925.0,0.0,330.0
2022-06-21 09:00:00,0.0,586.0,3334.0,0.0,404.0,0.0,0.0,0.0,2552.0,0.0,274.0
2022-06-21 10:00:00,0.0,586.0,3373.0,0.0,191.0,0.0,0.0,0.0,2990.0,0.0,291.0
2022-06-21 11:00:00,0.0,600.0,3101.0,0.0,166.0,0.0,0.0,0.0,3240.0,0.0,258.0
2022-06-21 12:00:00,0.0,602.0,3293.0,0.0,158.0,0.0,0.0,0.0,3309.0,0.0,295.0
2022-06-21 13:00:00,0.0,604.0,3178.0,0.0,126.0,0.0,0.0,0.0,3218.0,0.0,355.0
2022-06-21 14:00:00,0.0,605.0,3164.0,0.0,152.0,0.0,0.0,0.0,2951.0,0.0,423.0
2022-06-21 15:00:00,0.0,606.0,3163.0,0.0,245.0,0.0,0.0,0.0,2499.0,0.0,388.0
2022-06-21 16:00:00,0.0,602.0,3701.0,0.0,689.0,0.0,0.0,0.0,1882.0,0.0,365.0
2022-06-21 17:00:00,0.0,628.0,3773.0,0.0,1275.0,0.0,0.0,0.0,1095.0,0.0,372.0
2022-06-21 18:00:00,0.0,694.0,3908.0,0.0,1587.0,0.0,0.0,0.0,392.0,0.0,374.0
2022-06-21 19:00:00,0.0,722.0,3911.0,0.0,1720.0,0.0,0.0,0.0,65.0,0.0,339.0
2022-06-21 20:00:00,0.0,727.0,3981.0,0.0,1787.0,0.0,0.0,0.0,0.0,0.0,334.0
2022-06-21 21:00:00,0.0,716.0,3913.0,0.0,1279.0,0.0,0.0,0.0,0.0,0.0,289.0
2022-06-21 22:00:00,0.0,694.0,3834.0,0.0,968.0,0.0,0.0,0.0,0.0,0.0,281.0
2022-06-21 23:00:00,0.0,672.0,3671.0,0.0,642.0,0.0,0.0,0.0,0.0,0.0,348.0
2022-06-22 00:00:00,0.0,662.0,3878.0,0.0,308.0,0.0,0.0,0.0,0.0,0.0,368.0
2022-06-22 01:00:00,0.0,665.0,3823.0,0.0,166.0,0.0,0.0,0.0,0.0,0.0,349.0
2022-06-22 02:00:00,0.0,670.0,3532.0,0.0,156.0,0.0,0.0,0.0,0.0,0.0,377.0
2022-06-22 03:00:00,0.0,667.0,3301.0,0.0,111.0,0.0,0.0,0.0,0.0,0.0,395.0
2022-06-22 04:00:00,0.0,686.0,3285.0,0.0,119.0,0.0,0.0,0.0,0.0,0.0,458.0
2022-06-22 05:00:00,0.0,728.0,3375.0,0.0,263.0,0.0,0.0,0.0,44.0,0.0,421.0
2022-06-22 06:00:00,0.0,796.0,3769.0,0.0,695.0,0.0,0.0,0.0,334.0,0.0,378.0
2022-06-22 07:00:00,0.0,870.0,3797.0,0.0,984.0,0.0,0.0,0.0,947.0,0.0,278.0
2022-06-22 08:00:00,0.0,1003.0,3644.0,0.0,888.0,0.0,0.0,0.0,1638.0,0.0,199.0
2022-06-22 09:00:00,0.0,1025.0,3563.0,0.0,601.0,0.0,0.0,0.0,2192.0,0.0,189.0
2022-06-22 10:00:00,0.0,1055.0,3561.0,0.0,384.0,0.0,0.0,0.0,2570.0,0.0,200.0
2022-06-22 11:00:00,0.0,1171.0,3572.0,0.0,347.0,0.0,0.0,0.0,2770.0,0.0,185.0
2022-06-22 12:00:00,0.0,1197.0,3577.0,0.0,438.0,0.0,0.0,0.0,2826.0,0.0,189.0
2022-06-22 13:00:00,0.0,1205.0,3446.0,0.0,491.0,0.0,0.0,0.0,2755.0,0.0,216.0
2022-06-22 14:00:00,0.0,1223.0,3424.0,0.0,540.0,0.0,0.0,0.0,2424.0,0.0,304.0
2022-06-22 15:00:00,0.0,1229.0,3400.0,0.0,557.0,0.0,0.0,0.0,1955.0,0.0,522.0
2022-06-22 16:00:00,0.0,1249.0,3477.0,0.0,628.0,0.0,0.0,0.0,1438.0,0.0,614.0
2022-06-22 17:00:00,0.0,1266.0,3611.0,0.0,923.0,0.0,0.0,0.0,868.0,0.0,735.0
2022-06-22 18:00:00,0.0,1248.0,3798.0,0.0,1301.0,0.0,0.0,0.0,356.0,0.0,780.0
2022-06-22 19:00:00,0.0,1212.0,3969.0,0.0,1401.0,0.0,0.0,0.0,54.0,0.0,858.0
2022-06-22 20:00:00,0.0,1283.0,3993.0,0.0,1560.0,0.0,0.0,0.0,0.0,0.0,865.0
2022-06-22 21:00:00,0.0,1342.0,3741.0,0.0,1444.0,0.0,0.0,0.0,0.0,0.0,826.0
2022-06-22 22:00:00,0.0,1373.0,3587.0,0.0,1020.0,0.0,0.0,0.0,0.0,0.0,795.0
2022-06-22 23:00:00,0.0,1369.0,3502.0,0.0,462.0,0.0,0.0,0.0,0.0,0.0,639.0
2022-06-23 00:00:00,0.0,1333.0,3397.0,0.0,138.0,0.0,0.0,0.0,0.0,0.0,603.0
2022-06-23 01:00:00,0.0,1253.0,3105.0,0.0,95.0,0.0,0.0,0.0,0.0,0.0,667.0
2022-06-23 02:00:00,0.0,1296.0,2923.0,0.0,71.0,0.0,0.0,0.0,0.0,0.0,667.0
2022-06-23 03:00:00,0.0,1322.0,2874.0,0.0,73.0,0.0,0.0,0.0,0.0,0.0,665.0
2022-06-23 04:00:00,0.0,1338.0,2887.0,0.0,99.0,0.0,0.0,0.0,0.0,0.0,665.0
2022-06-23 05:00:00,0.0,1375.0,3117.0,0.0,211.0,0.0,0.0,0.0,59.0,0.0,672.0
2022-06-23 06:00:00,0.0,1407.0,3555.0,0.0,834.0,0.0,0.0,0.0,388.0,0.0,580.0
2022-06-23 07:00:00,0.0,1406.0,3634.0,0.0,923.0,0.0,0.0,0.0,961.0,0.0,403.0
2022-06-23 08:00:00,0.0,1422.0,3554.0,0.0,809.0,0.0,0.0,0.0,1701.0,0.0,297.0
2022-06-23 09:00:00,0.0,1397.0,3441.0,0.0,479.0,0.0,0.0,0.0,2339.0,0.0,218.0
2022-06-23 10:00:00,0.0,1373.0,3426.0,0.0,285.0,0.0,0.0,0.0,2747.0,0.0,277.0
2022-06-23 11:00:00,0.0,1364.0,3441.0,0.0,275.0,0.0,0.0,0.0,2938.0,0.0,458.0
2022-06-23 12:00:00,0.0,1363.0,3362.0,0.0,218.0,0.0,0.0,0.0,3051.0,0.0,498.0
2022-06-23 13:00:00,0.0,1373.0,3323.0,0.0,245.0,0.0,0.0,0.0,2925.0,0.0,657.0
2022-06-23 14:00:00,0.0,1381.0,3533.0,0.0,267.0,0.0,0.0,0.0,2528.0,0.0,740.0
2022-06-23 15:00:00,0.0,1386.0,3560.0,0.0,287.0,0.0,0.0,0.0,2075.0,0.0,873.0
2022-06-23 16:00:00,0.0,1392.0,3706.0,0.0,502.0,0.0,0.0,0.0,1479.0,0.0,956.0
2022-06-23 17:00:00,0.0,1403.0,3920.0,0.0,807.0,0.0,0.0,0.0,815.0,0.0,906.0
2022-06-23 18:00:00,0.0,1408.0,3988.0,0.0,1244.0,0.0,0.0,0.0,320.0,0.0,856.0
2022-06-23 19:00:00,0.0,1423.0,3938.0,0.0,1649.0,0.0,0.0,0.0,61.0,0.0,853.0
2022-06-23 20:00:00,0.0,1421.0,3950.0,0.0,1410.0,0.0,0.0,0.0,0.0,0.0,990.0
2022-06-23 21:00:00,0.0,1392.0,3864.0,0.0,1186.0,0.0,0.0,0.0,0.0,0.0,1142.0
2022-06-23 22:00:00,0.0,1386.0,3700.0,0.0,812.0,0.0,0.0,0.0,0.0,0.0,1197.0
2022-06-23 23:00:00,0.0,1383.0,3301.0,0.0,225.0,0.0,0.0,0.0,0.0,0.0,1173.0
2022-06-24 00:00:00,0.0,1246.0,2821.0,0.0,122.0,0.0,0.0,0.0,0.0,0.0,1132.0
2022-06-24 01:00:00,0.0,1216.0,2740.0,0.0,158.0,0.0,0.0,0.0,0.0,0.0,1095.0
2022-06-24 02:00:00,0.0,1223.0,2501.0,0.0,97.0,0.0,0.0,0.0,0.0,0.0,1248.0
2022-06-24 03:00:00,0.0,1225.0,2318.0,0.0,101.0,0.0,0.0,0.0,0.0,0.0,1288.0
2022-06-24 04:00:00,0.0,1253.0,2309.0,0.0,125.0,0.0,0.0,0.0,0.0,0.0,1166.0
2022-06-24 05:00:00,0.0,1271.0,2385.0,0.0,202.0,0.0,0.0,0.0,36.0,0.0,1055.0
2022-06-24 06:00:00,0.0,1354.0,2630.0,0.0,630.0,0.0,0.0,0.0,307.0,0.0,980.0
2022-06-24 07:00:00,0.0,1389.0,2948.0,0.0,723.0,0.0,0.0,0.0,814.0,0.0,935.0
2022-06-24 08:00:00,0.0,1365.0,2925.0,0.0,770.0,0.0,0.0,0.0,1361.0,0.0,697.0
2022-06-24 09:00:00,0.0,1359.0,3200.0,0.0,522.0,0.0,0.0,0.0,1841.0,0.0,561.0
2022-06-24 10:00:00,0.0,1355.0,3041.0,0.0,395.0,0.0,0.0,0.0,2339.0,0.0,561.0
2022-06-24 11:00:00,0.0,1364.0,2747.0,0.0,324.0,0.0,0.0,0.0,2755.0,0.0,659.0
2022-06-24 12:00:00,0.0,1285.0,2315.0,0.0,291.0,0.0,0.0,0.0,2860.0,0.0,1061.0
2022-06-24 13:00:00,0.0,1149.0,2081.0,0.0,293.0,0.0,0.0,0.0,2769.0,0.0,1256.0
2022-06-24 14:00:00,0.0,1157.0,2103.0,0.0,288.0,0.0,0.0,0.0,2556.0,0.0,1119.0
2022-06-24 15:00:00,0.0,1132.0,2342.0,0.0,312.0,0.0,0.0,0.0,2190.0,0.0,1050.0
2022-06-24 16:00:00,0.0,1162.0,2601.0,0.0,422.0,0.0,0.0,0.0,1605.0,0.0,1198.0
2022-06-24 17:00:00,0.0,1270.0,2989.0,0.0,726.0,0.0,0.0,0.0,956.0,0.0,1094.0
2022-06-24 18:00:00,0.0,1318.0,3094.0,0.0,1192.0,0.0,0.0,0.0,339.0,0.0,890.0
2022-06-24 19:00:00,0.0,1361.0,3210.0,0.0,1493.0,0.0,0.0,0.0,55.0,0.0,708.0
2022-06-24 20:00:00,0.0,1367.0,3358.0,0.0,1490.0,0.0,0.0,0.0,0.0,0.0,549.0
2022-06-24 21:00:00,0.0,1361.0,3501.0,0.0,1250.0,0.0,0.0,0.0,0.0,0.0,430.0
2022-06-24 22:00:00,0.0,1340.0,3756.0,0.0,968.0,0.0,0.0,0.0,0.0,0.0,332.0
2022-06-24 23:00:00,0.0,1317.0,3649.0,0.0,302.0,0.0,0.0,0.0,0.0,0.0,266.0
2022-06-25 00:00:00,0.0,1329.0,3677.0,0.0,224.0,0.0,0.0,0.0,0.0,0.0,211.0
2022-06-25 01:00:00,0.0,1326.0,3476.0,0.0,151.0,0.0,0.0,0.0,0.0,0.0,180.0
2022-06-25 02:00:00,0.0,1310.0,3327.0,0.0,146.0,0.0,0.0,0.0,0.0,0.0,142.0
2022-06-25 03:00:00,0.0,1308.0,2981.0,0.0,295.0,0.0,0.0,0.0,0.0,0.0,177.0
2022-06-25 04:00:00,0.0,1345.0,2617.0,0.0,319.0,0.0,0.0,0.0,0.0,0.0,188.0
2022-06-25 05:00:00,0.0,1375.0,2238.0,0.0,466.0,0.0,0.0,0.0,42.0,0.0,218.0
2022-06-25 06:00:00,0.0,1386.0,2455.0,0.0,829.0,0.0,0.0,0.0,328.0,0.0,227.0
2022-06-25 07:00:00,0.0,1376.0,2366.0,0.0,864.0,0.0,0.0,0.0,935.0,0.0,221.0
2022-06-25 08:00:00,0.0,1353.0,2405.0,0.0,796.0,0.0,0.0,0.0,1627.0,0.0,212.0
2022-06-25 09:00:00,0.0,1356.0,2047.0,0.0,953.0,0.0,0.0,0.0,2156.0,0.0,231.0
2022-06-25 10:00:00,0.0,1355.0,1972.0,0.0,871.0,0.0,0.0,0.0,2586.0,0.0,272.0
2022-06-25 11:00:00,0.0,1234.0,1961.0,0.0,778.0,0.0,0.0,0.0,2841.0,0.0,323.0
2022-06-25 12:00:00,0.0,1182.0,1919.0,0.0,627.0,0.0,0.0,0.0,2916.0,0.0,421.0
2022-06-25 13:00:00,0.0,1302.0,2069.0,0.0,359.0,0.0,0.0,0.0,2829.0,0.0,505.0
2022-06-25 14:00:00,0.0,1278.0,2180.0,0.0,267.0,0.0,0.0,0.0,2542.0,0.0,541.0
2022-06-25 15:00:00,0.0,1223.0,2412.0,0.0,339.0,0.0,0.0,0.0,2064.0,0.0,598.0
2022-06-25 16:00:00,0.0,1147.0,2770.0,0.0,588.0,0.0,0.0,0.0,1509.0,0.0,600.0
2022-06-25 17:00:00,0.0,1345.0,3211.0,0.0,745.0,0.0,0.0,0.0,874.0,0.0,603.0
2022-06-25 18:00:00,0.0,1369.0,3582.0,0.0,967.0,0.0,0.0,0.0,339.0,0.0,648.0
2022-06-25 19:00:00,0.0,1383.0,3578.0,0.0,1262.0,0.0,0.0,0.0,57.0,0.0,670.0
2022-06-25 20:00:00,0.0,1413.0,3696.0,0.0,1306.0,0.0,0.0,0.0,0.0,0.0,702.0
2022-06-25 21:00:00,0.0,1415.0,3621.0,0.0,1117.0,0.0,0.0,0.0,0.0,0.0,745.0
2022-06-25 22:00:00,0.0,1385.0,3667.0,0.0,532.0,0.0,0.0,0.0,0.0,0.0,604.0
2022-06-25 23:00:00,0.0,1342.0,3429.0,0.0,133.0,0.0,0.0,0.0,0.0,0.0,715.0
2022-06-26 00:00:00,0.0,1221.0,3462.0,0.0,230.0,0.0,0.0,0.0,0.0,0.0,861.0
2022-06-26 01:00:00,0.0,1122.0,3266.0,0.0,197.0,0.0,0.0,0.0,0.0,0.0,810.0
2022-06-26 02:00:00,0.0,1119.0,2833.0,0.0,182.0,0.0,0.0,0.0,0.0,0.0,852.0
2022-06-26 03:00:00,0.0,1083.0,2441.0,0.0,125.0,0.0,0.0,0.0,0.0,0.0,974.0
2022-06-26 04:00:00,0.0,1068.0,2191.0,0.0,193.0,0.0,0.0,0.0,0.0,0.0,948.0
2022-06-26 05:00:00,0.0,977.0,2025.0,0.0,232.0,0.0,0.0,0.0,47.0,0.0,867.0
2022-06-26 06:00:00,0.0,1000.0,1965.0,0.0,322.0,0.0,0.0,0.0,334.0,0.0,872.0
2022-06-26 07:00:00,0.0,1079.0,2097.0,0.0,406.0,0.0,0.0,0.0,997.0,0.0,859.0
2022-06-26 08:00:00,0.0,1098.0,1927.0,0.0,430.0,0.0,0.0,0.0,1749.0,0.0,745.0
2022-06-26 09:00:00,0.0,1074.0,1817.0,0.0,386.0,0.0,0.0,0.0,2372.0,0.0,780.0
2022-06-26 10:00:00,0.0,936.0,1560.0,0.0,250.0,0.0,0.0,0.0,2867.0,0.0,926.0
2022-06-26 11:00:00,0.0,889.0,1576.0,0.0,268.0,0.0,0.0,0.0,3157.0,0.0,900.0
2022-06-26 12:00:00,0.0,892.0,1755.0,0.0,252.0,0.0,0.0,0.0,3227.0,0.0,876.0
2022-06-26 13:00:00,0.0,882.0,1635.0,0.0,180.0,0.0,0.0,0.0,3083.0,0.0,920.0
2022-06-26 14:00:00,0.0,870.0,1707.0,0.0,179.0,0.0,0.0,0.0,2754.0,0.0,1019.0
2022-06-26 15:00:00,0.0,877.0,1869.0,0.0,211.0,0.0,0.0,0.0,2323.0,0.0,1045.0
2022-06-26 16:00:00,0.0,851.0,2406.0,0.0,227.0,0.0,0.0,0.0,1754.0,0.0,1206.0
2022-06-26 17:00:00,0.0,952.0,2836.0,0.0,493.0,0.0,0.0,0.0,1047.0,0.0,1175.0
2022-06-26 18:00:00,0.0,1104.0,3281.0,0.0,1090.0,0.0,0.0,0.0,378.0,0.0,931.0
2022-06-26 19:00:00,0.0,1111.0,3479.0,0.0,1451.0,0.0,0.0,0.0,60.0,0.0,766.0
2022-06-26 20:00:00,0.0,1119.0,3682.0,0.0,1635.0,0.0,0.0,0.0,0.0,0.0,577.0
2022-06-26 21:00:00,0.0,1130.0,3838.0,0.0,1534.0,0.0,0.0,0.0,0.0,0.0,454.0
2022-06-26 22:00:00,0.0,1119.0,3901.0,0.0,1273.0,0.0,0.0,0.0,0.0,0.0,447.0
2022-06-26 23:00:00,0.0,1087.0,3900.0,0.0,383.0,0.0,0.0,0.0,0.0,0.0,447.0
2022-06-27 00:00:00,0.0,1064.0,3531.0,0.0,104.0,0.0,0.0,0.0,0.0,0.0,389.0
2022-06-27 01:00:00,0.0,1078.0,3194.0,0.0,132.0,0.0,0.0,0.0,0.0,0.0,381.0
2022-06-27 02:00:00,0.0,1120.0,2840.0,0.0,125.0,0.0,0.0,0.0,0.0,0.0,418.0
2022-06-27 03:00:00,0.0,1112.0,2828.0,0.0,128.0,0.0,0.0,0.0,0.0,0.0,451.0
2022-06-27 04:00:00,0.0,1087.0,2692.0,0.0,160.0,0.0,0.0,0.0,0.0,0.0,577.0
2022-06-27 05:00:00,0.0,1090.0,3009.0,0.0,196.0,0.0,0.0,0.0,50.0,0.0,696.0
2022-06-27 06:00:00,0.0,1122.0,3612.0,0.0,371.0,0.0,0.0,0.0,359.0,0.0,603.0
2022-06-27 07:00:00,0.0,1131.0,3712.0,0.0,685.0,0.0,0.0,0.0,1060.0,0.0,458.0
2022-06-27 08:00:00,0.0,1119.0,3622.0,0.0,684.0,0.0,0.0,0.0,1831.0,0.0,419.0
2022-06-27 09:00:00,0.0,1105.0,3391.0,0.0,381.0,0.0,0.0,0.0,2455.0,0.0,434.0
2022-06-27 10:00:00,0.0,1118.0,3285.0,0.0,319.0,0.0,0.0,0.0,2864.0,0.0,474.0
2022-06-27 11:00:00,0.0,1126.0,3239.0,0.0,284.0,0.0,0.0,0.0,3067.0,0.0,517.0
2022-06-27 12:00:00,0.0,1123.0,3318.0,0.0,284.0,0.0,0.0,0.0,3068.0,0.0,558.0
2022-06-27 13:00:00,0.0,1111.0,3319.0,0.0,217.0,0.0,0.0,0.0,2947.0,0.0,657.0
2022-06-27 14:00:00,0.0,1078.0,3422.0,0.0,223.0,0.0,0.0,0.0,2656.0,0.0,759.0
2022-06-27 15:00:00,0.0,1082.0,3617.0,0.0,479.0,0.0,0.0,0.0,2246.0,0.0,813.0
2022-06-27 16:00:00,0.0,1079.0,3776.0,0.0,720.0,0.0,0.0,0.0,1683.0,0.0,860.0
2022-06-27 17:00:00,0.0,1077.0,3860.0,0.0,1084.0,0.0,0.0,0.0,1022.0,0.0,869.0
2022-06-27 18:00:00,0.0,1051.0,3769.0,0.0,1562.0,0.0,0.0,0.0,380.0,0.0,861.0
2022-06-27 19:00:00,0.0,1033.0,3803.0,0.0,1981.0,0.0,0.0,0.0,67.0,0.0,736.0
2022-06-27 20:00:00,0.0,1033.0,3784.0,0.0,2138.0,0.0,0.0,0.0,0.0,0.0,699.0
2022-06-27 21:00:00,0.0,1022.0,3800.0,0.0,1791.0,0.0,0.0,0.0,0.0,0.0,677.0
2022-06-27 22:00:00,0.0,1038.0,3708.0,0.0,1227.0,0.0,0.0,0.0,0.0,0.0,584.0
2022-06-27 23:00:00,0.0,1040.0,3906.0,0.0,626.0,0.0,0.0,0.0,0.0,0.0,519.0
2022-06-28 00:00:00,0.0,1028.0,3568.0,0.0,103.0,0.0,0.0,0.0,0.0,0.0,532.0
2022-06-28 01:00:00,0.0,1037.0,3337.0,0.0,102.0,0.0,0.0,0.0,0.0,0.0,486.0
2022-06-28 02:00:00,0.0,1060.0,3345.0,0.0,102.0,0.0,0.0,0.0,0.0,0.0,505.0
2022-06-28 03:00:00,0.0,1070.0,3324.0,0.0,102.0,0.0,0.0,0.0,0.0,0.0,593.0
2022-06-28 04:00:00,0.0,1073.0,3302.0,0.0,140.0,0.0,0.0,0.0,0.0,0.0,660.0
2022-06-28 05:00:00,0.0,1076.0,3211.0,0.0,229.0,0.0,0.0,0.0,46.0,0.0,746.0
2022-06-28 06:00:00,0.0,1084.0,3188.0,0.0,377.0,0.0,0.0,0.0,349.0,0.0,808.0
2022-06-28 07:00:00,0.0,1087.0,3239.0,0.0,697.0,0.0,0.0,0.0,1051.0,0.0,850.0
2022-06-28 08:00:00,0.0,1077.0,3409.0,0.0,703.0,0.0,0.0,0.0,1806.0,0.0,896.0
2022-06-28 09:00:00,0.0,1049.0,3456.0,0.0,660.0,0.0,0.0,0.0,2439.0,0.0,1046.0
2022-06-28 10:00:00,0.0,1042.0,3205.0,0.0,477.0,0.0,0.0,0.0,2834.0,0.0,1151.0
2022-06-28 11:00:00,0.0,1034.0,3238.0,0.0,549.0,0.0,0.0,0.0,3060.0,0.0,1187.0
2022-06-28 12:00:00,0.0,1046.0,3515.0,0.0,473.0,0.0,0.0,0.0,3150.0,0.0,1172.0
2022-06-28 13:00:00,0.0,1039.0,3320.0,0.0,340.0,0.0,0.0,0.0,3074.0,0.0,1275.0
2022-06-28 14:00:00,0.0,1054.0,3286.0,0.0,359.0,0.0,0.0,0.0,2829.0,0.0,1344.0
2022-06-28 15:00:00,0.0,1055.0,3325.0,0.0,577.0,0.0,0.0,0.0,2390.0,0.0,1323.0
2022-06-28 16:00:00,0.0,1073.0,3395.0,0.0,899.0,0.0,0.0,0.0,1780.0,0.0,1231.0
2022-06-28 17:00:00,0.0,1100.0,3716.0,0.0,1561.0,0.0,0.0,0.0,1048.0,0.0,973.0
2022-06-28 18:00:00,0.0,1101.0,3913.0,0.0,1459.0,0.0,0.0,0.0,380.0,0.0,808.0
2022-06-28 19:00:00,0.0,1111.0,3989.0,0.0,1700.0,0.0,0.0,0.0,61.0,0.0,682.0
2022-06-28 20:00:00,0.0,1111.0,3989.0,0.0,1694.0,0.0,0.0,0.0,0.0,0.0,673.0
2022-06-28 21:00:00,0.0,1093.0,3779.0,0.0,1503.0,0.0,0.0,0.0,0.0,0.0,817.0
2022-06-28 22:00:00,0.0,1068.0,3512.0,0.0,1234.0,0.0,0.0,0.0,0.0,0.0,841.0
2022-06-28 23:00:00,0.0,1072.0,3378.0,0.0,528.0,0.0,0.0,0.0,0.0,0.0,804.0
2022-06-29 00:00:00,0.0,1093.0,3180.0,0.0,117.0,0.0,0.0,0.0,0.0,0.0,802.0
2022-06-29 01:00:00,0.0,1075.0,2915.0,0.0,119.0,0.0,0.0,0.0,0.0,0.0,1007.0
2022-06-29 02:00:00,0.0,1063.0,2645.0,0.0,127.0,0.0,0.0,0.0,0.0,0.0,1247.0
2022-06-29 03:00:00,0.0,1065.0,2620.0,0.0,106.0,0.0,0.0,0.0,0.0,0.0,1274.0
2022-06-29 04:00:00,0.0,1071.0,2732.0,0.0,170.0,0.0,0.0,0.0,0.0,0.0,1227.0
2022-06-29 05:00:00,0.0,1076.0,2826.0,0.0,271.0,0.0,0.0,0.0,54.0,0.0,1137.0
2022-06-29 06:00:00,0.0,1087.0,3051.0,0.0,633.0,0.0,0.0,0.0,341.0,0.0,1071.0
2022-06-29 07:00:00,0.0,1079.0,2908.0,0.0,925.0,0.0,0.0,0.0,988.0,0.0,1185.0
2022-06-29 08:00:00,0.0,1044.0,2596.0,0.0,919.0,0.0,0.0,0.0,1776.0,0.0,1215.0
2022-06-29 09:00:00,0.0,1062.0,2874.0,0.0,792.0,0.0,0.0,0.0,2447.0,0.0,1138.0
2022-06-29 10:00:00,0.0,1063.0,2916.0,0.0,502.0,0.0,0.0,0.0,2885.0,0.0,1035.0
2022-06-29 11:00:00,0.0,1057.0,2955.0,0.0,447.0,0.0,0.0,0.0,3091.0,0.0,990.0
2022-06-29 12:00:00,0.0,1054.0,3274.0,0.0,358.0,0.0,0.0,0.0,3151.0,0.0,953.0
2022-06-29 13:00:00,0.0,1061.0,3001.0,0.0,359.0,0.0,0.0,0.0,3065.0,0.0,995.0
2022-06-29 14:00:00,0.0,1059.0,2720.0,0.0,367.0,0.0,0.0,0.0,2852.0,0.0,1100.0
2022-06-29 15:00:00,0.0,1058.0,2786.0,0.0,426.0,0.0,0.0,0.0,2459.0,0.0,1152.0
2022-06-29 16:00:00,0.0,1059.0,3335.0,0.0,816.0,0.0,0.0,0.0,1880.0,0.0,1170.0
2022-06-29 17:00:00,0.0,1099.0,3496.0,0.0,1203.0,0.0,0.0,0.0,1132.0,0.0,1237.0
2022-06-29 18:00:00,0.0,1141.0,3443.0,0.0,1430.0,0.0,0.0,0.0,407.0,0.0,1115.0
2022-06-29 19:00:00,0.0,1150.0,3526.0,0.0,1518.0,0.0,0.0,0.0,66.0,0.0,983.0
2022-06-29 20:00:00,0.0,1138.0,3704.0,0.0,1537.0,0.0,0.0,0.0,0.0,0.0,948.0
2022-06-29 21:00:00,0.0,1137.0,3871.0,0.0,1443.0,0.0,0.0,0.0,0.0,0.0,847.0
2022-06-29 22:00:00,0.0,1130.0,3775.0,0.0,1184.0,0.0,0.0,0.0,0.0,0.0,804.0
2022-06-29 23:00:00,0.0,1121.0,3493.0,0.0,818.0,0.0,0.0,0.0,0.0,0.0,764.0
2022-06-30 00:00:00,0.0,1001.0,3796.0,0.0,132.0,0.0,0.0,0.0,0.0,0.0,664.0
2022-06-30 01:00:00,0.0,1048.0,3532.0,0.0,78.0,0.0,0.0,0.0,0.0,0.0,626.0
2022-06-30 02:00:00,0.0,1099.0,3472.0,0.0,93.0,0.0,0.0,0.0,0.0,0.0,640.0
2022-06-30 03:00:00,0.0,1093.0,3459.0,0.0,132.0,0.0,0.0,0.0,0.0,0.0,671.0
2022-06-30 04:00:00,0.0,1077.0,3607.0,0.0,135.0,0.0,0.0,0.0,0.0,0.0,722.0
2022-06-30 05:00:00,0.0,1091.0,3671.0,0.0,197.0,0.0,0.0,0.0,50.0,0.0,716.0
2022-06-30 06:00:00,0.0,1103.0,3888.0,0.0,611.0,0.0,0.0,0.0,368.0,0.0,710.0
2022-06-30 07:00:00,0.0,1100.0,3884.0,0.0,655.0,0.0,0.0,0.0,1087.0,0.0,685.0
2022-06-30 08:00:00,0.0,1108.0,3880.0,0.0,667.0,0.0,0.0,0.0,1879.0,0.0,704.0
2022-06-30 09:00:00,0.0,1091.0,3906.0,0.0,495.0,0.0,0.0,0.0,2509.0,0.0,877.0
2022-06-30 10:00:00,0.0,1076.0,3681.0,0.0,414.0,0.0,0.0,0.0,2945.0,0.0,1003.0
2022-06-30 11:00:00,0.0,1061.0,3661.0,0.0,359.0,0.0,0.0,0.0,3176.0,0.0,1025.0
2022-06-30 12:00:00,0.0,1080.0,3792.0,0.0,339.0,0.0,0.0,0.0,3256.0,0.0,968.0
2022-06-30 13:00:00,0.0,1092.0,3776.0,0.0,318.0,0.0,0.0,0.0,3173.0,0.0,1009.0
2022-06-30 14:00:00,0.0,1104.0,3748.0,0.0,381.0,0.0,0.0,0.0,2832.0,0.0,1068.0
2022-06-30 15:00:00,0.0,1113.0,3849.0,0.0,581.0,0.0,0.0,0.0,2160.0,0.0,1102.0
2022-06-30 16:00:00,0.0,1131.0,4004.0,0.0,845.0,0.0,0.0,0.0,1520.0,0.0,1197.0
2022-06-30 17:00:00,0.0,1130.0,4081.0,0.0,1148.0,0.0,0.0,0.0,880.0,0.0,1208.0
2022-06-30 18:00:00,0.0,1119.0,4005.0,0.0,1310.0,0.0,0.0,0.0,316.0,0.0,1078.0
2022-06-30 19:00:00,0.0,1156.0,4163.0,0.0,1853.0,0.0,0.0,0.0,51.0,0.0,976.0
2022-06-30 20:00:00,0.0,1149.0,4093.0,0.0,1895.0,0.0,0.0,0.0,0.0,0.0,1004.0
2022-06-30 21:00:00,0.0,1186.0,4071.0,0.0,1375.0,0.0,0.0,0.0,0.0,0.0,920.0
2022-06-30 22:00:00,0.0,1182.0,4037.0,0.0,919.0,0.0,0.0,0.0,0.0,0.0,914.0
2022-06-30 23:00:00,0.0,1224.0,3995.0,0.0,308.0,0.0,0.0,0.0,0.0,0.0,888.0
2022-07-01 00:00:00,0.0,1243.0,3536.0,0.0,155.0,0.0,0.0,0.0,0.0,0.0,859.0
2022-07-01 01:00:00,0.0,1272.0,3212.0,0.0,232.0,0.0,0.0,0.0,0.0,0.0,829.0
2022-07-01 02:00:00,0.0,1269.0,3192.0,0.0,219.0,0.0,0.0,0.0,0.0,0.0,808.0
2022-07-01 03:00:00,0.0,1245.0,3037.0,0.0,215.0,0.0,0.0,0.0,0.0,0.0,916.0
2022-07-01 04:00:00,0.0,1225.0,2984.0,0.0,270.0,0.0,0.0,0.0,1.0,0.0,1040.0
2022-07-01 05:00:00,0.0,1242.0,2838.0,0.0,285.0,0.0,0.0,0.0,33.0,0.0,1171.0
2022-07-01 06:00:00,0.0,1287.0,3081.0,0.0,595.0,0.0,0.0,0.0,300.0,0.0,1251.0
2022-07-01 07:00:00,0.0,1287.0,3127.0,0.0,905.0,0.0,0.0,0.0,913.0,0.0,1329.0
2022-07-01 08:00:00,0.0,1276.0,3260.0,0.0,854.0,0.0,0.0,0.0,1608.0,0.0,1418.0
2022-07-01 09:00:00,0.0,1144.0,3208.0,0.0,843.0,0.0,0.0,0.0,2172.0,0.0,1469.0
2022-07-01 10:00:00,0.0,1083.0,3376.0,0.0,574.0,0.0,0.0,0.0,2561.0,0.0,1515.0
2022-07-01 11:00:00,0.0,1081.0,3375.0,0.0,567.0,0.0,0.0,0.0,2743.0,0.0,1460.0
2022-07-01 12:00:00,0.0,1080.0,3607.0,0.0,474.0,0.0,0.0,0.0,2703.0,0.0,1351.0
2022-07-01 13:00:00,0.0,1086.0,3609.0,0.0,467.0,0.0,0.0,0.0,2561.0,0.0,1354.0
2022-07-01 14:00:00,0.0,1090.0,3762.0,0.0,453.0,0.0,0.0,0.0,2107.0,0.0,1336.0
2022-07-01 15:00:00,0.0,1076.0,3842.0,0.0,633.0,0.0,0.0,0.0,1692.0,0.0,1210.0
2022-07-01 16:00:00,0.0,1085.0,3917.0,0.0,1150.0,0.0,0.0,0.0,1169.0,0.0,1085.0
2022-07-01 17:00:00,0.0,1081.0,3809.0,0.0,1213.0,0.0,0.0,0.0,647.0,0.0,1087.0
2022-07-01 18:00:00,0.0,1084.0,3651.0,0.0,1383.0,0.0,0.0,0.0,267.0,0.0,1028.0
2022-07-01 19:00:00,0.0,1088.0,3874.0,0.0,1516.0,0.0,0.0,0.0,51.0,0.0,1086.0
2022-07-01 20:00:00,0.0,1091.0,3557.0,0.0,1492.0,0.0,0.0,0.0,1.0,0.0,1086.0
2022-07-01 21:00:00,0.0,1080.0,3842.0,0.0,1487.0,0.0,0.0,0.0,0.0,0.0,998.0
2022-07-01 22:00:00,0.0,1067.0,3799.0,0.0,1110.0,0.0,0.0,0.0,0.0,0.0,935.0
2022-07-01 23:00:00,0.0,1088.0,3890.0,0.0,900.0,0.0,0.0,0.0,0.0,0.0,840.0
2022-07-02 00:00:00,0.0,1057.0,3263.0,0.0,303.0,0.0,0.0,0.0,0.0,0.0,806.0
2022-07-02 01:00:00,0.0,1113.0,2808.0,0.0,253.0,0.0,0.0,0.0,0.0,0.0,758.0
2022-07-02 02:00:00,0.0,1151.0,2507.0,0.0,238.0,0.0,0.0,0.0,0.0,0.0,788.0
2022-07-02 03:00:00,0.0,1125.0,2455.0,0.0,110.0,0.0,0.0,0.0,0.0,0.0,853.0
2022-07-02 04:00:00,0.0,1139.0,2464.0,0.0,136.0,0.0,0.0,0.0,0.0,0.0,871.0
2022-07-02 05:00:00,0.0,1137.0,2277.0,0.0,333.0,0.0,0.0,0.0,30.0,0.0,904.0
2022-07-02 06:00:00,0.0,1106.0,2507.0,0.0,464.0,0.0,0.0,0.0,281.0,0.0,876.0
2022-07-02 07:00:00,0.0,1148.0,2697.0,0.0,507.0,0.0,0.0,0.0,879.0,0.0,823.0
2022-07-02 08:00:00,0.0,1095.0,2379.0,0.0,444.0,0.0,0.0,0.0,1563.0,0.0,893.0
2022-07-02 09:00:00,0.0,1083.0,2342.0,0.0,226.0,0.0,0.0,0.0,2110.0,0.0,1082.0
2022-07-02 10:00:00,0.0,997.0,2050.0,0.0,155.0,0.0,0.0,0.0,2512.0,0.0,1296.0
2022-07-02 11:00:00,0.0,955.0,2027.0,0.0,152.0,0.0,0.0,0.0,2723.0,0.0,1485.0
2022-07-02 12:00:00,0.0,985.0,2166.0,0.0,146.0,0.0,0.0,0.0,2770.0,0.0,1624.0
2022-07-02 13:00:00,0.0,897.0,2144.0,0.0,127.0,0.0,0.0,0.0,2658.0,0.0,1700.0
2022-07-02 14:00:00,0.0,885.0,2298.0,0.0,137.0,0.0,0.0,0.0,2380.0,0.0,1701.0
2022-07-02 15:00:00,0.0,891.0,2394.0,0.0,141.0,0.0,0.0,0.0,1967.0,0.0,1760.0
2022-07-02 16:00:00,0.0,923.0,2500.0,0.0,521.0,0.0,0.0,0.0,1425.0,0.0,1841.0
2022-07-02 17:00:00,0.0,1011.0,2920.0,0.0,715.0,0.0,0.0,0.0,865.0,0.0,1856.0
2022-07-02 18:00:00,0.0,1063.0,3496.0,0.0,1234.0,0.0,0.0,0.0,298.0,0.0,1831.0
2022-07-02 19:00:00,0.0,1121.0,3587.0,0.0,1424.0,0.0,0.0,0.0,37.0,0.0,1915.0
2022-07-02 20:00:00,0.0,1121.0,3660.0,0.0,1262.0,0.0,0.0,0.0,0.0,0.0,2068.0
2022-07-02 21:00:00,0.0,1136.0,3660.0,0.0,1243.0,0.0,0.0,0.0,0.0,0.0,2101.0
2022-07-02 22:00:00,0.0,1123.0,3449.0,0.0,992.0,0.0,0.0,0.0,0.0,0.0,2225.0
2022-07-02 23:00:00,0.0,1122.0,3355.0,0.0,397.0,0.0,0.0,0.0,0.0,0.0,2294.0
2022-07-03 00:00:00,0.0,1061.0,2472.0,0.0,83.0,0.0,0.0,0.0,0.0,0.0,2369.0
2022-07-03 01:00:00,0.0,955.0,1907.0,0.0,68.0,0.0,0.0,0.0,0.0,0.0,2450.0
2022-07-03 02:00:00,0.0,897.0,1270.0,0.0,108.0,0.0,0.0,0.0,0.0,0.0,2524.0
2022-07-03 03:00:00,0.0,912.0,1027.0,0.0,174.0,0.0,0.0,0.0,0.0,0.0,2500.0
2022-07-03 04:00:00,0.0,929.0,803.0,0.0,274.0,0.0,0.0,0.0,0.0,0.0,2536.0
2022-07-03 05:00:00,0.0,799.0,648.0,0.0,464.0,0.0,0.0,0.0,46.0,0.0,2529.0
2022-07-03 06:00:00,0.0,836.0,694.0,0.0,729.0,0.0,0.0,0.0,353.0,0.0,2469.0
2022-07-03 07:00:00,0.0,857.0,706.0,0.0,609.0,0.0,0.0,0.0,1042.0,0.0,2437.0
2022-07-03 08:00:00,0.0,552.0,661.0,0.0,629.0,0.0,0.0,0.0,1844.0,0.0,2539.0
2022-07-03 09:00:00,0.0,397.0,574.0,0.0,353.0,0.0,0.0,0.0,2491.0,0.0,2550.0
2022-07-03 10:00:00,0.0,391.0,540.0,0.0,227.0,0.0,0.0,0.0,2934.0,0.0,2561.0
2022-07-03 11:00:00,0.0,397.0,535.0,0.0,203.0,0.0,0.0,0.0,3195.0,0.0,2563.0
2022-07-03 12:00:00,0.0,397.0,553.0,0.0,200.0,0.0,0.0,0.0,3249.0,0.0,2549.0
2022-07-03 13:00:00,0.0,398.0,611.0,0.0,179.0,0.0,0.0,0.0,3196.0,0.0,2507.0
2022-07-03 14:00:00,0.0,495.0,738.0,0.0,170.0,0.0,0.0,0.0,2950.0,0.0,2482.0
2022-07-03 15:00:00,0.0,690.0,1022.0,0.0,161.0,0.0,0.0,0.0,2525.0,0.0,2419.0
2022-07-03 16:00:00,0.0,700.0,1542.0,0.0,166.0,0.0,0.0,0.0,1931.0,0.0,2333.0
2022-07-03 17:00:00,0.0,741.0,2038.0,0.0,420.0,0.0,0.0,0.0,1144.0,0.0,2209.0
2022-07-03 18:00:00,0.0,881.0,2736.0,0.0,1255.0,0.0,0.0,0.0,407.0,0.0,2187.0
2022-07-03 19:00:00,0.0,920.0,2899.0,0.0,1823.0,0.0,0.0,0.0,61.0,0.0,2170.0
2022-07-03 20:00:00,0.0,936.0,2822.0,0.0,1758.0,0.0,0.0,0.0,0.0,0.0,2293.0
2022-07-03 21:00:00,0.0,933.0,2909.0,0.0,1465.0,0.0,0.0,0.0,0.0,0.0,2304.0
2022-07-03 22:00:00,0.0,926.0,2874.0,0.0,808.0,0.0,0.0,0.0,0.0,0.0,2297.0
2022-07-03 23:00:00,0.0,920.0,2729.0,0.0,256.0,0.0,0.0,0.0,0.0,0.0,2307.0
2022-07-04 00:00:00,0.0,963.0,2690.0,0.0,93.0,0.0,0.0,0.0,0.0,0.0,2259.0
2022-07-04 01:00:00,0.0,959.0,2554.0,0.0,69.0,0.0,0.0,0.0,0.0,0.0,2247.0
2022-07-04 02:00:00,0.0,965.0,2432.0,0.0,68.0,0.0,0.0,0.0,0.0,0.0,2222.0
2022-07-04 03:00:00,0.0,994.0,2220.0,0.0,71.0,0.0,0.0,0.0,0.0,0.0,2342.0
2022-07-04 04:00:00,0.0,999.0,2221.0,0.0,194.0,0.0,0.0,0.0,0.0,0.0,2383.0
2022-07-04 05:00:00,0.0,1010.0,2557.0,0.0,342.0,0.0,0.0,0.0,44.0,0.0,2300.0
2022-07-04 06:00:00,0.0,1008.0,2843.0,0.0,641.0,0.0,0.0,0.0,352.0,0.0,2278.0
2022-07-04 07:00:00,0.0,981.0,3093.0,0.0,617.0,0.0,0.0,0.0,1069.0,0.0,2302.0
2022-07-04 08:00:00,0.0,975.0,2997.0,0.0,565.0,0.0,0.0,0.0,1880.0,0.0,2278.0
2022-07-04 09:00:00,0.0,990.0,3035.0,0.0,327.0,0.0,0.0,0.0,2528.0,0.0,2183.0
2022-07-04 10:00:00,0.0,1023.0,2916.0,0.0,187.0,0.0,0.0,0.0,2956.0,0.0,2184.0
2022-07-04 11:00:00,0.0,1030.0,2922.0,0.0,191.0,0.0,0.0,0.0,3221.0,0.0,2176.0
2022-07-04 12:00:00,0.0,1025.0,3013.0,0.0,218.0,0.0,0.0,0.0,3276.0,0.0,2160.0
2022-07-04 13:00:00,0.0,1026.0,2995.0,0.0,234.0,0.0,0.0,0.0,3202.0,0.0,2153.0
2022-07-04 14:00:00,0.0,1027.0,3028.0,0.0,234.0,0.0,0.0,0.0,2942.0,0.0,2140.0
2022-07-04 15:00:00,0.0,1022.0,3180.0,0.0,299.0,0.0,0.0,0.0,2522.0,0.0,2146.0
2022-07-04 16:00:00,0.0,1027.0,3427.0,0.0,475.0,0.0,0.0,0.0,1946.0,0.0,2093.0
2022-07-04 17:00:00,0.0,1026.0,3633.0,0.0,1023.0,0.0,0.0,0.0,1132.0,0.0,1802.0
2022-07-04 18:00:00,0.0,1028.0,3740.0,0.0,1651.0,0.0,0.0,0.0,405.0,0.0,1688.0
2022-07-04 19:00:00,0.0,1033.0,3754.0,0.0,1956.0,0.0,0.0,0.0,57.0,0.0,1628.0
2022-07-04 20:00:00,0.0,1042.0,3838.0,0.0,1983.0,0.0,0.0,0.0,0.0,0.0,1711.0
2022-07-04 21:00:00,0.0,1050.0,3884.0,0.0,1479.0,0.0,0.0,0.0,0.0,0.0,1784.0
2022-07-04 22:00:00,0.0,1055.0,3725.0,0.0,1200.0,0.0,0.0,0.0,0.0,0.0,1860.0
2022-07-04 23:00:00,0.0,1052.0,3301.0,0.0,701.0,0.0,0.0,0.0,0.0,0.0,1905.0
2022-07-05 00:00:00,0.0,1048.0,3300.0,0.0,419.0,0.0,0.0,0.0,0.0,0.0,1964.0
2022-07-05 01:00:00,0.0,1012.0,3319.0,0.0,349.0,0.0,0.0,0.0,0.0,0.0,2017.0
2022-07-05 02:00:00,0.0,1094.0,3196.0,0.0,320.0,0.0,0.0,0.0,0.0,0.0,2038.0
2022-07-05 03:00:00,0.0,1102.0,3140.0,0.0,276.0,0.0,0.0,0.0,0.0,0.0,2017.0
2022-07-05 04:00:00,0.0,1116.0,3045.0,0.0,337.0,0.0,0.0,0.0,0.0,0.0,2020.0
2022-07-05 05:00:00,0.0,1160.0,3038.0,0.0,358.0,0.0,0.0,0.0,40.0,0.0,2027.0
2022-07-05 06:00:00,0.0,1164.0,3083.0,0.0,814.0,0.0,0.0,0.0,339.0,0.0,2063.0
2022-07-05 07:00:00,0.0,1150.0,3123.0,0.0,861.0,0.0,0.0,0.0,1064.0,0.0,2012.0
2022-07-05 08:00:00,0.0,1135.0,3005.0,0.0,774.0,0.0,0.0,0.0,1876.0,0.0,2030.0
2022-07-05 09:00:00,0.0,1105.0,2823.0,0.0,647.0,0.0,0.0,0.0,2515.0,0.0,2059.0
2022-07-05 10:00:00,0.0,1125.0,2936.0,0.0,427.0,0.0,0.0,0.0,2959.0,0.0,2024.0
2022-07-05 11:00:00,0.0,1119.0,2784.0,0.0,281.0,0.0,0.0,0.0,3212.0,0.0,1976.0
2022-07-05 12:00:00,0.0,1138.0,3048.0,0.0,337.0,0.0,0.0,0.0,3295.0,0.0,1925.0
2022-07-05 13:00:00,0.0,1139.0,2992.0,0.0,354.0,0.0,0.0,0.0,3163.0,0.0,1909.0
2022-07-05 14:00:00,0.0,1146.0,3229.0,0.0,344.0,0.0,0.0,0.0,2902.0,0.0,1852.0
2022-07-05 15:00:00,0.0,1146.0,3309.0,0.0,368.0,0.0,0.0,0.0,2524.0,0.0,1795.0
2022-07-05 16:00:00,0.0,1162.0,3497.0,0.0,587.0,0.0,0.0,0.0,1887.0,0.0,1701.0
2022-07-05 17:00:00,0.0,1167.0,3781.0,0.0,815.0,0.0,0.0,0.0,1075.0,0.0,1479.0
2022-07-05 18:00:00,0.0,1181.0,3802.0,0.0,1688.0,0.0,0.0,0.0,370.0,0.0,1259.0
2022-07-05 19:00:00,0.0,1195.0,3968.0,0.0,1863.0,0.0,0.0,0.0,64.0,0.0,1119.0
2022-07-05 20:00:00,0.0,1206.0,4093.0,0.0,1719.0,0.0,0.0,0.0,0.0,0.0,1078.0
2022-07-05 21:00:00,0.0,1193.0,4130.0,0.0,1465.0,0.0,0.0,0.0,0.0,0.0,1036.0
2022-07-05 22:00:00,0.0,1178.0,4199.0,0.0,909.0,0.0,0.0,0.0,0.0,0.0,1044.0
2022-07-05 23:00:00,0.0,1190.0,4089.0,0.0,291.0,0.0,0.0,0.0,0.0,0.0,1186.0
2022-07-06 00:00:00,0.0,1171.0,4233.0,0.0,146.0,0.0,0.0,0.0,0.0,0.0,1123.0
2022-07-06 01:00:00,0.0,1183.0,4040.0,0.0,104.0,0.0,0.0,0.0,0.0,0.0,1140.0
2022-07-06 02:00:00,0.0,1158.0,3722.0,0.0,104.0,0.0,0.0,0.0,0.0,0.0,1185.0
2022-07-06 03:00:00,0.0,1176.0,3629.0,0.0,108.0,0.0,0.0,0.0,0.0,0.0,1175.0
2022-07-06 04:00:00,0.0,1184.0,3676.0,0.0,132.0,0.0,0.0,0.0,0.0,0.0,1229.0
2022-07-06 05:00:00,0.0,1205.0,3761.0,0.0,184.0,0.0,0.0,0.0,45.0,0.0,1195.0
2022-07-06 06:00:00,0.0,1203.0,3989.0,0.0,753.0,0.0,0.0,0.0,349.0,0.0,1021.0
2022-07-06 07:00:00,0.0,1213.0,3935.0,0.0,865.0,0.0,0.0,0.0,1031.0,0.0,881.0
2022-07-06 08:00:00,0.0,1211.0,3883.0,0.0,947.0,0.0,0.0,0.0,1816.0,0.0,808.0
2022-07-06 09:00:00,0.0,1197.0,3882.0,0.0,825.0,0.0,0.0,0.0,2464.0,0.0,784.0
2022-07-06 10:00:00,0.0,1194.0,3755.0,0.0,510.0,0.0,0.0,0.0,2932.0,0.0,852.0
2022-07-06 11:00:00,0.0,1197.0,3698.0,0.0,401.0,0.0,0.0,0.0,3207.0,0.0,924.0
2022-07-06 12:00:00,0.0,1184.0,3592.0,0.0,422.0,0.0,0.0,0.0,3276.0,0.0,1042.0
2022-07-06 13:00:00,0.0,1169.0,3581.0,0.0,335.0,0.0,0.0,0.0,3144.0,0.0,1096.0
2022-07-06 14:00:00,0.0,1170.0,3528.0,0.0,340.0,0.0,0.0,0.0,2887.0,0.0,1111.0
2022-07-06 15:00:00,0.0,1173.0,3523.0,0.0,364.0,0.0,0.0,0.0,2363.0,0.0,1144.0
2022-07-06 16:00:00,0.0,1167.0,3629.0,0.0,427.0,0.0,0.0,0.0,1750.0,0.0,1061.0
2022-07-06 17:00:00,0.0,1178.0,3910.0,0.0,743.0,0.0,0.0,0.0,1030.0,0.0,963.0
2022-07-06 18:00:00,0.0,1180.0,4218.0,0.0,1068.0,0.0,0.0,0.0,325.0,0.0,881.0
2022-07-06 19:00:00,0.0,1202.0,4230.0,0.0,1326.0,0.0,0.0,0.0,48.0,0.0,810.0
2022-07-06 20:00:00,0.0,1187.0,4233.0,0.0,1457.0,0.0,0.0,0.0,0.0,0.0,712.0
2022-07-06 21:00:00,0.0,1203.0,4297.0,0.0,1200.0,0.0,0.0,0.0,0.0,0.0,714.0
2022-07-06 22:00:00,0.0,1185.0,4184.0,0.0,880.0,0.0,0.0,0.0,0.0,0.0,700.0
2022-07-06 23:00:00,0.0,1191.0,4182.0,0.0,350.0,0.0,0.0,0.0,0.0,0.0,703.0
2022-07-07 00:00:00,0.0,1188.0,3787.0,0.0,92.0,0.0,0.0,0.0,0.0,0.0,689.0
2022-07-07 01:00:00,0.0,1180.0,3359.0,0.0,79.0,0.0,0.0,0.0,0.0,0.0,757.0
2022-07-07 02:00:00,0.0,1178.0,3148.0,0.0,79.0,0.0,0.0,0.0,0.0,0.0,898.0
2022-07-07 03:00:00,0.0,1172.0,2902.0,0.0,79.0,0.0,0.0,0.0,0.0,0.0,1084.0
2022-07-07 04:00:00,0.0,1068.0,2771.0,0.0,105.0,0.0,0.0,0.0,0.0,0.0,1272.0
2022-07-07 05:00:00,0.0,1103.0,2679.0,0.0,154.0,0.0,0.0,0.0,40.0,0.0,1330.0
2022-07-07 06:00:00,0.0,1179.0,2904.0,0.0,673.0,0.0,0.0,0.0,325.0,0.0,1257.0
2022-07-07 07:00:00,0.0,1215.0,3372.0,0.0,731.0,0.0,0.0,0.0,1008.0,0.0,1186.0
2022-07-07 08:00:00,0.0,1224.0,3532.0,0.0,756.0,0.0,0.0,0.0,1814.0,0.0,1098.0
2022-07-07 09:00:00,0.0,1212.0,3609.0,0.0,779.0,0.0,0.0,0.0,2455.0,0.0,902.0
2022-07-07 10:00:00,0.0,1210.0,3673.0,0.0,592.0,0.0,0.0,0.0,2941.0,0.0,686.0
2022-07-07 11:00:00,0.0,1198.0,3822.0,0.0,332.0,0.0,0.0,0.0,3198.0,0.0,580.0
2022-07-07 12:00:00,0.0,1203.0,3725.0,0.0,330.0,0.0,0.0,0.0,3251.0,0.0,633.0
2022-07-07 13:00:00,0.0,1192.0,3681.0,0.0,311.0,0.0,0.0,0.0,3163.0,0.0,635.0
2022-07-07 14:00:00,0.0,1193.0,3697.0,0.0,284.0,0.0,0.0,0.0,2917.0,0.0,675.0
2022-07-07 15:00:00,0.0,1192.0,3794.0,0.0,290.0,0.0,0.0,0.0,2485.0,0.0,685.0
2022-07-07 16:00:00,0.0,1197.0,3820.0,0.0,330.0,0.0,0.0,0.0,1868.0,0.0,713.0
2022-07-07 17:00:00,0.0,1214.0,4143.0,0.0,683.0,0.0,0.0,0.0,1098.0,0.0,677.0
2022-07-07 18:00:00,0.0,1255.0,4208.0,0.0,1179.0,0.0,0.0,0.0,396.0,0.0,618.0
2022-07-07 19:00:00,0.0,1247.0,4047.0,0.0,1228.0,0.0,0.0,0.0,59.0,0.0,679.0
2022-07-07 20:00:00,0.0,1219.0,3955.0,0.0,1390.0,0.0,0.0,0.0,0.0,0.0,640.0
2022-07-07 21:00:00,0.0,1242.0,3998.0,0.0,1463.0,0.0,0.0,0.0,0.0,0.0,453.0
2022-07-07 22:00:00,0.0,1217.0,4048.0,0.0,1053.0,0.0,0.0,0.0,0.0,0.0,383.0
2022-07-07 23:00:00,0.0,1228.0,4077.0,0.0,652.0,0.0,0.0,0.0,0.0,0.0,322.0
2022-07-08 00:00:00,0.0,1220.0,3691.0,0.0,100.0,0.0,0.0,0.0,0.0,0.0,359.0
2022-07-08 01:00:00,0.0,1211.0,3739.0,0.0,81.0,0.0,0.0,0.0,0.0,0.0,300.0
2022-07-08 02:00:00,0.0,1209.0,3566.0,0.0,79.0,0.0,0.0,0.0,0.0,0.0,244.0
2022-07-08 03:00:00,0.0,1207.0,3491.0,0.0,80.0,0.0,0.0,0.0,0.0,0.0,206.0
2022-07-08 04:00:00,0.0,1209.0,3510.0,0.0,106.0,0.0,0.0,0.0,0.0,0.0,195.0
2022-07-08 05:00:00,0.0,1201.0,3642.0,0.0,198.0,0.0,0.0,0.0,24.0,0.0,189.0
2022-07-08 06:00:00,0.0,1188.0,3892.0,0.0,900.0,0.0,0.0,0.0,268.0,0.0,137.0
2022-07-08 07:00:00,0.0,1174.0,3850.0,0.0,1091.0,0.0,0.0,0.0,810.0,0.0,141.0
2022-07-08 08:00:00,0.0,1143.0,3784.0,0.0,852.0,0.0,0.0,0.0,1517.0,0.0,142.0
2022-07-08 09:00:00,0.0,1161.0,3712.0,0.0,576.0,0.0,0.0,0.0,2012.0,0.0,146.0
2022-07-08 10:00:00,0.0,1191.0,3647.0,0.0,330.0,0.0,0.0,0.0,2317.0,0.0,169.0
2022-07-08 11:00:00,0.0,1205.0,3574.0,0.0,329.0,0.0,0.0,0.0,2418.0,0.0,258.0
2022-07-08 12:00:00,0.0,1223.0,3459.0,0.0,342.0,0.0,0.0,0.0,2281.0,0.0,420.0
2022-07-08 13:00:00,0.0,1234.0,3309.0,0.0,281.0,0.0,0.0,0.0,2160.0,0.0,462.0
2022-07-08 14:00:00,0.0,1239.0,3478.0,0.0,320.0,0.0,0.0,0.0,1603.0,0.0,670.0
2022-07-08 15:00:00,0.0,1233.0,3409.0,0.0,278.0,0.0,0.0,0.0,1384.0,0.0,792.0
2022-07-08 16:00:00,0.0,1227.0,3182.0,0.0,378.0,0.0,0.0,0.0,1148.0,0.0,795.0
2022-07-08 17:00:00,0.0,1230.0,3220.0,0.0,818.0,0.0,0.0,0.0,751.0,0.0,578.0
2022-07-08 18:00:00,0.0,1226.0,3488.0,0.0,1303.0,0.0,0.0,0.0,291.0,0.0,504.0
2022-07-08 19:00:00,0.0,1221.0,3380.0,0.0,1432.0,0.0,0.0,0.0,39.0,0.0,630.0
2022-07-08 20:00:00,0.0,1221.0,3546.0,0.0,1479.0,0.0,0.0,0.0,0.0,0.0,495.0
2022-07-08 21:00:00,0.0,1227.0,3804.0,0.0,1278.0,0.0,0.0,0.0,0.0,0.0,509.0
2022-07-08 22:00:00,0.0,1226.0,3742.0,0.0,781.0,0.0,0.0,0.0,0.0,0.0,623.0
2022-07-08 23:00:00,0.0,1253.0,3864.0,0.0,399.0,0.0,0.0,0.0,0.0,0.0,612.0
2022-07-09 00:00:00,0.0,1155.0,2942.0,0.0,68.0,0.0,0.0,0.0,0.0,0.0,633.0
2022-07-09 01:00:00,0.0,997.0,2434.0,0.0,67.0,0.0,0.0,0.0,0.0,0.0,995.0
2022-07-09 02:00:00,0.0,931.0,2438.0,0.0,115.0,0.0,0.0,0.0,0.0,0.0,1011.0
2022-07-09 03:00:00,0.0,930.0,2230.0,0.0,81.0,0.0,0.0,0.0,0.0,0.0,1149.0
2022-07-09 04:00:00,0.0,930.0,1951.0,0.0,92.0,0.0,0.0,0.0,0.0,0.0,1283.0
2022-07-09 05:00:00,0.0,924.0,1709.0,0.0,182.0,0.0,0.0,0.0,10.0,0.0,1309.0
2022-07-09 06:00:00,0.0,846.0,1505.0,0.0,480.0,0.0,0.0,0.0,116.0,0.0,1420.0
2022-07-09 07:00:00,0.0,772.0,1535.0,0.0,640.0,0.0,0.0,0.0,407.0,0.0,1402.0
2022-07-09 08:00:00,0.0,734.0,1552.0,0.0,543.0,0.0,0.0,0.0,770.0,0.0,1373.0
2022-07-09 09:00:00,0.0,762.0,1621.0,0.0,384.0,0.0,0.0,0.0,1096.0,0.0,1239.0
2022-07-09 10:00:00,0.0,733.0,1344.0,0.0,191.0,0.0,0.0,0.0,1341.0,0.0,1311.0
2022-07-09 11:00:00,0.0,740.0,1322.0,0.0,157.0,0.0,0.0,0.0,1505.0,0.0,1303.0
2022-07-09 12:00:00,0.0,755.0,1176.0,0.0,117.0,0.0,0.0,0.0,1586.0,0.0,1377.0
2022-07-09 13:00:00,0.0,768.0,949.0,0.0,157.0,0.0,0.0,0.0,1452.0,0.0,1523.0
2022-07-09 14:00:00,0.0,784.0,1168.0,0.0,167.0,0.0,0.0,0.0,1201.0,0.0,1597.0
2022-07-09 15:00:00,0.0,793.0,1307.0,0.0,213.0,0.0,0.0,0.0,997.0,0.0,1738.0
2022-07-09 16:00:00,0.0,821.0,1599.0,0.0,276.0,0.0,0.0,0.0,787.0,0.0,1694.0
2022-07-09 17:00:00,0.0,727.0,1638.0,0.0,691.0,0.0,0.0,0.0,424.0,0.0,1736.0
2022-07-09 18:00:00,0.0,707.0,1381.0,0.0,1111.0,0.0,0.0,0.0,143.0,0.0,1890.0
2022-07-09 19:00:00,0.0,641.0,1102.0,0.0,1468.0,0.0,0.0,0.0,19.0,0.0,2057.0
2022-07-09 20:00:00,0.0,591.0,1062.0,0.0,1408.0,0.0,0.0,0.0,0.0,0.0,2303.0
2022-07-09 21:00:00,0.0,572.0,1173.0,0.0,1254.0,0.0,0.0,0.0,0.0,0.0,2272.0
2022-07-09 22:00:00,0.0,564.0,1176.0,0.0,788.0,0.0,0.0,0.0,0.0,0.0,2239.0
2022-07-09 23:00:00,0.0,601.0,1282.0,0.0,235.0,0.0,0.0,0.0,0.0,0.0,2318.0
2022-07-10 00:00:00,0.0,611.0,991.0,0.0,82.0,0.0,0.0,0.0,0.0,0.0,2300.0
2022-07-10 01:00:00,0.0,643.0,927.0,0.0,90.0,0.0,0.0,0.0,0.0,0.0,2142.0
2022-07-10 02:00:00,0.0,639.0,877.0,0.0,62.0,0.0,0.0,0.0,0.0,0.0,2159.0
2022-07-10 03:00:00,0.0,578.0,637.0,0.0,47.0,0.0,0.0,0.0,0.0,0.0,2238.0
2022-07-10 04:00:00,0.0,609.0,602.0,0.0,47.0,0.0,0.0,0.0,0.0,0.0,2188.0
2022-07-10 05:00:00,0.0,635.0,572.0,0.0,47.0,0.0,0.0,0.0,32.0,0.0,2112.0
2022-07-10 06:00:00,0.0,702.0,283.0,0.0,172.0,0.0,0.0,0.0,304.0,0.0,1909.0
2022-07-10 07:00:00,0.0,650.0,232.0,0.0,266.0,0.0,0.0,0.0,983.0,0.0,1675.0
2022-07-10 08:00:00,0.0,579.0,234.0,0.0,238.0,0.0,0.0,0.0,1785.0,0.0,1610.0
2022-07-10 09:00:00,0.0,540.0,231.0,0.0,109.0,0.0,0.0,0.0,2442.0,0.0,1573.0
2022-07-10 10:00:00,0.0,541.0,233.0,0.0,86.0,0.0,0.0,0.0,2861.0,0.0,1509.0
2022-07-10 11:00:00,0.0,543.0,232.0,0.0,101.0,0.0,0.0,0.0,3042.0,0.0,1404.0
2022-07-10 12:00:00,0.0,540.0,241.0,0.0,98.0,0.0,0.0,0.0,3019.0,0.0,1271.0
2022-07-10 13:00:00,0.0,541.0,231.0,0.0,74.0,0.0,0.0,0.0,2943.0,0.0,1201.0
2022-07-10 14:00:00,0.0,544.0,236.0,0.0,73.0,0.0,0.0,0.0,2629.0,0.0,1093.0
2022-07-10 15:00:00,0.0,558.0,256.0,0.0,78.0,0.0,0.0,0.0,2151.0,0.0,964.0
2022-07-10 16:00:00,0.0,598.0,614.0,0.0,421.0,0.0,0.0,0.0,1694.0,0.0,810.0
2022-07-10 17:00:00,0.0,646.0,1702.0,0.0,794.0,0.0,0.0,0.0,1030.0,0.0,614.0
2022-07-10 18:00:00,0.0,711.0,2237.0,0.0,1072.0,0.0,0.0,0.0,372.0,0.0,498.0
2022-07-10 19:00:00,0.0,731.0,2981.0,0.0,1345.0,0.0,0.0,0.0,58.0,0.0,455.0
2022-07-10 20:00:00,0.0,728.0,3191.0,0.0,1373.0,0.0,0.0,0.0,0.0,0.0,432.0
2022-07-10 21:00:00,0.0,731.0,3419.0,0.0,1377.0,0.0,0.0,0.0,0.0,0.0,373.0
2022-07-10 22:00:00,0.0,720.0,3370.0,0.0,1039.0,0.0,0.0,0.0,0.0,0.0,370.0
2022-07-10 23:00:00,0.0,728.0,3301.0,0.0,767.0,0.0,0.0,0.0,0.0,0.0,392.0
2022-07-11 00:00:00,0.0,733.0,3431.0,0.0,192.0,0.0,0.0,0.0,0.0,0.0,448.0
2022-07-11 01:00:00,0.0,730.0,3303.0,0.0,39.0,0.0,0.0,0.0,0.0,0.0,456.0
2022-07-11 02:00:00,0.0,733.0,3068.0,0.0,39.0,0.0,0.0,0.0,0.0,0.0,504.0
2022-07-11 03:00:00,0.0,732.0,2860.0,0.0,39.0,0.0,0.0,0.0,0.0,0.0,567.0
2022-07-11 04:00:00,0.0,733.0,2963.0,0.0,65.0,0.0,0.0,0.0,0.0,0.0,669.0
2022-07-11 05:00:00,0.0,729.0,3400.0,0.0,131.0,0.0,0.0,0.0,30.0,0.0,864.0
2022-07-11 06:00:00,0.0,732.0,3221.0,0.0,415.0,0.0,0.0,0.0,281.0,0.0,920.0
2022-07-11 07:00:00,0.0,733.0,3238.0,0.0,502.0,0.0,0.0,0.0,918.0,0.0,930.0
2022-07-11 08:00:00,0.0,730.0,3044.0,0.0,405.0,0.0,0.0,0.0,1714.0,0.0,1050.0
2022-07-11 09:00:00,0.0,730.0,2886.0,0.0,255.0,0.0,0.0,0.0,2439.0,0.0,1003.0
2022-07-11 10:00:00,0.0,730.0,2782.0,0.0,186.0,0.0,0.0,0.0,2963.0,0.0,918.0
2022-07-11 11:00:00,0.0,731.0,2796.0,0.0,237.0,0.0,0.0,0.0,3220.0,0.0,827.0
2022-07-11 12:00:00,0.0,730.0,2859.0,0.0,272.0,0.0,0.0,0.0,3250.0,0.0,760.0
2022-07-11 13:00:00,0.0,729.0,2945.0,0.0,261.0,0.0,0.0,0.0,3066.0,0.0,705.0
2022-07-11 14:00:00,0.0,724.0,3053.0,0.0,201.0,0.0,0.0,0.0,2756.0,0.0,645.0
2022-07-11 15:00:00,0.0,725.0,3179.0,0.0,286.0,0.0,0.0,0.0,2301.0,0.0,618.0
2022-07-11 16:00:00,0.0,722.0,3263.0,0.0,521.0,0.0,0.0,0.0,1736.0,0.0,565.0
2022-07-11 17:00:00,0.0,714.0,3556.0,0.0,694.0,0.0,0.0,0.0,1028.0,0.0,499.0
2022-07-11 18:00:00,0.0,730.0,3663.0,0.0,1235.0,0.0,0.0,0.0,375.0,0.0,489.0
2022-07-11 19:00:00,0.0,751.0,3742.0,0.0,1385.0,0.0,0.0,0.0,58.0,0.0,464.0
2022-07-11 20:00:00,0.0,748.0,3920.0,0.0,1511.0,0.0,0.0,0.0,0.0,0.0,375.0
2022-07-11 21:00:00,0.0,756.0,3755.0,0.0,1312.0,0.0,0.0,0.0,0.0,0.0,317.0
2022-07-11 22:00:00,0.0,752.0,3856.0,0.0,914.0,0.0,0.0,0.0,0.0,0.0,366.0
2022-07-11 23:00:00,0.0,754.0,3794.0,0.0,596.0,0.0,0.0,0.0,0.0,0.0,451.0
2022-07-12 00:00:00,0.0,733.0,3969.0,0.0,52.0,0.0,0.0,0.0,0.0,0.0,508.0
2022-07-12 01:00:00,0.0,732.0,3967.0,0.0,47.0,0.0,0.0,0.0,0.0,0.0,564.0
2022-07-12 02:00:00,0.0,732.0,3936.0,0.0,47.0,0.0,0.0,0.0,0.0,0.0,620.0
2022-07-12 03:00:00,0.0,731.0,3836.0,0.0,49.0,0.0,0.0,0.0,0.0,0.0,716.0
2022-07-12 04:00:00,0.0,733.0,3721.0,0.0,128.0,0.0,0.0,0.0,0.0,0.0,827.0
2022-07-12 05:00:00,0.0,731.0,3735.0,0.0,245.0,0.0,0.0,0.0,35.0,0.0,891.0
2022-07-12 06:00:00,0.0,731.0,3660.0,0.0,454.0,0.0,0.0,0.0,321.0,0.0,891.0
2022-07-12 07:00:00,0.0,729.0,3894.0,0.0,588.0,0.0,0.0,0.0,1028.0,0.0,777.0
2022-07-12 08:00:00,0.0,725.0,3689.0,0.0,358.0,0.0,0.0,0.0,1862.0,0.0,784.0
2022-07-12 09:00:00,0.0,717.0,3475.0,0.0,276.0,0.0,0.0,0.0,2570.0,0.0,784.0
2022-07-12 10:00:00,0.0,710.0,3272.0,0.0,236.0,0.0,0.0,0.0,3059.0,0.0,746.0
2022-07-12 11:00:00,0.0,713.0,3292.0,0.0,245.0,0.0,0.0,0.0,3307.0,0.0,615.0
2022-07-12 12:00:00,0.0,709.0,3451.0,0.0,214.0,0.0,0.0,0.0,3355.0,0.0,604.0
2022-07-12 13:00:00,0.0,711.0,3313.0,0.0,189.0,0.0,0.0,0.0,3276.0,0.0,613.0
2022-07-12 14:00:00,0.0,718.0,3269.0,0.0,206.0,0.0,0.0,0.0,3018.0,0.0,640.0
2022-07-12 15:00:00,0.0,715.0,3468.0,0.0,311.0,0.0,0.0,0.0,2592.0,0.0,617.0
2022-07-12 16:00:00,0.0,702.0,3811.0,0.0,523.0,0.0,0.0,0.0,1952.0,0.0,566.0
2022-07-12 17:00:00,0.0,706.0,3813.0,0.0,602.0,0.0,0.0,0.0,1164.0,0.0,556.0
2022-07-12 18:00:00,0.0,711.0,3934.0,0.0,1122.0,0.0,0.0,0.0,402.0,0.0,565.0
2022-07-12 19:00:00,0.0,714.0,4000.0,0.0,1171.0,0.0,0.0,0.0,59.0,0.0,592.0
2022-07-12 20:00:00,0.0,683.0,3961.0,0.0,1381.0,0.0,0.0,0.0,0.0,0.0,597.0
2022-07-12 21:00:00,0.0,687.0,3847.0,0.0,1232.0,0.0,0.0,0.0,0.0,0.0,605.0
2022-07-12 22:00:00,0.0,684.0,3864.0,0.0,1182.0,0.0,0.0,0.0,0.0,0.0,642.0
2022-07-12 23:00:00,0.0,683.0,3957.0,0.0,831.0,0.0,0.0,0.0,0.0,0.0,720.0
2022-07-13 00:00:00,0.0,628.0,4023.0,0.0,326.0,0.0,0.0,0.0,0.0,0.0,829.0
2022-07-13 01:00:00,0.0,481.0,3763.0,0.0,92.0,0.0,0.0,0.0,0.0,0.0,962.0
2022-07-13 02:00:00,0.0,484.0,3732.0,0.0,46.0,0.0,0.0,0.0,0.0,0.0,1140.0
2022-07-13 03:00:00,0.0,484.0,3487.0,0.0,47.0,0.0,0.0,0.0,0.0,0.0,1295.0
2022-07-13 04:00:00,0.0,485.0,3543.0,0.0,72.0,0.0,0.0,0.0,0.0,0.0,1362.0
2022-07-13 05:00:00,0.0,486.0,3683.0,0.0,164.0,0.0,0.0,0.0,39.0,0.0,1389.0
2022-07-13 06:00:00,0.0,497.0,3823.0,0.0,339.0,0.0,0.0,0.0,314.0,0.0,1336.0
2022-07-13 07:00:00,0.0,528.0,3860.0,0.0,454.0,0.0,0.0,0.0,947.0,0.0,1319.0
2022-07-13 08:00:00,0.0,627.0,3608.0,0.0,396.0,0.0,0.0,0.0,1725.0,0.0,1332.0
2022-07-13 09:00:00,0.0,638.0,3331.0,0.0,263.0,0.0,0.0,0.0,2392.0,0.0,1198.0
2022-07-13 10:00:00,0.0,655.0,3333.0,0.0,185.0,0.0,0.0,0.0,2839.0,0.0,1049.0
2022-07-13 11:00:00,0.0,656.0,3336.0,0.0,269.0,0.0,0.0,0.0,3066.0,0.0,982.0
2022-07-13 12:00:00,0.0,651.0,3440.0,0.0,291.0,0.0,0.0,0.0,3024.0,0.0,1035.0
2022-07-13 13:00:00,0.0,654.0,3329.0,0.0,264.0,0.0,0.0,0.0,2933.0,0.0,1083.0
2022-07-13 14:00:00,0.0,630.0,3244.0,0.0,278.0,0.0,0.0,0.0,2684.0,0.0,1118.0
2022-07-13 15:00:00,0.0,632.0,3342.0,0.0,273.0,0.0,0.0,0.0,2254.0,0.0,1186.0
2022-07-13 16:00:00,0.0,645.0,3432.0,0.0,488.0,0.0,0.0,0.0,1728.0,0.0,1151.0
2022-07-13 17:00:00,0.0,645.0,3660.0,0.0,581.0,0.0,0.0,0.0,1066.0,0.0,1182.0
2022-07-13 18:00:00,0.0,650.0,3259.0,0.0,1252.0,0.0,0.0,0.0,400.0,0.0,1257.0
2022-07-13 19:00:00,0.0,672.0,3250.0,0.0,1548.0,0.0,0.0,0.0,58.0,0.0,1270.0
2022-07-13 20:00:00,0.0,707.0,3285.0,0.0,1387.0,0.0,0.0,0.0,0.0,0.0,1357.0
2022-07-13 21:00:00,0.0,708.0,3290.0,0.0,1296.0,0.0,0.0,0.0,0.0,0.0,1501.0
2022-07-13 22:00:00,0.0,694.0,3250.0,0.0,931.0,0.0,0.0,0.0,0.0,0.0,1646.0
2022-07-13 23:00:00,0.0,693.0,3489.0,0.0,530.0,0.0,0.0,0.0,0.0,0.0,1736.0
2022-07-14 00:00:00,0.0,695.0,3091.0,0.0,104.0,0.0,0.0,0.0,0.0,0.0,1783.0
2022-07-14 01:00:00,0.0,693.0,2994.0,0.0,69.0,0.0,0.0,0.0,0.0,0.0,1924.0
2022-07-14 02:00:00,0.0,690.0,2622.0,0.0,68.0,0.0,0.0,0.0,0.0,0.0,2093.0
2022-07-14 03:00:00,0.0,691.0,2503.0,0.0,68.0,0.0,0.0,0.0,0.0,0.0,2217.0
2022-07-14 04:00:00,0.0,689.0,2594.0,0.0,97.0,0.0,0.0,0.0,0.0,0.0,2196.0
2022-07-14 05:00:00,0.0,690.0,2691.0,0.0,229.0,0.0,0.0,0.0,20.0,0.0,2282.0
2022-07-14 06:00:00,0.0,698.0,2848.0,0.0,351.0,0.0,0.0,0.0,260.0,0.0,2295.0
2022-07-14 07:00:00,0.0,699.0,2871.0,0.0,446.0,0.0,0.0,0.0,923.0,0.0,2328.0
2022-07-14 08:00:00,0.0,700.0,2315.0,0.0,436.0,0.0,0.0,0.0,1688.0,0.0,2361.0
2022-07-14 09:00:00,0.0,694.0,1824.0,0.0,365.0,0.0,0.0,0.0,2306.0,0.0,2400.0
2022-07-14 10:00:00,0.0,691.0,1593.0,0.0,280.0,0.0,0.0,0.0,2732.0,0.0,2391.0
2022-07-14 11:00:00,0.0,685.0,1417.0,0.0,361.0,0.0,0.0,0.0,2966.0,0.0,2307.0
2022-07-14 12:00:00,0.0,675.0,1378.0,0.0,337.0,0.0,0.0,0.0,3049.0,0.0,2334.0
2022-07-14 13:00:00,0.0,669.0,1448.0,0.0,247.0,0.0,0.0,0.0,2993.0,0.0,2257.0
2022-07-14 14:00:00,0.0,669.0,1487.0,0.0,231.0,0.0,0.0,0.0,2782.0,0.0,2234.0
2022-07-14 15:00:00,0.0,656.0,1622.0,0.0,241.0,0.0,0.0,0.0,2384.0,0.0,2243.0
2022-07-14 16:00:00,0.0,630.0,2270.0,0.0,394.0,0.0,0.0,0.0,1802.0,0.0,2198.0
2022-07-14 17:00:00,0.0,644.0,2980.0,0.0,631.0,0.0,0.0,0.0,1062.0,0.0,2190.0
2022-07-14 18:00:00,0.0,655.0,3218.0,0.0,1077.0,0.0,0.0,0.0,348.0,0.0,2199.0
2022-07-14 19:00:00,0.0,666.0,3293.0,0.0,1172.0,0.0,0.0,0.0,44.0,0.0,2189.0
2022-07-14 20:00:00,0.0,667.0,3404.0,0.0,1141.0,0.0,0.0,0.0,0.0,0.0,2209.0
2022-07-14 21:00:00,0.0,679.0,3302.0,0.0,1076.0,0.0,0.0,0.0,0.0,0.0,2264.0
2022-07-14 22:00:00,0.0,676.0,3214.0,0.0,899.0,0.0,0.0,0.0,0.0,0.0,2318.0
2022-07-14 23:00:00,0.0,673.0,3008.0,0.0,632.0,0.0,0.0,0.0,0.0,0.0,2441.0
2022-07-15 00:00:00,0.0,658.0,2447.0,0.0,130.0,0.0,0.0,0.0,0.0,0.0,2553.0
2022-07-15 01:00:00,0.0,671.0,2425.0,0.0,79.0,0.0,0.0,0.0,0.0,0.0,2543.0
2022-07-15 02:00:00,0.0,668.0,2539.0,0.0,79.0,0.0,0.0,0.0,0.0,0.0,2515.0
2022-07-15 03:00:00,0.0,664.0,2485.0,0.0,79.0,0.0,0.0,0.0,0.0,0.0,2512.0
2022-07-15 04:00:00,0.0,666.0,2538.0,0.0,107.0,0.0,0.0,0.0,0.0,0.0,2455.0
2022-07-15 05:00:00,0.0,671.0,2672.0,0.0,257.0,0.0,0.0,0.0,19.0,0.0,2386.0
2022-07-15 06:00:00,0.0,674.0,2813.0,0.0,479.0,0.0,0.0,0.0,265.0,0.0,2358.0
2022-07-15 07:00:00,0.0,706.0,2887.0,0.0,549.0,0.0,0.0,0.0,934.0,0.0,2235.0
2022-07-15 08:00:00,0.0,716.0,2790.0,0.0,523.0,0.0,0.0,0.0,1698.0,0.0,2181.0
2022-07-15 09:00:00,0.0,690.0,2498.0,0.0,450.0,0.0,0.0,0.0,2306.0,0.0,2078.0
2022-07-15 10:00:00,0.0,698.0,2334.0,0.0,362.0,0.0,0.0,0.0,2711.0,0.0,1970.0
2022-07-15 11:00:00,0.0,685.0,2373.0,0.0,315.0,0.0,0.0,0.0,2949.0,0.0,1894.0
2022-07-15 12:00:00,0.0,672.0,2499.0,0.0,291.0,0.0,0.0,0.0,3005.0,0.0,1781.0
2022-07-15 13:00:00,0.0,694.0,2522.0,0.0,299.0,0.0,0.0,0.0,2939.0,0.0,1717.0
2022-07-15 14:00:00,0.0,700.0,2570.0,0.0,333.0,0.0,0.0,0.0,2719.0,0.0,1667.0
2022-07-15 15:00:00,0.0,688.0,2909.0,0.0,262.0,0.0,0.0,0.0,2322.0,0.0,1660.0
2022-07-15 16:00:00,0.0,693.0,3189.0,0.0,495.0,0.0,0.0,0.0,1750.0,0.0,1621.0
2022-07-15 17:00:00,0.0,693.0,3479.0,0.0,602.0,0.0,0.0,0.0,1039.0,0.0,1620.0
2022-07-15 18:00:00,0.0,685.0,3678.0,0.0,1067.0,0.0,0.0,0.0,350.0,0.0,1631.0
2022-07-15 19:00:00,0.0,681.0,3592.0,0.0,1128.0,0.0,0.0,0.0,46.0,0.0,1575.0
2022-07-15 20:00:00,0.0,698.0,3764.0,0.0,1185.0,0.0,0.0,0.0,0.0,0.0,1466.0
2022-07-15 21:00:00,0.0,704.0,3786.0,0.0,1090.0,0.0,0.0,0.0,0.0,0.0,1370.0
2022-07-15 22:00:00,0.0,705.0,3859.0,0.0,962.0,0.0,0.0,0.0,0.0,0.0,1172.0
2022-07-15 23:00:00,0.0,706.0,3856.0,0.0,557.0,0.0,0.0,0.0,0.0,0.0,1101.0
2022-07-16 00:00:00,0.0,690.0,3347.0,0.0,302.0,0.0,0.0,0.0,0.0,0.0,1091.0
2022-07-16 01:00:00,0.0,687.0,3222.0,0.0,201.0,0.0,0.0,0.0,0.0,0.0,1138.0
2022-07-16 02:00:00,0.0,693.0,2866.0,0.0,199.0,0.0,0.0,0.0,0.0,0.0,1151.0
2022-07-16 03:00:00,0.0,692.0,2578.0,0.0,322.0,0.0,0.0,0.0,0.0,0.0,1171.0
2022-07-16 04:00:00,0.0,693.0,2713.0,0.0,260.0,0.0,0.0,0.0,0.0,0.0,1100.0
2022-07-16 05:00:00,0.0,694.0,2744.0,0.0,227.0,0.0,0.0,0.0,21.0,0.0,1095.0
2022-07-16 06:00:00,0.0,713.0,2859.0,0.0,311.0,0.0,0.0,0.0,308.0,0.0,1066.0
2022-07-16 07:00:00,0.0,717.0,2699.0,0.0,438.0,0.0,0.0,0.0,1160.0,0.0,1017.0
2022-07-16 08:00:00,0.0,728.0,2582.0,0.0,486.0,0.0,0.0,0.0,2198.0,0.0,1011.0
2022-07-16 09:00:00,0.0,714.0,2540.0,0.0,332.0,0.0,0.0,0.0,3055.0,0.0,1094.0
2022-07-16 10:00:00,0.0,699.0,2111.0,0.0,214.0,0.0,0.0,0.0,3654.0,0.0,1195.0
2022-07-16 11:00:00,0.0,710.0,2196.0,0.0,236.0,0.0,0.0,0.0,4004.0,0.0,1210.0
2022-07-16 12:00:00,0.0,718.0,2248.0,0.0,330.0,0.0,0.0,0.0,4113.0,0.0,1202.0
2022-07-16 13:00:00,0.0,711.0,2344.0,0.0,220.0,0.0,0.0,0.0,4018.0,0.0,1196.0
2022-07-16 14:00:00,0.0,700.0,2281.0,0.0,175.0,0.0,0.0,0.0,3709.0,0.0,1233.0
2022-07-16 15:00:00,0.0,689.0,2511.0,0.0,263.0,0.0,0.0,0.0,3160.0,0.0,1292.0
2022-07-16 16:00:00,0.0,701.0,2929.0,0.0,443.0,0.0,0.0,0.0,2360.0,0.0,1284.0
2022-07-16 17:00:00,0.0,697.0,3473.0,0.0,792.0,0.0,0.0,0.0,1366.0,0.0,1122.0
2022-07-16 18:00:00,0.0,716.0,3760.0,0.0,1253.0,0.0,0.0,0.0,435.0,0.0,982.0
2022-07-16 19:00:00,0.0,727.0,3871.0,0.0,1466.0,0.0,0.0,0.0,52.0,0.0,944.0
2022-07-16 20:00:00,0.0,717.0,3888.0,0.0,1364.0,0.0,0.0,0.0,0.0,0.0,982.0
2022-07-16 21:00:00,0.0,714.0,3900.0,0.0,1263.0,0.0,0.0,0.0,0.0,0.0,946.0
2022-07-16 22:00:00,0.0,701.0,3923.0,0.0,1141.0,0.0,0.0,0.0,0.0,0.0,876.0
2022-07-16 23:00:00,0.0,689.0,3933.0,0.0,828.0,0.0,0.0,0.0,0.0,0.0,901.0
2022-07-17 00:00:00,0.0,690.0,3504.0,0.0,318.0,0.0,0.0,0.0,0.0,0.0,926.0
2022-07-17 01:00:00,0.0,692.0,3255.0,0.0,323.0,0.0,0.0,0.0,0.0,0.0,888.0
2022-07-17 02:00:00,0.0,688.0,2941.0,0.0,293.0,0.0,0.0,0.0,0.0,0.0,953.0
2022-07-17 03:00:00,0.0,694.0,2659.0,0.0,352.0,0.0,0.0,0.0,0.0,0.0,1010.0
2022-07-17 04:00:00,0.0,687.0,2528.0,0.0,347.0,0.0,0.0,0.0,0.0,0.0,1071.0
2022-07-17 05:00:00,0.0,677.0,2235.0,0.0,360.0,0.0,0.0,0.0,36.0,0.0,1212.0
2022-07-17 06:00:00,0.0,691.0,2125.0,0.0,341.0,0.0,0.0,0.0,397.0,0.0,1276.0
2022-07-17 07:00:00,0.0,698.0,2223.0,0.0,303.0,0.0,0.0,0.0,1402.0,0.0,1227.0
2022-07-17 08:00:00,0.0,700.0,1801.0,0.0,298.0,0.0,0.0,0.0,2664.0,0.0,1276.0
2022-07-17 09:00:00,0.0,660.0,1560.0,0.0,275.0,0.0,0.0,0.0,3724.0,0.0,1405.0
2022-07-17 10:00:00,0.0,654.0,1493.0,0.0,215.0,0.0,0.0,0.0,4483.0,0.0,1458.0
2022-07-17 11:00:00,0.0,647.0,1393.0,0.0,287.0,0.0,0.0,0.0,4933.0,0.0,1571.0
2022-07-17 12:00:00,0.0,595.0,1343.0,0.0,249.0,0.0,0.0,0.0,5058.0,0.0,1720.0
2022-07-17 13:00:00,0.0,585.0,1348.0,0.0,234.0,0.0,0.0,0.0,4920.0,0.0,1786.0
2022-07-17 14:00:00,0.0,614.0,1547.0,0.0,288.0,0.0,0.0,0.0,4478.0,0.0,1765.0
2022-07-17 15:00:00,0.0,668.0,1864.0,0.0,335.0,0.0,0.0,0.0,3575.0,0.0,1696.0
2022-07-17 16:00:00,0.0,681.0,2418.0,0.0,353.0,0.0,0.0,0.0,2700.0,0.0,1665.0
2022-07-17 17:00:00,0.0,677.0,2908.0,0.0,639.0,0.0,0.0,0.0,1603.0,0.0,1644.0
2022-07-17 18:00:00,0.0,667.0,3461.0,0.0,932.0,0.0,0.0,0.0,572.0,0.0,1609.0
2022-07-17 19:00:00,0.0,683.0,3616.0,0.0,1218.0,0.0,0.0,0.0,92.0,0.0,1501.0
2022-07-17 20:00:00,0.0,686.0,3622.0,0.0,1327.0,0.0,0.0,0.0,0.0,0.0,1451.0
2022-07-17 21:00:00,0.0,689.0,3655.0,0.0,1311.0,0.0,0.0,0.0,0.0,0.0,1425.0
2022-07-17 22:00:00,0.0,673.0,3709.0,0.0,1008.0,0.0,0.0,0.0,0.0,0.0,1468.0
2022-07-17 23:00:00,0.0,661.0,3631.0,0.0,721.0,0.0,0.0,0.0,0.0,0.0,1503.0
2022-07-18 00:00:00,0.0,673.0,3352.0,0.0,180.0,0.0,0.0,0.0,0.0,0.0,1582.0
2022-07-18 01:00:00,0.0,680.0,3040.0,0.0,122.0,0.0,0.0,0.0,0.0,0.0,1680.0
2022-07-18 02:00:00,0.0,669.0,2735.0,0.0,122.0,0.0,0.0,0.0,0.0,0.0,1889.0
2022-07-18 03:00:00,0.0,646.0,2715.0,0.0,123.0,0.0,0.0,0.0,0.0,0.0,2018.0
2022-07-18 04:00:00,0.0,650.0,2482.0,0.0,149.0,0.0,0.0,0.0,0.0,0.0,2089.0
2022-07-18 05:00:00,0.0,668.0,2616.0,0.0,194.0,0.0,0.0,0.0,28.0,0.0,2082.0
2022-07-18 06:00:00,0.0,663.0,3187.0,0.0,633.0,0.0,0.0,0.0,291.0,0.0,2037.0
2022-07-18 07:00:00,0.0,656.0,3602.0,0.0,816.0,0.0,0.0,0.0,897.0,0.0,2012.0
2022-07-18 08:00:00,0.0,660.0,3439.0,0.0,689.0,0.0,0.0,0.0,1657.0,0.0,2147.0
2022-07-18 09:00:00,0.0,668.0,3099.0,0.0,487.0,0.0,0.0,0.0,2330.0,0.0,2164.0
2022-07-18 10:00:00,0.0,668.0,2979.0,0.0,396.0,0.0,0.0,0.0,2814.0,0.0,2158.0
2022-07-18 11:00:00,0.0,666.0,3018.0,0.0,318.0,0.0,0.0,0.0,3083.0,0.0,2130.0
2022-07-18 12:00:00,0.0,675.0,3036.0,0.0,267.0,0.0,0.0,0.0,3215.0,0.0,2168.0
2022-07-18 13:00:00,0.0,661.0,3119.0,0.0,251.0,0.0,0.0,0.0,3202.0,0.0,2183.0
2022-07-18 14:00:00,0.0,674.0,3117.0,0.0,270.0,0.0,0.0,0.0,2925.0,0.0,2136.0
2022-07-18 15:00:00,0.0,683.0,3202.0,0.0,271.0,0.0,0.0,0.0,2509.0,0.0,2173.0
2022-07-18 16:00:00,0.0,780.0,3239.0,0.0,537.0,0.0,0.0,0.0,1904.0,0.0,2257.0
2022-07-18 17:00:00,0.0,846.0,3372.0,0.0,1084.0,0.0,0.0,0.0,1116.0,0.0,2233.0
2022-07-18 18:00:00,0.0,892.0,3398.0,0.0,1345.0,0.0,0.0,0.0,394.0,0.0,2196.0
2022-07-18 19:00:00,0.0,918.0,3356.0,0.0,1374.0,0.0,0.0,0.0,54.0,0.0,2159.0
2022-07-18 20:00:00,0.0,944.0,3284.0,0.0,1465.0,0.0,0.0,0.0,0.0,0.0,2201.0
2022-07-18 21:00:00,0.0,942.0,3374.0,0.0,1150.0,0.0,0.0,0.0,0.0,0.0,2261.0
2022-07-18 22:00:00,0.0,972.0,3312.0,0.0,1077.0,0.0,0.0,0.0,0.0,0.0,2297.0
2022-07-18 23:00:00,0.0,966.0,3480.0,0.0,541.0,0.0,0.0,0.0,0.0,0.0,2309.0
2022-07-19 00:00:00,0.0,969.0,3246.0,0.0,245.0,0.0,0.0,0.0,0.0,0.0,2311.0
2022-07-19 01:00:00,0.0,991.0,2977.0,0.0,216.0,0.0,0.0,0.0,0.0,0.0,2383.0
2022-07-19 02:00:00,0.0,970.0,2775.0,0.0,123.0,0.0,0.0,0.0,0.0,0.0,2494.0
2022-07-19 03:00:00,0.0,937.0,2674.0,0.0,122.0,0.0,0.0,0.0,0.0,0.0,2518.0
2022-07-19 04:00:00,0.0,918.0,2694.0,0.0,147.0,0.0,0.0,0.0,0.0,0.0,2516.0
2022-07-19 05:00:00,0.0,936.0,2825.0,0.0,213.0,0.0,0.0,0.0,24.0,0.0,2587.0
2022-07-19 06:00:00,0.0,947.0,2920.0,0.0,613.0,0.0,0.0,0.0,279.0,0.0,2548.0
2022-07-19 07:00:00,0.0,936.0,3032.0,0.0,704.0,0.0,0.0,0.0,912.0,0.0,2519.0
2022-07-19 08:00:00,0.0,945.0,2733.0,0.0,628.0,0.0,0.0,0.0,1697.0,0.0,2569.0
2022-07-19 09:00:00,0.0,916.0,2388.0,0.0,456.0,0.0,0.0,0.0,2368.0,0.0,2598.0
2022-07-19 10:00:00,0.0,902.0,2302.0,0.0,262.0,0.0,0.0,0.0,2795.0,0.0,2602.0
2022-07-19 11:00:00,0.0,900.0,2108.0,0.0,260.0,0.0,0.0,0.0,3094.0,0.0,2589.0
2022-07-19 12:00:00,0.0,898.0,2217.0,0.0,248.0,0.0,0.0,0.0,3228.0,0.0,2547.0
2022-07-19 13:00:00,0.0,908.0,2179.0,0.0,219.0,0.0,0.0,0.0,3231.0,0.0,2503.0
2022-07-19 14:00:00,0.0,883.0,2015.0,0.0,201.0,0.0,0.0,0.0,3025.0,0.0,2497.0
2022-07-19 15:00:00,0.0,826.0,2125.0,0.0,264.0,0.0,0.0,0.0,2586.0,0.0,2498.0
2022-07-19 16:00:00,0.0,834.0,2551.0,0.0,355.0,0.0,0.0,0.0,1983.0,0.0,2486.0
2022-07-19 17:00:00,0.0,872.0,2895.0,0.0,856.0,0.0,0.0,0.0,1177.0,0.0,2462.0
2022-07-19 18:00:00,0.0,897.0,3339.0,0.0,1081.0,0.0,0.0,0.0,395.0,0.0,2429.0
2022-07-19 19:00:00,0.0,906.0,3352.0,0.0,1165.0,0.0,0.0,0.0,54.0,0.0,2390.0
2022-07-19 20:00:00,0.0,906.0,3438.0,0.0,1105.0,0.0,0.0,0.0,0.0,0.0,2423.0
2022-07-19 21:00:00,0.0,911.0,3275.0,0.0,1093.0,0.0,0.0,0.0,0.0,0.0,2387.0
2022-07-19 22:00:00,0.0,912.0,3256.0,0.0,1062.0,0.0,0.0,0.0,0.0,0.0,2404.0
2022-07-19 23:00:00,0.0,912.0,3231.0,0.0,566.0,0.0,0.0,0.0,0.0,0.0,2443.0
2022-07-20 00:00:00,0.0,914.0,3199.0,0.0,193.0,0.0,0.0,0.0,0.0,0.0,2475.0
2022-07-20 01:00:00,0.0,914.0,2822.0,0.0,122.0,0.0,0.0,0.0,0.0,0.0,2550.0
2022-07-20 02:00:00,0.0,913.0,2539.0,0.0,122.0,0.0,0.0,0.0,0.0,0.0,2616.0
2022-07-20 03:00:00,0.0,914.0,2443.0,0.0,124.0,0.0,0.0,0.0,0.0,0.0,2655.0
2022-07-20 04:00:00,0.0,916.0,2468.0,0.0,199.0,0.0,0.0,0.0,0.0,0.0,2619.0
2022-07-20 05:00:00,0.0,918.0,2667.0,0.0,233.0,0.0,0.0,0.0,25.0,0.0,2617.0
2022-07-20 06:00:00,0.0,914.0,2702.0,0.0,544.0,0.0,0.0,0.0,299.0,0.0,2604.0
2022-07-20 07:00:00,0.0,917.0,2806.0,0.0,509.0,0.0,0.0,0.0,1041.0,0.0,2603.0
2022-07-20 08:00:00,0.0,908.0,2358.0,0.0,500.0,0.0,0.0,0.0,1894.0,0.0,2591.0
2022-07-20 09:00:00,0.0,853.0,2099.0,0.0,411.0,0.0,0.0,0.0,2574.0,0.0,2553.0
2022-07-20 10:00:00,0.0,838.0,2110.0,0.0,240.0,0.0,0.0,0.0,3029.0,0.0,2508.0
2022-07-20 11:00:00,0.0,837.0,2130.0,0.0,205.0,0.0,0.0,0.0,3278.0,0.0,2488.0
2022-07-20 12:00:00,0.0,862.0,2072.0,0.0,220.0,0.0,0.0,0.0,3381.0,0.0,2486.0
2022-07-20 13:00:00,0.0,890.0,1991.0,0.0,178.0,0.0,0.0,0.0,3385.0,0.0,2451.0
2022-07-20 14:00:00,0.0,866.0,2020.0,0.0,179.0,0.0,0.0,0.0,3141.0,0.0,2426.0
2022-07-20 15:00:00,0.0,834.0,2186.0,0.0,233.0,0.0,0.0,0.0,2677.0,0.0,2382.0
2022-07-20 16:00:00,0.0,891.0,2518.0,0.0,515.0,0.0,0.0,0.0,2020.0,0.0,2294.0
2022-07-20 17:00:00,0.0,940.0,2929.0,0.0,944.0,0.0,0.0,0.0,1185.0,0.0,2207.0
2022-07-20 18:00:00,0.0,948.0,3383.0,0.0,1232.0,0.0,0.0,0.0,393.0,0.0,2129.0
2022-07-20 19:00:00,0.0,967.0,3569.0,0.0,1270.0,0.0,0.0,0.0,49.0,0.0,2091.0
2022-07-20 20:00:00,0.0,971.0,3701.0,0.0,1314.0,0.0,0.0,0.0,0.0,0.0,2084.0
2022-07-20 21:00:00,0.0,981.0,3501.0,0.0,1112.0,0.0,0.0,0.0,0.0,0.0,2072.0
2022-07-20 22:00:00,0.0,950.0,3580.0,0.0,985.0,0.0,0.0,0.0,0.0,0.0,2052.0
2022-07-20 23:00:00,0.0,947.0,3603.0,0.0,475.0,0.0,0.0,0.0,0.0,0.0,2028.0
2022-07-21 00:00:00,0.0,915.0,3465.0,0.0,187.0,0.0,0.0,0.0,0.0,0.0,2054.0
2022-07-21 01:00:00,0.0,912.0,3298.0,0.0,122.0,0.0,0.0,0.0,0.0,0.0,2039.0
2022-07-21 02:00:00,0.0,889.0,3211.0,0.0,122.0,0.0,0.0,0.0,0.0,0.0,1962.0
2022-07-21 03:00:00,0.0,886.0,3146.0,0.0,122.0,0.0,0.0,0.0,0.0,0.0,1861.0
2022-07-21 04:00:00,0.0,893.0,3069.0,0.0,195.0,0.0,0.0,0.0,0.0,0.0,1827.0
2022-07-21 05:00:00,0.0,902.0,3260.0,0.0,243.0,0.0,0.0,0.0,23.0,0.0,1762.0
2022-07-21 06:00:00,0.0,913.0,3318.0,0.0,639.0,0.0,0.0,0.0,295.0,0.0,1613.0
2022-07-21 07:00:00,0.0,933.0,3271.0,0.0,717.0,0.0,0.0,0.0,1013.0,0.0,1468.0
2022-07-21 08:00:00,0.0,936.0,3086.0,0.0,655.0,0.0,0.0,0.0,1843.0,0.0,1518.0
2022-07-21 09:00:00,0.0,948.0,3047.0,0.0,406.0,0.0,0.0,0.0,2510.0,0.0,1574.0
2022-07-21 10:00:00,0.0,966.0,2978.0,0.0,396.0,0.0,0.0,0.0,2968.0,0.0,1608.0
2022-07-21 11:00:00,0.0,952.0,2904.0,0.0,414.0,0.0,0.0,0.0,3232.0,0.0,1649.0
2022-07-21 12:00:00,0.0,947.0,2972.0,0.0,438.0,0.0,0.0,0.0,3316.0,0.0,1606.0
2022-07-21 13:00:00,0.0,944.0,3075.0,0.0,269.0,0.0,0.0,0.0,3237.0,0.0,1553.0
2022-07-21 14:00:00,0.0,937.0,3276.0,0.0,270.0,0.0,0.0,0.0,2994.0,0.0,1486.0
2022-07-21 15:00:00,0.0,958.0,3466.0,0.0,429.0,0.0,0.0,0.0,2557.0,0.0,1396.0
2022-07-21 16:00:00,0.0,978.0,3662.0,0.0,761.0,0.0,0.0,0.0,1928.0,0.0,1294.0
2022-07-21 17:00:00,0.0,1027.0,3796.0,0.0,1374.0,0.0,0.0,0.0,1144.0,0.0,1174.0
2022-07-21 18:00:00,0.0,1015.0,3939.0,0.0,2026.0,0.0,0.0,0.0,384.0,0.0,1009.0
2022-07-21 19:00:00,0.0,1032.0,4049.0,0.0,1830.0,0.0,0.0,0.0,51.0,0.0,918.0
2022-07-21 20:00:00,0.0,1032.0,4121.0,0.0,1638.0,0.0,0.0,0.0,0.0,0.0,990.0
2022-07-21 21:00:00,0.0,1020.0,4087.0,0.0,1566.0,0.0,0.0,0.0,0.0,0.0,1012.0
2022-07-21 22:00:00,0.0,1011.0,4018.0,0.0,1589.0,0.0,0.0,0.0,0.0,0.0,879.0
2022-07-21 23:00:00,0.0,1024.0,3992.0,0.0,917.0,0.0,0.0,0.0,0.0,0.0,779.0
2022-07-22 00:00:00,0.0,1011.0,4011.0,0.0,434.0,0.0,0.0,0.0,0.0,0.0,757.0
2022-07-22 01:00:00,0.0,1000.0,4057.0,0.0,670.0,0.0,0.0,0.0,0.0,0.0,685.0
2022-07-22 02:00:00,0.0,1004.0,4103.0,0.0,613.0,0.0,0.0,0.0,0.0,0.0,609.0
2022-07-22 03:00:00,0.0,1018.0,4025.0,0.0,579.0,0.0,0.0,0.0,0.0,0.0,582.0
2022-07-22 04:00:00,0.0,1003.0,4122.0,0.0,572.0,0.0,0.0,0.0,0.0,0.0,557.0
2022-07-22 05:00:00,0.0,1005.0,4114.0,0.0,563.0,0.0,0.0,0.0,16.0,0.0,517.0
2022-07-22 06:00:00,0.0,1049.0,4169.0,0.0,748.0,0.0,0.0,0.0,246.0,0.0,491.0
2022-07-22 07:00:00,0.0,1111.0,4019.0,0.0,839.0,0.0,0.0,0.0,868.0,0.0,370.0
2022-07-22 08:00:00,0.0,1130.0,4000.0,0.0,846.0,0.0,0.0,0.0,1616.0,0.0,302.0
2022-07-22 09:00:00,0.0,1110.0,4145.0,0.0,838.0,0.0,0.0,0.0,2224.0,0.0,287.0
2022-07-22 10:00:00,0.0,1122.0,4108.0,0.0,717.0,0.0,0.0,0.0,2651.0,0.0,317.0
2022-07-22 11:00:00,0.0,1125.0,4099.0,0.0,634.0,0.0,0.0,0.0,2904.0,0.0,440.0
2022-07-22 12:00:00,0.0,1131.0,4076.0,0.0,619.0,0.0,0.0,0.0,2996.0,0.0,528.0
2022-07-22 13:00:00,0.0,1156.0,4001.0,0.0,603.0,0.0,0.0,0.0,2916.0,0.0,601.0
2022-07-22 14:00:00,0.0,1168.0,4020.0,0.0,628.0,0.0,0.0,0.0,2693.0,0.0,663.0
2022-07-22 15:00:00,0.0,1227.0,3924.0,0.0,428.0,0.0,0.0,0.0,2285.0,0.0,667.0
2022-07-22 16:00:00,0.0,1223.0,4021.0,0.0,734.0,0.0,0.0,0.0,1714.0,0.0,677.0
2022-07-22 17:00:00,0.0,1280.0,4210.0,0.0,1767.0,0.0,0.0,0.0,994.0,0.0,631.0
2022-07-22 18:00:00,0.0,1285.0,4424.0,0.0,2119.0,0.0,0.0,0.0,327.0,0.0,553.0
2022-07-22 19:00:00,0.0,1343.0,4492.0,0.0,2080.0,0.0,0.0,0.0,39.0,0.0,553.0
2022-07-22 20:00:00,0.0,1384.0,4510.0,0.0,1919.0,0.0,0.0,0.0,0.0,0.0,595.0
2022-07-22 21:00:00,0.0,1329.0,4473.0,0.0,1507.0,0.0,0.0,0.0,0.0,0.0,616.0
2022-07-22 22:00:00,0.0,1336.0,4433.0,0.0,1398.0,0.0,0.0,0.0,0.0,0.0,593.0
2022-07-22 23:00:00,0.0,1320.0,4332.0,0.0,894.0,0.0,0.0,0.0,0.0,0.0,567.0
2022-07-23 00:00:00,0.0,1309.0,4236.0,0.0,393.0,0.0,0.0,0.0,0.0,0.0,535.0
2022-07-23 01:00:00,0.0,1311.0,4291.0,0.0,373.0,0.0,0.0,0.0,0.0,0.0,549.0
2022-07-23 02:00:00,0.0,1310.0,4183.0,0.0,200.0,0.0,0.0,0.0,0.0,0.0,631.0
2022-07-23 03:00:00,0.0,1315.0,4218.0,0.0,209.0,0.0,0.0,0.0,0.0,0.0,627.0
2022-07-23 04:00:00,0.0,1349.0,4176.0,0.0,339.0,0.0,0.0,0.0,0.0,0.0,588.0
2022-07-23 05:00:00,0.0,1331.0,4111.0,0.0,476.0,0.0,0.0,0.0,14.0,0.0,599.0
2022-07-23 06:00:00,0.0,1335.0,4163.0,0.0,679.0,0.0,0.0,0.0,234.0,0.0,677.0
2022-07-23 07:00:00,0.0,1371.0,3917.0,0.0,658.0,0.0,0.0,0.0,824.0,0.0,729.0
2022-07-23 08:00:00,0.0,1333.0,3860.0,0.0,643.0,0.0,0.0,0.0,1552.0,0.0,807.0
2022-07-23 09:00:00,0.0,1324.0,3599.0,0.0,471.0,0.0,0.0,0.0,2159.0,0.0,942.0
2022-07-23 10:00:00,0.0,1346.0,3422.0,0.0,214.0,0.0,0.0,0.0,2585.0,0.0,1115.0
2022-07-23 11:00:00,0.0,1266.0,3514.0,0.0,273.0,0.0,0.0,0.0,2836.0,0.0,1167.0
2022-07-23 12:00:00,0.0,1200.0,3514.0,0.0,266.0,0.0,0.0,0.0,2920.0,0.0,1202.0
2022-07-23 13:00:00,0.0,1050.0,3655.0,0.0,350.0,0.0,0.0,0.0,2850.0,0.0,1206.0
2022-07-23 14:00:00,0.0,1034.0,3557.0,0.0,455.0,0.0,0.0,0.0,2607.0,0.0,1229.0
2022-07-23 15:00:00,0.0,1022.0,3640.0,0.0,485.0,0.0,0.0,0.0,2219.0,0.0,1282.0
2022-07-23 16:00:00,0.0,1041.0,3681.0,0.0,571.0,0.0,0.0,0.0,1669.0,0.0,1267.0
2022-07-23 17:00:00,0.0,1040.0,4023.0,0.0,1040.0,0.0,0.0,0.0,965.0,0.0,1208.0
2022-07-23 18:00:00,0.0,1053.0,4055.0,0.0,1481.0,0.0,0.0,0.0,318.0,0.0,1038.0
2022-07-23 19:00:00,0.0,1094.0,4277.0,0.0,1544.0,0.0,0.0,0.0,38.0,0.0,880.0
2022-07-23 20:00:00,0.0,1076.0,4307.0,0.0,1581.0,0.0,0.0,0.0,0.0,0.0,806.0
2022-07-23 21:00:00,0.0,1067.0,4328.0,0.0,1507.0,0.0,0.0,0.0,0.0,0.0,755.0
2022-07-23 22:00:00,0.0,1075.0,4336.0,0.0,1234.0,0.0,0.0,0.0,0.0,0.0,728.0
2022-07-23 23:00:00,0.0,1045.0,4320.0,0.0,841.0,0.0,0.0,0.0,0.0,0.0,719.0
2022-07-24 00:00:00,0.0,1006.0,3948.0,0.0,355.0,0.0,0.0,0.0,0.0,0.0,688.0
2022-07-24 01:00:00,0.0,1028.0,3972.0,0.0,309.0,0.0,0.0,0.0,0.0,0.0,652.0
2022-07-24 02:00:00,0.0,1040.0,3837.0,0.0,211.0,0.0,0.0,0.0,0.0,0.0,579.0
2022-07-24 03:00:00,0.0,1050.0,3796.0,0.0,192.0,0.0,0.0,0.0,0.0,0.0,537.0
2022-07-24 04:00:00,0.0,1052.0,3811.0,0.0,237.0,0.0,0.0,0.0,0.0,0.0,471.0
2022-07-24 05:00:00,0.0,1044.0,3703.0,0.0,273.0,0.0,0.0,0.0,21.0,0.0,417.0
2022-07-24 06:00:00,0.0,1035.0,3319.0,0.0,455.0,0.0,0.0,0.0,280.0,0.0,364.0
2022-07-24 07:00:00,0.0,1026.0,3026.0,0.0,542.0,0.0,0.0,0.0,964.0,0.0,345.0
2022-07-24 08:00:00,0.0,1024.0,2685.0,0.0,549.0,0.0,0.0,0.0,1783.0,0.0,342.0
2022-07-24 09:00:00,0.0,1025.0,2509.0,0.0,455.0,0.0,0.0,0.0,2450.0,0.0,376.0
2022-07-24 10:00:00,0.0,1021.0,2455.0,0.0,362.0,0.0,0.0,0.0,2914.0,0.0,443.0
2022-07-24 11:00:00,0.0,1024.0,2633.0,0.0,372.0,0.0,0.0,0.0,3187.0,0.0,536.0
2022-07-24 12:00:00,0.0,997.0,2170.0,0.0,369.0,0.0,0.0,0.0,3283.0,0.0,635.0
2022-07-24 13:00:00,0.0,970.0,2394.0,0.0,349.0,0.0,0.0,0.0,3192.0,0.0,739.0
2022-07-24 14:00:00,0.0,1045.0,2340.0,0.0,355.0,0.0,0.0,0.0,2917.0,0.0,827.0
2022-07-24 15:00:00,0.0,1068.0,2534.0,0.0,314.0,0.0,0.0,0.0,2467.0,0.0,874.0
2022-07-24 16:00:00,0.0,1142.0,2988.0,0.0,494.0,0.0,0.0,0.0,1836.0,0.0,829.0
2022-07-24 17:00:00,0.0,1189.0,3535.0,0.0,975.0,0.0,0.0,0.0,1052.0,0.0,653.0
2022-07-24 18:00:00,0.0,1223.0,3552.0,0.0,1379.0,0.0,0.0,0.0,359.0,0.0,536.0
2022-07-24 19:00:00,0.0,1295.0,3629.0,0.0,1539.0,0.0,0.0,0.0,40.0,0.0,474.0
2022-07-24 20:00:00,0.0,1363.0,3645.0,0.0,1538.0,0.0,0.0,0.0,0.0,0.0,435.0
2022-07-24 21:00:00,0.0,1381.0,3696.0,0.0,1508.0,0.0,0.0,0.0,0.0,0.0,378.0
2022-07-24 22:00:00,0.0,1392.0,3698.0,0.0,1199.0,0.0,0.0,0.0,0.0,0.0,370.0
2022-07-24 23:00:00,0.0,1292.0,3598.0,0.0,776.0,0.0,0.0,0.0,0.0,0.0,365.0
2022-07-25 00:00:00,0.0,1223.0,3593.0,0.0,460.0,0.0,0.0,0.0,0.0,0.0,335.0
2022-07-25 01:00:00,0.0,1237.0,3495.0,0.0,269.0,0.0,0.0,0.0,0.0,0.0,433.0
2022-07-25 02:00:00,0.0,1200.0,3495.0,0.0,123.0,0.0,0.0,0.0,0.0,0.0,528.0
2022-07-25 03:00:00,0.0,1177.0,3357.0,0.0,133.0,0.0,0.0,0.0,0.0,0.0,712.0
2022-07-25 04:00:00,0.0,1185.0,3106.0,0.0,189.0,0.0,0.0,0.0,0.0,0.0,964.0
2022-07-25 05:00:00,0.0,1206.0,3159.0,0.0,225.0,0.0,0.0,0.0,15.0,0.0,987.0
2022-07-25 06:00:00,0.0,1189.0,3328.0,0.0,452.0,0.0,0.0,0.0,238.0,0.0,1024.0
2022-07-25 07:00:00,0.0,1186.0,3383.0,0.0,546.0,0.0,0.0,0.0,819.0,0.0,1216.0
2022-07-25 08:00:00,0.0,1176.0,2984.0,0.0,549.0,0.0,0.0,0.0,1578.0,0.0,1426.0
2022-07-25 09:00:00,0.0,1179.0,2881.0,0.0,414.0,0.0,0.0,0.0,2249.0,0.0,1457.0
2022-07-25 10:00:00,0.0,1173.0,2988.0,0.0,340.0,0.0,0.0,0.0,2729.0,0.0,1449.0
2022-07-25 11:00:00,0.0,1188.0,3146.0,0.0,417.0,0.0,0.0,0.0,3029.0,0.0,1162.0
2022-07-25 12:00:00,0.0,1300.0,3396.0,0.0,706.0,0.0,0.0,0.0,3168.0,0.0,993.0
2022-07-25 13:00:00,0.0,1336.0,3459.0,0.0,572.0,0.0,0.0,0.0,3145.0,0.0,1000.0
2022-07-25 14:00:00,0.0,1350.0,3479.0,0.0,694.0,0.0,0.0,0.0,2896.0,0.0,907.0
2022-07-25 15:00:00,0.0,1372.0,3448.0,0.0,867.0,0.0,0.0,0.0,2439.0,0.0,886.0
2022-07-25 16:00:00,0.0,1400.0,3726.0,0.0,1653.0,0.0,0.0,0.0,1819.0,0.0,806.0
2022-07-25 17:00:00,0.0,1368.0,3706.0,0.0,2143.0,0.0,0.0,0.0,1052.0,0.0,865.0
2022-07-25 18:00:00,0.0,1285.0,3808.0,0.0,2362.0,0.0,0.0,0.0,363.0,0.0,860.0
2022-07-25 19:00:00,0.0,1257.0,3924.0,0.0,1743.0,0.0,0.0,0.0,44.0,0.0,823.0
2022-07-25 20:00:00,0.0,1231.0,3869.0,0.0,1582.0,0.0,0.0,0.0,0.0,0.0,758.0
2022-07-25 21:00:00,0.0,1217.0,3985.0,0.0,1618.0,0.0,0.0,0.0,0.0,0.0,720.0
2022-07-25 22:00:00,0.0,1240.0,3950.0,0.0,1877.0,0.0,0.0,0.0,0.0,0.0,706.0
2022-07-25 23:00:00,0.0,1203.0,3895.0,0.0,1135.0,0.0,0.0,0.0,0.0,0.0,771.0
2022-07-26 00:00:00,0.0,1251.0,3913.0,0.0,410.0,0.0,0.0,0.0,0.0,0.0,862.0
2022-07-26 01:00:00,0.0,1337.0,3688.0,0.0,253.0,0.0,0.0,0.0,0.0,0.0,895.0
2022-07-26 02:00:00,0.0,1440.0,3802.0,0.0,236.0,0.0,0.0,0.0,0.0,0.0,1011.0
2022-07-26 03:00:00,0.0,1478.0,3736.0,0.0,195.0,0.0,0.0,0.0,0.0,0.0,1035.0
2022-07-26 04:00:00,0.0,1467.0,3798.0,0.0,296.0,0.0,0.0,0.0,0.0,0.0,1015.0
2022-07-26 05:00:00,0.0,1488.0,3826.0,0.0,359.0,0.0,0.0,0.0,18.0,0.0,997.0
2022-07-26 06:00:00,0.0,1492.0,4047.0,0.0,672.0,0.0,0.0,0.0,274.0,0.0,944.0
2022-07-26 07:00:00,0.0,1513.0,4264.0,0.0,637.0,0.0,0.0,0.0,943.0,0.0,890.0
2022-07-26 08:00:00,0.0,1543.0,4065.0,0.0,589.0,0.0,0.0,0.0,1739.0,0.0,850.0
2022-07-26 09:00:00,0.0,1565.0,4051.0,0.0,494.0,0.0,0.0,0.0,2400.0,0.0,789.0
2022-07-26 10:00:00,0.0,1603.0,3846.0,0.0,366.0,0.0,0.0,0.0,2866.0,0.0,759.0
2022-07-26 11:00:00,0.0,1607.0,3816.0,0.0,338.0,0.0,0.0,0.0,3138.0,0.0,798.0
2022-07-26 12:00:00,0.0,1611.0,3993.0,0.0,441.0,0.0,0.0,0.0,3236.0,0.0,722.0
2022-07-26 13:00:00,0.0,1603.0,4006.0,0.0,414.0,0.0,0.0,0.0,3146.0,0.0,672.0
2022-07-26 14:00:00,0.0,1608.0,3893.0,0.0,450.0,0.0,0.0,0.0,2897.0,0.0,740.0
2022-07-26 15:00:00,0.0,1604.0,3920.0,0.0,555.0,0.0,0.0,0.0,2425.0,0.0,715.0
2022-07-26 16:00:00,0.0,1609.0,3934.0,0.0,764.0,0.0,0.0,0.0,1804.0,0.0,706.0
2022-07-26 17:00:00,0.0,1614.0,4280.0,0.0,1253.0,0.0,0.0,0.0,1043.0,0.0,713.0
2022-07-26 18:00:00,0.0,1639.0,4312.0,0.0,1594.0,0.0,0.0,0.0,349.0,0.0,692.0
2022-07-26 19:00:00,0.0,1641.0,4186.0,0.0,1387.0,0.0,0.0,0.0,41.0,0.0,684.0
2022-07-26 20:00:00,0.0,1627.0,4169.0,0.0,1406.0,0.0,0.0,0.0,0.0,0.0,569.0
2022-07-26 21:00:00,0.0,1635.0,4224.0,0.0,1505.0,0.0,0.0,0.0,0.0,0.0,422.0
2022-07-26 22:00:00,0.0,1625.0,4268.0,0.0,1186.0,0.0,0.0,0.0,0.0,0.0,323.0
2022-07-26 23:00:00,0.0,1626.0,4294.0,0.0,716.0,0.0,0.0,0.0,0.0,0.0,264.0
2022-07-27 00:00:00,0.0,1619.0,4423.0,0.0,362.0,0.0,0.0,0.0,0.0,0.0,250.0
2022-07-27 01:00:00,0.0,1622.0,4542.0,0.0,365.0,0.0,0.0,0.0,0.0,0.0,291.0
2022-07-27 02:00:00,0.0,1627.0,4564.0,0.0,266.0,0.0,0.0,0.0,0.0,0.0,330.0
2022-07-27 03:00:00,0.0,1645.0,4434.0,0.0,200.0,0.0,0.0,0.0,0.0,0.0,398.0
2022-07-27 04:00:00,0.0,1639.0,4291.0,0.0,276.0,0.0,0.0,0.0,0.0,0.0,446.0
2022-07-27 05:00:00,0.0,1628.0,4250.0,0.0,310.0,0.0,0.0,0.0,19.0,0.0,548.0
2022-07-27 06:00:00,0.0,1633.0,4326.0,0.0,497.0,0.0,0.0,0.0,276.0,0.0,603.0
2022-07-27 07:00:00,0.0,1629.0,4343.0,0.0,637.0,0.0,0.0,0.0,941.0,0.0,633.0
2022-07-27 08:00:00,0.0,1620.0,4265.0,0.0,502.0,0.0,0.0,0.0,1757.0,0.0,693.0
2022-07-27 09:00:00,0.0,1619.0,4081.0,0.0,408.0,0.0,0.0,0.0,2434.0,0.0,752.0
2022-07-27 10:00:00,0.0,1622.0,3912.0,0.0,297.0,0.0,0.0,0.0,2910.0,0.0,817.0
2022-07-27 11:00:00,0.0,1611.0,3520.0,0.0,314.0,0.0,0.0,0.0,3184.0,0.0,932.0
2022-07-27 12:00:00,0.0,1603.0,3654.0,0.0,331.0,0.0,0.0,0.0,3254.0,0.0,973.0
2022-07-27 13:00:00,0.0,1601.0,3702.0,0.0,307.0,0.0,0.0,0.0,3129.0,0.0,1019.0
2022-07-27 14:00:00,0.0,1622.0,3901.0,0.0,365.0,0.0,0.0,0.0,2778.0,0.0,1034.0
2022-07-27 15:00:00,0.0,1622.0,3935.0,0.0,392.0,0.0,0.0,0.0,2370.0,0.0,1023.0
2022-07-27 16:00:00,0.0,1611.0,3750.0,0.0,538.0,0.0,0.0,0.0,1813.0,0.0,999.0
2022-07-27 17:00:00,0.0,1608.0,3964.0,0.0,863.0,0.0,0.0,0.0,1028.0,0.0,913.0
2022-07-27 18:00:00,0.0,1610.0,4091.0,0.0,1246.0,0.0,0.0,0.0,346.0,0.0,760.0
2022-07-27 19:00:00,0.0,1609.0,4111.0,0.0,1435.0,0.0,0.0,0.0,36.0,0.0,636.0
2022-07-27 20:00:00,0.0,1614.0,4158.0,0.0,1515.0,0.0,0.0,0.0,0.0,0.0,602.0
2022-07-27 21:00:00,0.0,1624.0,4161.0,0.0,1383.0,0.0,0.0,0.0,0.0,0.0,499.0
2022-07-27 22:00:00,0.0,1616.0,4186.0,0.0,1181.0,0.0,0.0,0.0,0.0,0.0,510.0
2022-07-27 23:00:00,0.0,1599.0,4134.0,0.0,734.0,0.0,0.0,0.0,0.0,0.0,619.0
2022-07-28 00:00:00,0.0,1586.0,4137.0,0.0,391.0,0.0,0.0,0.0,0.0,0.0,712.0
2022-07-28 01:00:00,0.0,1573.0,4025.0,0.0,360.0,0.0,0.0,0.0,0.0,0.0,870.0
2022-07-28 02:00:00,0.0,1569.0,4090.0,0.0,243.0,0.0,0.0,0.0,0.0,0.0,1028.0
2022-07-28 03:00:00,0.0,1566.0,3738.0,0.0,231.0,0.0,0.0,0.0,0.0,0.0,1301.0
2022-07-28 04:00:00,0.0,1551.0,3630.0,0.0,290.0,0.0,0.0,0.0,0.0,0.0,1492.0
2022-07-28 05:00:00,0.0,1601.0,3436.0,0.0,321.0,0.0,0.0,0.0,18.0,0.0,1752.0
2022-07-28 06:00:00,0.0,1607.0,3410.0,0.0,485.0,0.0,0.0,0.0,273.0,0.0,1865.0
2022-07-28 07:00:00,0.0,1604.0,3461.0,0.0,515.0,0.0,0.0,0.0,960.0,0.0,1900.0
2022-07-28 08:00:00,0.0,1604.0,3185.0,0.0,538.0,0.0,0.0,0.0,1802.0,0.0,1935.0
2022-07-28 09:00:00,0.0,1569.0,3437.0,0.0,443.0,0.0,0.0,0.0,2488.0,0.0,1957.0
2022-07-28 10:00:00,0.0,1516.0,3532.0,0.0,462.0,0.0,0.0,0.0,2977.0,0.0,1937.0
2022-07-28 11:00:00,0.0,1468.0,3629.0,0.0,604.0,0.0,0.0,0.0,3259.0,0.0,1807.0
2022-07-28 12:00:00,0.0,1326.0,3649.0,0.0,728.0,0.0,0.0,0.0,3292.0,0.0,1677.0
2022-07-28 13:00:00,0.0,1353.0,3676.0,0.0,769.0,0.0,0.0,0.0,3126.0,0.0,1609.0
2022-07-28 14:00:00,0.0,1380.0,3691.0,0.0,734.0,0.0,0.0,0.0,2771.0,0.0,1630.0
2022-07-28 15:00:00,0.0,1381.0,3847.0,0.0,836.0,0.0,0.0,0.0,2269.0,0.0,1612.0
2022-07-28 16:00:00,0.0,1354.0,3635.0,0.0,1316.0,0.0,0.0,0.0,1614.0,0.0,1465.0
2022-07-28 17:00:00,0.0,1365.0,3697.0,0.0,1831.0,0.0,0.0,0.0,930.0,0.0,1404.0
2022-07-28 18:00:00,0.0,1382.0,3704.0,0.0,2011.0,0.0,0.0,0.0,324.0,0.0,1373.0
2022-07-28 19:00:00,0.0,1411.0,3765.0,0.0,1960.0,0.0,0.0,0.0,37.0,0.0,1514.0
2022-07-28 20:00:00,0.0,1411.0,3771.0,0.0,1825.0,0.0,0.0,0.0,0.0,0.0,1734.0
2022-07-28 21:00:00,0.0,1385.0,3789.0,0.0,1745.0,0.0,0.0,0.0,0.0,0.0,1707.0
2022-07-28 22:00:00,0.0,1359.0,3864.0,0.0,1498.0,0.0,0.0,0.0,0.0,0.0,1750.0
2022-07-28 23:00:00,0.0,1256.0,3719.0,0.0,1319.0,0.0,0.0,0.0,0.0,0.0,1807.0
2022-07-29 00:00:00,0.0,1272.0,3699.0,0.0,848.0,0.0,0.0,0.0,0.0,0.0,1840.0
2022-07-29 01:00:00,0.0,1249.0,3680.0,0.0,642.0,0.0,0.0,0.0,0.0,0.0,1863.0
2022-07-29 02:00:00,0.0,1217.0,3596.0,0.0,385.0,0.0,0.0,0.0,0.0,0.0,1863.0
2022-07-29 03:00:00,0.0,1212.0,3409.0,0.0,483.0,0.0,0.0,0.0,0.0,0.0,1868.0
2022-07-29 04:00:00,0.0,1188.0,3450.0,0.0,442.0,0.0,0.0,0.0,0.0,0.0,1892.0
2022-07-29 05:00:00,0.0,1170.0,3502.0,0.0,465.0,0.0,0.0,0.0,10.0,0.0,1947.0
2022-07-29 06:00:00,0.0,1177.0,3564.0,0.0,648.0,0.0,0.0,0.0,221.0,0.0,1949.0
2022-07-29 07:00:00,0.0,1210.0,3578.0,0.0,694.0,0.0,0.0,0.0,849.0,0.0,1910.0
2022-07-29 08:00:00,0.0,1223.0,3460.0,0.0,565.0,0.0,0.0,0.0,1609.0,0.0,1881.0
2022-07-29 09:00:00,0.0,1257.0,3230.0,0.0,549.0,0.0,0.0,0.0,2236.0,0.0,1838.0
2022-07-29 10:00:00,0.0,1340.0,3085.0,0.0,546.0,0.0,0.0,0.0,2670.0,0.0,1722.0
2022-07-29 11:00:00,0.0,1363.0,3115.0,0.0,508.0,0.0,0.0,0.0,2919.0,0.0,1653.0
2022-07-29 12:00:00,0.0,1364.0,2925.0,0.0,716.0,0.0,0.0,0.0,2980.0,0.0,1554.0
2022-07-29 13:00:00,0.0,1352.0,2816.0,0.0,969.0,0.0,0.0,0.0,2946.0,0.0,1496.0
2022-07-29 14:00:00,0.0,1334.0,3019.0,0.0,863.0,0.0,0.0,0.0,2718.0,0.0,1474.0
2022-07-29 15:00:00,0.0,1325.0,3229.0,0.0,723.0,0.0,0.0,0.0,2307.0,0.0,1547.0
2022-07-29 16:00:00,0.0,1366.0,3615.0,0.0,875.0,0.0,0.0,0.0,1705.0,0.0,1495.0
2022-07-29 17:00:00,0.0,1349.0,3983.0,0.0,1281.0,0.0,0.0,0.0,972.0,0.0,1363.0
2022-07-29 18:00:00,0.0,1353.0,4064.0,0.0,1632.0,0.0,0.0,0.0,306.0,0.0,1264.0
2022-07-29 19:00:00,0.0,1373.0,4204.0,0.0,1630.0,0.0,0.0,0.0,30.0,0.0,1256.0
2022-07-29 20:00:00,0.0,1368.0,4220.0,0.0,1601.0,0.0,0.0,0.0,0.0,0.0,1185.0
2022-07-29 21:00:00,0.0,1337.0,4390.0,0.0,1505.0,0.0,0.0,0.0,0.0,0.0,1101.0
2022-07-29 22:00:00,0.0,1303.0,4270.0,0.0,1328.0,0.0,0.0,0.0,0.0,0.0,1087.0
2022-07-29 23:00:00,0.0,1296.0,4247.0,0.0,953.0,0.0,0.0,0.0,0.0,0.0,1056.0
2022-07-30 00:00:00,0.0,1191.0,4139.0,0.0,535.0,0.0,0.0,0.0,0.0,0.0,1136.0
2022-07-30 01:00:00,0.0,1140.0,3914.0,0.0,392.0,0.0,0.0,0.0,0.0,0.0,1261.0
2022-07-30 02:00:00,0.0,1137.0,3938.0,0.0,331.0,0.0,0.0,0.0,0.0,0.0,1333.0
2022-07-30 03:00:00,0.0,1171.0,3742.0,0.0,242.0,0.0,0.0,0.0,0.0,0.0,1411.0
2022-07-30 04:00:00,0.0,1184.0,3764.0,0.0,283.0,0.0,0.0,0.0,0.0,0.0,1472.0
2022-07-30 05:00:00,0.0,1169.0,3766.0,0.0,295.0,0.0,0.0,0.0,9.0,0.0,1525.0
2022-07-30 06:00:00,0.0,1162.0,3757.0,0.0,450.0,0.0,0.0,0.0,206.0,0.0,1464.0
2022-07-30 07:00:00,0.0,1154.0,3662.0,0.0,608.0,0.0,0.0,0.0,795.0,0.0,1323.0
2022-07-30 08:00:00,0.0,1155.0,3524.0,0.0,598.0,0.0,0.0,0.0,1517.0,0.0,1305.0
2022-07-30 09:00:00,0.0,1145.0,3432.0,0.0,457.0,0.0,0.0,0.0,2112.0,0.0,1341.0
2022-07-30 10:00:00,0.0,1127.0,3331.0,0.0,371.0,0.0,0.0,0.0,2534.0,0.0,1375.0
2022-07-30 11:00:00,0.0,1099.0,3322.0,0.0,420.0,0.0,0.0,0.0,2784.0,0.0,1331.0
2022-07-30 12:00:00,0.0,1094.0,3257.0,0.0,399.0,0.0,0.0,0.0,2876.0,0.0,1300.0
2022-07-30 13:00:00,0.0,1098.0,3216.0,0.0,383.0,0.0,0.0,0.0,2796.0,0.0,1276.0
2022-07-30 14:00:00,0.0,1138.0,3302.0,0.0,397.0,0.0,0.0,0.0,2546.0,0.0,1272.0
2022-07-30 15:00:00,0.0,1089.0,3565.0,0.0,501.0,0.0,0.0,0.0,2129.0,0.0,1169.0
2022-07-30 16:00:00,0.0,1091.0,3665.0,0.0,715.0,0.0,0.0,0.0,1556.0,0.0,972.0
2022-07-30 17:00:00,0.0,1102.0,3850.0,0.0,1028.0,0.0,0.0,0.0,885.0,0.0,769.0
2022-07-30 18:00:00,0.0,1135.0,3825.0,0.0,1340.0,0.0,0.0,0.0,266.0,0.0,683.0
2022-07-30 19:00:00,0.0,1139.0,3687.0,0.0,1464.0,0.0,0.0,0.0,24.0,0.0,632.0
2022-07-30 20:00:00,0.0,1134.0,3880.0,0.0,1585.0,0.0,0.0,0.0,0.0,0.0,456.0
2022-07-30 21:00:00,0.0,1131.0,3926.0,0.0,1388.0,0.0,0.0,0.0,0.0,0.0,351.0
2022-07-30 22:00:00,0.0,1126.0,3955.0,0.0,1157.0,0.0,0.0,0.0,0.0,0.0,337.0
2022-07-30 23:00:00,0.0,1133.0,4070.0,0.0,696.0,0.0,0.0,0.0,0.0,0.0,313.0
2022-07-31 00:00:00,0.0,1131.0,3998.0,0.0,452.0,0.0,0.0,0.0,0.0,0.0,340.0
2022-07-31 01:00:00,0.0,1132.0,3719.0,0.0,359.0,0.0,0.0,0.0,0.0,0.0,359.0
2022-07-31 02:00:00,0.0,1131.0,3630.0,0.0,278.0,0.0,0.0,0.0,0.0,0.0,412.0
2022-07-31 03:00:00,0.0,1121.0,3542.0,0.0,277.0,0.0,0.0,0.0,0.0,0.0,517.0
2022-07-31 04:00:00,0.0,1135.0,3367.0,0.0,353.0,0.0,0.0,0.0,0.0,0.0,643.0
2022-07-31 05:00:00,0.0,1141.0,3199.0,0.0,386.0,0.0,0.0,0.0,13.0,0.0,707.0
2022-07-31 06:00:00,0.0,1136.0,3311.0,0.0,448.0,0.0,0.0,0.0,245.0,0.0,689.0
2022-07-31 07:00:00,0.0,1104.0,3307.0,0.0,504.0,0.0,0.0,0.0,944.0,0.0,609.0
2022-07-31 08:00:00,0.0,1093.0,3115.0,0.0,501.0,0.0,0.0,0.0,1792.0,0.0,511.0
2022-07-31 09:00:00,0.0,1106.0,3103.0,0.0,359.0,0.0,0.0,0.0,2479.0,0.0,487.0
2022-07-31 10:00:00,0.0,1091.0,3072.0,0.0,288.0,0.0,0.0,0.0,2950.0,0.0,448.0
2022-07-31 11:00:00,0.0,1088.0,3011.0,0.0,297.0,0.0,0.0,0.0,3225.0,0.0,472.0
2022-07-31 12:00:00,0.0,1089.0,2989.0,0.0,315.0,0.0,0.0,0.0,3287.0,0.0,518.0
2022-07-31 13:00:00,0.0,1084.0,3039.0,0.0,287.0,0.0,0.0,0.0,3124.0,0.0,529.0
2022-07-31 14:00:00,0.0,1059.0,3150.0,0.0,308.0,0.0,0.0,0.0,2848.0,0.0,514.0
2022-07-31 15:00:00,0.0,1050.0,3359.0,0.0,377.0,0.0,0.0,0.0,2294.0,0.0,582.0
2022-07-31 16:00:00,0.0,1045.0,3668.0,0.0,625.0,0.0,0.0,0.0,1576.0,0.0,592.0
2022-07-31 17:00:00,0.0,1078.0,3716.0,0.0,811.0,0.0,0.0,0.0,898.0,0.0,664.0
2022-07-31 18:00:00,0.0,1124.0,3802.0,0.0,1151.0,0.0,0.0,0.0,287.0,0.0,652.0
2022-07-31 19:00:00,0.0,1137.0,3770.0,0.0,1346.0,0.0,0.0,0.0,27.0,0.0,561.0
2022-07-31 20:00:00,0.0,1130.0,3840.0,0.0,1334.0,0.0,0.0,0.0,0.0,0.0,508.0
2022-07-31 21:00:00,0.0,1108.0,3816.0,0.0,1283.0,0.0,0.0,0.0,0.0,0.0,496.0
2022-07-31 22:00:00,0.0,1105.0,3905.0,0.0,1236.0,0.0,0.0,0.0,0.0,0.0,522.0
2022-07-31 23:00:00,0.0,1113.0,3922.0,0.0,617.0,0.0,0.0,0.0,0.0,0.0,541.0
2022-08-01 00:00:00,0.0,1137.0,4193.0,0.0,294.0,0.0,0.0,0.0,0.0,0.0,588.0
2022-08-01 01:00:00,0.0,1144.0,3706.0,0.0,280.0,0.0,0.0,0.0,0.0,0.0,700.0
2022-08-01 02:00:00,0.0,1120.0,3360.0,0.0,172.0,0.0,0.0,0.0,0.0,0.0,895.0
2022-08-01 03:00:00,0.0,1148.0,3180.0,0.0,171.0,0.0,0.0,0.0,0.0,0.0,1087.0
2022-08-01 04:00:00,0.0,1268.0,2881.0,0.0,244.0,0.0,0.0,0.0,0.0,0.0,1228.0
2022-08-01 05:00:00,0.0,1319.0,2966.0,0.0,284.0,0.0,0.0,0.0,11.0,0.0,1347.0
2022-08-01 06:00:00,0.0,1338.0,3253.0,0.0,480.0,0.0,0.0,0.0,218.0,0.0,1389.0
2022-08-01 07:00:00,0.0,1345.0,3554.0,0.0,590.0,0.0,0.0,0.0,814.0,0.0,1290.0
2022-08-01 08:00:00,0.0,1370.0,3450.0,0.0,637.0,0.0,0.0,0.0,1623.0,0.0,1167.0
2022-08-01 09:00:00,0.0,1415.0,3366.0,0.0,400.0,0.0,0.0,0.0,2323.0,0.0,1102.0
2022-08-01 10:00:00,0.0,1441.0,3244.0,0.0,310.0,0.0,0.0,0.0,2834.0,0.0,1012.0
2022-08-01 11:00:00,0.0,1444.0,3272.0,0.0,289.0,0.0,0.0,0.0,3148.0,0.0,922.0
2022-08-01 12:00:00,0.0,1446.0,3216.0,0.0,282.0,0.0,0.0,0.0,3210.0,0.0,867.0
2022-08-01 13:00:00,0.0,1437.0,3217.0,0.0,284.0,0.0,0.0,0.0,3152.0,0.0,843.0
2022-08-01 14:00:00,0.0,1415.0,3366.0,0.0,340.0,0.0,0.0,0.0,2901.0,0.0,737.0
2022-08-01 15:00:00,0.0,1425.0,3433.0,0.0,479.0,0.0,0.0,0.0,2495.0,0.0,663.0
2022-08-01 16:00:00,0.0,1421.0,3782.0,0.0,818.0,0.0,0.0,0.0,1849.0,0.0,572.0
2022-08-01 17:00:00,0.0,1391.0,3957.0,0.0,1050.0,0.0,0.0,0.0,1037.0,0.0,551.0
2022-08-01 18:00:00,0.0,1397.0,4093.0,0.0,1402.0,0.0,0.0,0.0,318.0,0.0,509.0
2022-08-01 19:00:00,0.0,1415.0,4116.0,0.0,1789.0,0.0,0.0,0.0,28.0,0.0,428.0
2022-08-01 20:00:00,0.0,1427.0,4180.0,0.0,1734.0,0.0,0.0,0.0,0.0,0.0,503.0
2022-08-01 21:00:00,0.0,1440.0,4155.0,0.0,1487.0,0.0,0.0,0.0,0.0,0.0,577.0
2022-08-01 22:00:00,0.0,1433.0,4035.0,0.0,921.0,0.0,0.0,0.0,0.0,0.0,609.0
2022-08-01 23:00:00,0.0,1428.0,4146.0,0.0,586.0,0.0,0.0,0.0,0.0,0.0,688.0
2022-08-02 00:00:00,0.0,1424.0,4089.0,0.0,401.0,0.0,0.0,0.0,0.0,0.0,772.0
2022-08-02 01:00:00,0.0,1279.0,3719.0,0.0,331.0,0.0,0.0,0.0,0.0,0.0,940.0
2022-08-02 02:00:00,0.0,1244.0,3571.0,0.0,143.0,0.0,0.0,0.0,0.0,0.0,1081.0
2022-08-02 03:00:00,0.0,1244.0,3471.0,0.0,120.0,0.0,0.0,0.0,0.0,0.0,1194.0
2022-08-02 04:00:00,0.0,1244.0,3344.0,0.0,190.0,0.0,0.0,0.0,0.0,0.0,1241.0
2022-08-02 05:00:00,0.0,1242.0,3405.0,0.0,220.0,0.0,0.0,0.0,13.0,0.0,1319.0
2022-08-02 06:00:00,0.0,1244.0,3543.0,0.0,428.0,0.0,0.0,0.0,247.0,0.0,1295.0
2022-08-02 07:00:00,0.0,1247.0,3676.0,0.0,550.0,0.0,0.0,0.0,908.0,0.0,1180.0
2022-08-02 08:00:00,0.0,1245.0,3490.0,0.0,512.0,0.0,0.0,0.0,1759.0,0.0,1178.0
2022-08-02 09:00:00,0.0,1246.0,3418.0,0.0,381.0,0.0,0.0,0.0,2477.0,0.0,1134.0
2022-08-02 10:00:00,0.0,1245.0,3358.0,0.0,256.0,0.0,0.0,0.0,2964.0,0.0,1111.0
2022-08-02 11:00:00,0.0,1244.0,3349.0,0.0,268.0,0.0,0.0,0.0,3230.0,0.0,980.0
2022-08-02 12:00:00,0.0,1246.0,3600.0,0.0,288.0,0.0,0.0,0.0,3300.0,0.0,917.0
2022-08-02 13:00:00,0.0,1262.0,3654.0,0.0,322.0,0.0,0.0,0.0,3211.0,0.0,969.0
2022-08-02 14:00:00,0.0,1276.0,3687.0,0.0,419.0,0.0,0.0,0.0,2966.0,0.0,992.0
2022-08-02 15:00:00,0.0,1272.0,3746.0,0.0,637.0,0.0,0.0,0.0,2516.0,0.0,1009.0
2022-08-02 16:00:00,0.0,1270.0,3907.0,0.0,961.0,0.0,0.0,0.0,1865.0,0.0,1038.0
2022-08-02 17:00:00,0.0,1274.0,3960.0,0.0,1128.0,0.0,0.0,0.0,1075.0,0.0,1048.0
2022-08-02 18:00:00,0.0,1261.0,4040.0,0.0,1330.0,0.0,0.0,0.0,333.0,0.0,1128.0
2022-08-02 19:00:00,0.0,1276.0,4175.0,0.0,1439.0,0.0,0.0,0.0,28.0,0.0,1128.0
2022-08-02 20:00:00,0.0,1279.0,4184.0,0.0,1550.0,0.0,0.0,0.0,0.0,0.0,1157.0
2022-08-02 21:00:00,0.0,1278.0,3991.0,0.0,1447.0,0.0,0.0,0.0,0.0,0.0,1163.0
2022-08-02 22:00:00,0.0,1269.0,3816.0,0.0,1268.0,0.0,0.0,0.0,0.0,0.0,1200.0
2022-08-02 23:00:00,0.0,1248.0,3855.0,0.0,830.0,0.0,0.0,0.0,0.0,0.0,1206.0
2022-08-03 00:00:00,0.0,1224.0,3428.0,0.0,413.0,0.0,0.0,0.0,0.0,0.0,1250.0
2022-08-03 01:00:00,0.0,1225.0,3180.0,0.0,381.0,0.0,0.0,0.0,0.0,0.0,1365.0
2022-08-03 02:00:00,0.0,1230.0,2826.0,0.0,155.0,0.0,0.0,0.0,0.0,0.0,1466.0
2022-08-03 03:00:00,0.0,1233.0,2598.0,0.0,150.0,0.0,0.0,0.0,0.0,0.0,1569.0
2022-08-03 04:00:00,0.0,1223.0,2447.0,0.0,226.0,0.0,0.0,0.0,0.0,0.0,1666.0
2022-08-03 05:00:00,0.0,1235.0,2692.0,0.0,335.0,0.0,0.0,0.0,11.0,0.0,1775.0
2022-08-03 06:00:00,0.0,1224.0,2533.0,0.0,469.0,0.0,0.0,0.0,241.0,0.0,1841.0
2022-08-03 07:00:00,0.0,1222.0,2896.0,0.0,675.0,0.0,0.0,0.0,927.0,0.0,1939.0
2022-08-03 08:00:00,0.0,1214.0,2333.0,0.0,659.0,0.0,0.0,0.0,1781.0,0.0,2075.0
2022-08-03 09:00:00,0.0,1203.0,2341.0,0.0,477.0,0.0,0.0,0.0,2462.0,0.0,2109.0
2022-08-03 10:00:00,0.0,1188.0,2015.0,0.0,207.0,0.0,0.0,0.0,2901.0,0.0,2134.0
2022-08-03 11:00:00,0.0,1203.0,2268.0,0.0,227.0,0.0,0.0,0.0,3104.0,0.0,2160.0
2022-08-03 12:00:00,0.0,1209.0,2153.0,0.0,220.0,0.0,0.0,0.0,3070.0,0.0,2169.0
2022-08-03 13:00:00,0.0,1213.0,2538.0,0.0,262.0,0.0,0.0,0.0,2985.0,0.0,2193.0
2022-08-03 14:00:00,0.0,1211.0,2693.0,0.0,291.0,0.0,0.0,0.0,2677.0,0.0,2189.0
2022-08-03 15:00:00,0.0,1209.0,2932.0,0.0,326.0,0.0,0.0,0.0,2252.0,0.0,2221.0
2022-08-03 16:00:00,0.0,1210.0,2844.0,0.0,574.0,0.0,0.0,0.0,1655.0,0.0,2176.0
2022-08-03 17:00:00,0.0,1218.0,3134.0,0.0,834.0,0.0,0.0,0.0,942.0,0.0,2037.0
2022-08-03 18:00:00,0.0,1256.0,3470.0,0.0,1056.0,0.0,0.0,0.0,315.0,0.0,1829.0
2022-08-03 19:00:00,0.0,1256.0,3533.0,0.0,1285.0,0.0,0.0,0.0,26.0,0.0,1690.0
2022-08-03 20:00:00,0.0,1265.0,3585.0,0.0,1452.0,0.0,0.0,0.0,0.0,0.0,1697.0
2022-08-03 21:00:00,0.0,1277.0,3435.0,0.0,1340.0,0.0,0.0,0.0,0.0,0.0,1702.0
2022-08-03 22:00:00,0.0,1276.0,3423.0,0.0,856.0,0.0,0.0,0.0,0.0,0.0,1741.0
2022-08-03 23:00:00,0.0,1270.0,3503.0,0.0,521.0,0.0,0.0,0.0,0.0,0.0,1784.0
2022-08-04 00:00:00,0.0,1231.0,3218.0,0.0,407.0,0.0,0.0,0.0,0.0,0.0,1907.0
2022-08-04 01:00:00,0.0,1202.0,2734.0,0.0,325.0,0.0,0.0,0.0,0.0,0.0,2048.0
2022-08-04 02:00:00,0.0,1211.0,2421.0,0.0,149.0,0.0,0.0,0.0,0.0,0.0,2122.0
2022-08-04 03:00:00,0.0,1219.0,2097.0,0.0,148.0,0.0,0.0,0.0,0.0,0.0,2188.0
2022-08-04 04:00:00,0.0,1208.0,2088.0,0.0,222.0,0.0,0.0,0.0,0.0,0.0,2238.0
2022-08-04 05:00:00,0.0,1214.0,2300.0,0.0,263.0,0.0,0.0,0.0,10.0,0.0,2232.0
2022-08-04 06:00:00,0.0,1196.0,2281.0,0.0,485.0,0.0,0.0,0.0,225.0,0.0,2259.0
2022-08-04 07:00:00,0.0,1208.0,2587.0,0.0,528.0,0.0,0.0,0.0,897.0,0.0,2271.0
2022-08-04 08:00:00,0.0,1207.0,2192.0,0.0,576.0,0.0,0.0,0.0,1740.0,0.0,2368.0
2022-08-04 09:00:00,0.0,1144.0,1888.0,0.0,439.0,0.0,0.0,0.0,2423.0,0.0,2370.0
2022-08-04 10:00:00,0.0,1109.0,1894.0,0.0,190.0,0.0,0.0,0.0,2887.0,0.0,2314.0
2022-08-04 11:00:00,0.0,1170.0,2151.0,0.0,234.0,0.0,0.0,0.0,3107.0,0.0,2283.0
2022-08-04 12:00:00,0.0,1213.0,2296.0,0.0,238.0,0.0,0.0,0.0,3057.0,0.0,2233.0
2022-08-04 13:00:00,0.0,1213.0,2426.0,0.0,225.0,0.0,0.0,0.0,2907.0,0.0,2160.0
2022-08-04 14:00:00,0.0,1212.0,2560.0,0.0,225.0,0.0,0.0,0.0,2687.0,0.0,2140.0
2022-08-04 15:00:00,0.0,1213.0,2647.0,0.0,297.0,0.0,0.0,0.0,2372.0,0.0,2107.0
2022-08-04 16:00:00,0.0,1213.0,3115.0,0.0,580.0,0.0,0.0,0.0,1757.0,0.0,2094.0
2022-08-04 17:00:00,0.0,1236.0,3274.0,0.0,868.0,0.0,0.0,0.0,1012.0,0.0,2016.0
2022-08-04 18:00:00,0.0,1246.0,3562.0,0.0,1151.0,0.0,0.0,0.0,311.0,0.0,1811.0
2022-08-04 19:00:00,0.0,1253.0,3611.0,0.0,1367.0,0.0,0.0,0.0,25.0,0.0,1692.0
2022-08-04 20:00:00,0.0,1255.0,3721.0,0.0,1411.0,0.0,0.0,0.0,0.0,0.0,1618.0
2022-08-04 21:00:00,0.0,1242.0,3640.0,0.0,1318.0,0.0,0.0,0.0,0.0,0.0,1576.0
2022-08-04 22:00:00,0.0,1251.0,3440.0,0.0,1069.0,0.0,0.0,0.0,0.0,0.0,1524.0
2022-08-04 23:00:00,0.0,1247.0,3493.0,0.0,580.0,0.0,0.0,0.0,0.0,0.0,1491.0
2022-08-05 00:00:00,0.0,1206.0,3620.0,0.0,400.0,0.0,0.0,0.0,0.0,0.0,1486.0
2022-08-05 01:00:00,0.0,1205.0,3221.0,0.0,329.0,0.0,0.0,0.0,0.0,0.0,1519.0
2022-08-05 02:00:00,0.0,1205.0,3015.0,0.0,154.0,0.0,0.0,0.0,0.0,0.0,1581.0
2022-08-05 03:00:00,0.0,1202.0,2897.0,0.0,150.0,0.0,0.0,0.0,0.0,0.0,1629.0
2022-08-05 04:00:00,0.0,1216.0,2842.0,0.0,223.0,0.0,0.0,0.0,0.0,0.0,1629.0
2022-08-05 05:00:00,0.0,1235.0,3040.0,0.0,256.0,0.0,0.0,0.0,6.0,0.0,1626.0
2022-08-05 06:00:00,0.0,1249.0,3182.0,0.0,453.0,0.0,0.0,0.0,192.0,0.0,1645.0
2022-08-05 07:00:00,0.0,1237.0,3294.0,0.0,515.0,0.0,0.0,0.0,778.0,0.0,1611.0
2022-08-05 08:00:00,0.0,1208.0,2976.0,0.0,536.0,0.0,0.0,0.0,1494.0,0.0,1706.0
2022-08-05 09:00:00,0.0,1212.0,2797.0,0.0,370.0,0.0,0.0,0.0,2083.0,0.0,1841.0
2022-08-05 10:00:00,0.0,1205.0,2465.0,0.0,340.0,0.0,0.0,0.0,2470.0,0.0,1938.0
2022-08-05 11:00:00,0.0,1189.0,2297.0,0.0,386.0,0.0,0.0,0.0,2633.0,0.0,2013.0
2022-08-05 12:00:00,0.0,1170.0,2449.0,0.0,449.0,0.0,0.0,0.0,2596.0,0.0,2013.0
2022-08-05 13:00:00,0.0,1200.0,2512.0,0.0,361.0,0.0,0.0,0.0,2493.0,0.0,1979.0
2022-08-05 14:00:00,0.0,1204.0,2756.0,0.0,261.0,0.0,0.0,0.0,2324.0,0.0,1950.0
2022-08-05 15:00:00,0.0,1203.0,3153.0,0.0,294.0,0.0,0.0,0.0,2011.0,0.0,1892.0
2022-08-05 16:00:00,0.0,1214.0,3387.0,0.0,659.0,0.0,0.0,0.0,1489.0,0.0,1854.0
2022-08-05 17:00:00,0.0,1248.0,3636.0,0.0,969.0,0.0,0.0,0.0,826.0,0.0,1744.0
2022-08-05 18:00:00,0.0,1250.0,3727.0,0.0,1301.0,0.0,0.0,0.0,242.0,0.0,1606.0
2022-08-05 19:00:00,0.0,1218.0,3897.0,0.0,1540.0,0.0,0.0,0.0,17.0,0.0,1410.0
2022-08-05 20:00:00,0.0,1212.0,3947.0,0.0,1521.0,0.0,0.0,0.0,0.0,0.0,1335.0
2022-08-05 21:00:00,0.0,1215.0,3946.0,0.0,1322.0,0.0,0.0,0.0,0.0,0.0,1215.0
2022-08-05 22:00:00,0.0,1227.0,3871.0,0.0,1080.0,0.0,0.0,0.0,0.0,0.0,1168.0
2022-08-05 23:00:00,0.0,1201.0,3871.0,0.0,731.0,0.0,0.0,0.0,0.0,0.0,1203.0
2022-08-06 00:00:00,0.0,1217.0,3553.0,0.0,554.0,0.0,0.0,0.0,0.0,0.0,1264.0
2022-08-06 01:00:00,0.0,1253.0,2672.0,0.0,307.0,0.0,0.0,0.0,0.0,0.0,1350.0
2022-08-06 02:00:00,0.0,1250.0,2398.0,0.0,110.0,0.0,0.0,0.0,0.0,0.0,1415.0
2022-08-06 03:00:00,0.0,1216.0,2267.0,0.0,110.0,0.0,0.0,0.0,0.0,0.0,1475.0
2022-08-06 04:00:00,0.0,1176.0,2134.0,0.0,137.0,0.0,0.0,0.0,0.0,0.0,1600.0
2022-08-06 05:00:00,0.0,1144.0,2055.0,0.0,216.0,0.0,0.0,0.0,5.0,0.0,1699.0
2022-08-06 06:00:00,0.0,1198.0,1981.0,0.0,428.0,0.0,0.0,0.0,162.0,0.0,1752.0
2022-08-06 07:00:00,0.0,1188.0,2001.0,0.0,452.0,0.0,0.0,0.0,661.0,0.0,1844.0
2022-08-06 08:00:00,0.0,1167.0,1790.0,0.0,338.0,0.0,0.0,0.0,1299.0,0.0,1967.0
2022-08-06 09:00:00,0.0,1117.0,1558.0,0.0,298.0,0.0,0.0,0.0,1883.0,0.0,2076.0
2022-08-06 10:00:00,0.0,1037.0,1499.0,0.0,260.0,0.0,0.0,0.0,2294.0,0.0,2127.0
2022-08-06 11:00:00,0.0,1071.0,1795.0,0.0,248.0,0.0,0.0,0.0,2452.0,0.0,2126.0
2022-08-06 12:00:00,0.0,1200.0,1760.0,0.0,244.0,0.0,0.0,0.0,2407.0,0.0,2115.0
2022-08-06 13:00:00,0.0,1209.0,1802.0,0.0,229.0,0.0,0.0,0.0,2274.0,0.0,2051.0
2022-08-06 14:00:00,0.0,1213.0,2029.0,0.0,254.0,0.0,0.0,0.0,2057.0,0.0,1984.0
2022-08-06 15:00:00,0.0,1235.0,2368.0,0.0,356.0,0.0,0.0,0.0,1739.0,0.0,1984.0
2022-08-06 16:00:00,0.0,1251.0,2363.0,0.0,564.0,0.0,0.0,0.0,1251.0,0.0,1942.0
2022-08-06 17:00:00,0.0,1268.0,2812.0,0.0,947.0,0.0,0.0,0.0,661.0,0.0,1790.0
2022-08-06 18:00:00,0.0,1261.0,3138.0,0.0,1157.0,0.0,0.0,0.0,196.0,0.0,1629.0
2022-08-06 19:00:00,0.0,1246.0,3328.0,0.0,1300.0,0.0,0.0,0.0,14.0,0.0,1509.0
2022-08-06 20:00:00,0.0,1233.0,3499.0,0.0,1336.0,0.0,0.0,0.0,0.0,0.0,1471.0
2022-08-06 21:00:00,0.0,1182.0,3384.0,0.0,1238.0,0.0,0.0,0.0,0.0,0.0,1464.0
2022-08-06 22:00:00,0.0,1131.0,3238.0,0.0,1006.0,0.0,0.0,0.0,0.0,0.0,1472.0
2022-08-06 23:00:00,0.0,1133.0,3099.0,0.0,497.0,0.0,0.0,0.0,0.0,0.0,1467.0
2022-08-07 00:00:00,0.0,1150.0,2386.0,0.0,373.0,0.0,0.0,0.0,0.0,0.0,1525.0
2022-08-07 01:00:00,0.0,1208.0,2004.0,0.0,308.0,0.0,0.0,0.0,0.0,0.0,1552.0
2022-08-07 02:00:00,0.0,1231.0,1795.0,0.0,144.0,0.0,0.0,0.0,0.0,0.0,1663.0
2022-08-07 03:00:00,0.0,1238.0,1621.0,0.0,113.0,0.0,0.0,0.0,0.0,0.0,1720.0
2022-08-07 04:00:00,0.0,1180.0,1558.0,0.0,138.0,0.0,0.0,0.0,0.0,0.0,1808.0
2022-08-07 05:00:00,0.0,1065.0,1455.0,0.0,219.0,0.0,0.0,0.0,9.0,0.0,1852.0
2022-08-07 06:00:00,0.0,1043.0,1373.0,0.0,457.0,0.0,0.0,0.0,221.0,0.0,1889.0
2022-08-07 07:00:00,0.0,1026.0,1065.0,0.0,586.0,0.0,0.0,0.0,854.0,0.0,1941.0
2022-08-07 08:00:00,0.0,955.0,872.0,0.0,381.0,0.0,0.0,0.0,1652.0,0.0,2057.0
2022-08-07 09:00:00,0.0,771.0,830.0,0.0,317.0,0.0,0.0,0.0,2331.0,0.0,2178.0
2022-08-07 10:00:00,0.0,685.0,863.0,0.0,274.0,0.0,0.0,0.0,2702.0,0.0,2232.0
2022-08-07 11:00:00,0.0,702.0,890.0,0.0,218.0,0.0,0.0,0.0,2730.0,0.0,2329.0
2022-08-07 12:00:00,0.0,680.0,832.0,0.0,219.0,0.0,0.0,0.0,2842.0,0.0,2396.0
2022-08-07 13:00:00,0.0,644.0,821.0,0.0,185.0,0.0,0.0,0.0,2614.0,0.0,2540.0
2022-08-07 14:00:00,0.0,613.0,791.0,0.0,258.0,0.0,0.0,0.0,2352.0,0.0,2527.0
2022-08-07 15:00:00,0.0,644.0,1093.0,0.0,370.0,0.0,0.0,0.0,1835.0,0.0,2479.0
2022-08-07 16:00:00,0.0,676.0,1302.0,0.0,511.0,0.0,0.0,0.0,1367.0,0.0,2506.0
2022-08-07 17:00:00,0.0,786.0,1576.0,0.0,694.0,0.0,0.0,0.0,751.0,0.0,2346.0
2022-08-07 18:00:00,0.0,873.0,1944.0,0.0,1056.0,0.0,0.0,0.0,221.0,0.0,2133.0
2022-08-07 19:00:00,0.0,914.0,2431.0,0.0,1426.0,0.0,0.0,0.0,12.0,0.0,1900.0
2022-08-07 20:00:00,0.0,938.0,2561.0,0.0,1381.0,0.0,0.0,0.0,0.0,0.0,1999.0
2022-08-07 21:00:00,0.0,942.0,2432.0,0.0,1103.0,0.0,0.0,0.0,0.0,0.0,2182.0
2022-08-07 22:00:00,0.0,941.0,2455.0,0.0,831.0,0.0,0.0,0.0,0.0,0.0,2281.0
2022-08-07 23:00:00,0.0,922.0,2282.0,0.0,524.0,0.0,0.0,0.0,0.0,0.0,2418.0
2022-08-08 00:00:00,0.0,948.0,2296.0,0.0,297.0,0.0,0.0,0.0,0.0,0.0,2570.0
2022-08-08 01:00:00,0.0,957.0,1959.0,0.0,286.0,0.0,0.0,0.0,0.0,0.0,2618.0
2022-08-08 02:00:00,0.0,957.0,1842.0,0.0,110.0,0.0,0.0,0.0,0.0,0.0,2640.0
2022-08-08 03:00:00,0.0,959.0,1609.0,0.0,110.0,0.0,0.0,0.0,0.0,0.0,2673.0
2022-08-08 04:00:00,0.0,963.0,1608.0,0.0,136.0,0.0,0.0,0.0,0.0,0.0,2647.0
2022-08-08 05:00:00,0.0,962.0,1697.0,0.0,236.0,0.0,0.0,0.0,8.0,0.0,2632.0
2022-08-08 06:00:00,0.0,950.0,1654.0,0.0,441.0,0.0,0.0,0.0,225.0,0.0,2670.0
2022-08-08 07:00:00,0.0,926.0,1831.0,0.0,428.0,0.0,0.0,0.0,943.0,0.0,2708.0
2022-08-08 08:00:00,0.0,918.0,1692.0,0.0,399.0,0.0,0.0,0.0,1825.0,0.0,2739.0
2022-08-08 09:00:00,0.0,882.0,1640.0,0.0,294.0,0.0,0.0,0.0,2533.0,0.0,2702.0
2022-08-08 10:00:00,0.0,845.0,1632.0,0.0,218.0,0.0,0.0,0.0,2960.0,0.0,2662.0
2022-08-08 11:00:00,0.0,771.0,1669.0,0.0,140.0,0.0,0.0,0.0,3184.0,0.0,2736.0
2022-08-08 12:00:00,0.0,724.0,1850.0,0.0,218.0,0.0,0.0,0.0,3213.0,0.0,2682.0
2022-08-08 13:00:00,0.0,785.0,2045.0,0.0,242.0,0.0,0.0,0.0,3042.0,0.0,2597.0
2022-08-08 14:00:00,0.0,909.0,2026.0,0.0,327.0,0.0,0.0,0.0,2805.0,0.0,2538.0
2022-08-08 15:00:00,0.0,922.0,2347.0,0.0,472.0,0.0,0.0,0.0,2393.0,0.0,2497.0
2022-08-08 16:00:00,0.0,919.0,2659.0,0.0,782.0,0.0,0.0,0.0,1765.0,0.0,2384.0
2022-08-08 17:00:00,0.0,922.0,2848.0,0.0,983.0,0.0,0.0,0.0,978.0,0.0,2278.0
2022-08-08 18:00:00,0.0,949.0,3087.0,0.0,1168.0,0.0,0.0,0.0,295.0,0.0,2200.0
2022-08-08 19:00:00,0.0,986.0,3143.0,0.0,1465.0,0.0,0.0,0.0,18.0,0.0,2083.0
2022-08-08 20:00:00,0.0,972.0,3189.0,0.0,1511.0,0.0,0.0,0.0,0.0,0.0,2118.0
2022-08-08 21:00:00,0.0,950.0,3132.0,0.0,1317.0,0.0,0.0,0.0,0.0,0.0,2120.0
2022-08-08 22:00:00,0.0,933.0,3011.0,0.0,1135.0,0.0,0.0,0.0,0.0,0.0,2069.0
2022-08-08 23:00:00,0.0,934.0,2925.0,0.0,785.0,0.0,0.0,0.0,0.0,0.0,2098.0
2022-08-09 00:00:00,0.0,927.0,2732.0,0.0,328.0,0.0,0.0,0.0,0.0,0.0,2097.0
2022-08-09 01:00:00,0.0,916.0,2488.0,0.0,364.0,0.0,0.0,0.0,0.0,0.0,2150.0
2022-08-09 02:00:00,0.0,937.0,2328.0,0.0,162.0,0.0,0.0,0.0,0.0,0.0,2198.0
2022-08-09 03:00:00,0.0,956.0,2282.0,0.0,119.0,0.0,0.0,0.0,0.0,0.0,2176.0
2022-08-09 04:00:00,0.0,939.0,2208.0,0.0,137.0,0.0,0.0,0.0,6.0,0.0,2240.0
2022-08-09 05:00:00,0.0,919.0,2115.0,0.0,214.0,0.0,0.0,0.0,13.0,0.0,2306.0
2022-08-09 06:00:00,0.0,929.0,2337.0,0.0,670.0,0.0,0.0,0.0,226.0,0.0,2393.0
2022-08-09 07:00:00,0.0,923.0,2353.0,0.0,606.0,0.0,0.0,0.0,908.0,0.0,2389.0
2022-08-09 08:00:00,0.0,903.0,2483.0,0.0,535.0,0.0,0.0,0.0,1713.0,0.0,2410.0
2022-08-09 09:00:00,0.0,914.0,2211.0,0.0,355.0,0.0,0.0,0.0,2430.0,0.0,2403.0
2022-08-09 10:00:00,0.0,912.0,1878.0,0.0,257.0,0.0,0.0,0.0,2909.0,0.0,2403.0
2022-08-09 11:00:00,0.0,896.0,1652.0,0.0,214.0,0.0,0.0,0.0,3212.0,0.0,2451.0
2022-08-09 12:00:00,0.0,871.0,1746.0,0.0,227.0,0.0,0.0,0.0,3286.0,0.0,2414.0
2022-08-09 13:00:00,0.0,917.0,1926.0,0.0,201.0,0.0,0.0,0.0,3151.0,0.0,2349.0
2022-08-09 14:00:00,0.0,919.0,2003.0,0.0,233.0,0.0,0.0,0.0,2859.0,0.0,2307.0
2022-08-09 15:00:00,0.0,928.0,2365.0,0.0,357.0,0.0,0.0,0.0,2411.0,0.0,2295.0
2022-08-09 16:00:00,0.0,926.0,2582.0,0.0,785.0,0.0,0.0,0.0,1760.0,0.0,2197.0
2022-08-09 17:00:00,0.0,924.0,2824.0,0.0,1027.0,0.0,0.0,0.0,1000.0,0.0,2142.0
2022-08-09 18:00:00,0.0,925.0,3003.0,0.0,1222.0,0.0,0.0,0.0,265.0,0.0,2046.0
2022-08-09 19:00:00,0.0,957.0,3166.0,0.0,1423.0,0.0,0.0,0.0,19.0,0.0,1872.0
2022-08-09 20:00:00,0.0,983.0,3241.0,0.0,1473.0,0.0,0.0,0.0,4.0,0.0,1755.0
2022-08-09 21:00:00,0.0,984.0,3173.0,0.0,1244.0,0.0,0.0,0.0,0.0,0.0,1740.0
2022-08-09 22:00:00,0.0,974.0,3111.0,0.0,957.0,0.0,0.0,0.0,0.0,0.0,1665.0
2022-08-09 23:00:00,0.0,959.0,2924.0,0.0,501.0,0.0,0.0,0.0,0.0,0.0,1673.0
2022-08-10 00:00:00,0.0,968.0,2498.0,0.0,251.0,0.0,0.0,0.0,0.0,0.0,1743.0
2022-08-10 01:00:00,0.0,965.0,2178.0,0.0,228.0,0.0,0.0,0.0,0.0,0.0,1772.0
2022-08-10 02:00:00,0.0,958.0,1871.0,0.0,148.0,0.0,0.0,0.0,0.0,0.0,1885.0
2022-08-10 03:00:00,0.0,946.0,1847.0,0.0,148.0,0.0,0.0,0.0,0.0,0.0,1950.0
2022-08-10 04:00:00,0.0,937.0,1696.0,0.0,175.0,0.0,0.0,0.0,0.0,0.0,2045.0
2022-08-10 05:00:00,0.0,930.0,1586.0,0.0,258.0,0.0,0.0,0.0,6.0,0.0,2133.0
2022-08-10 06:00:00,0.0,943.0,1957.0,0.0,477.0,0.0,0.0,0.0,192.0,0.0,2132.0
2022-08-10 07:00:00,0.0,940.0,2161.0,0.0,562.0,0.0,0.0,0.0,755.0,0.0,2179.0
2022-08-10 08:00:00,0.0,952.0,2182.0,0.0,425.0,0.0,0.0,0.0,1424.0,0.0,2208.0
2022-08-10 09:00:00,0.0,937.0,1805.0,0.0,283.0,0.0,0.0,0.0,2161.0,0.0,2304.0
2022-08-10 10:00:00,0.0,876.0,1573.0,0.0,252.0,0.0,0.0,0.0,2816.0,0.0,2330.0
2022-08-10 11:00:00,0.0,825.0,1664.0,0.0,213.0,0.0,0.0,0.0,3036.0,0.0,2294.0
2022-08-10 12:00:00,0.0,862.0,1901.0,0.0,255.0,0.0,0.0,0.0,2865.0,0.0,2259.0
2022-08-10 13:00:00,0.0,909.0,1934.0,0.0,211.0,0.0,0.0,0.0,2709.0,0.0,2208.0
2022-08-10 14:00:00,0.0,921.0,2009.0,0.0,235.0,0.0,0.0,0.0,2383.0,0.0,2173.0
2022-08-10 15:00:00,0.0,912.0,1985.0,0.0,413.0,0.0,0.0,0.0,2056.0,0.0,2198.0
2022-08-10 16:00:00,0.0,876.0,2067.0,0.0,738.0,0.0,0.0,0.0,1595.0,0.0,2247.0
2022-08-10 17:00:00,0.0,941.0,2556.0,0.0,973.0,0.0,0.0,0.0,849.0,0.0,2115.0
2022-08-10 18:00:00,0.0,961.0,2805.0,0.0,1170.0,0.0,0.0,0.0,250.0,0.0,1973.0
2022-08-10 19:00:00,0.0,959.0,2854.0,0.0,1354.0,0.0,0.0,0.0,11.0,0.0,1916.0
2022-08-10 20:00:00,0.0,956.0,2886.0,0.0,1292.0,0.0,0.0,0.0,0.0,0.0,1946.0
2022-08-10 21:00:00,0.0,961.0,2814.0,0.0,1131.0,0.0,0.0,0.0,0.0,0.0,1845.0
2022-08-10 22:00:00,0.0,959.0,2799.0,0.0,951.0,0.0,0.0,0.0,0.0,0.0,1783.0
2022-08-10 23:00:00,0.0,951.0,2751.0,0.0,537.0,0.0,0.0,0.0,0.0,0.0,1801.0
2022-08-11 00:00:00,0.0,925.0,2221.0,0.0,253.0,0.0,0.0,0.0,0.0,0.0,1831.0
2022-08-11 01:00:00,0.0,921.0,2018.0,0.0,167.0,0.0,0.0,0.0,0.0,0.0,1844.0
2022-08-11 02:00:00,0.0,921.0,1855.0,0.0,148.0,0.0,0.0,0.0,0.0,0.0,1859.0
2022-08-11 03:00:00,0.0,919.0,1676.0,0.0,148.0,0.0,0.0,0.0,0.0,0.0,1933.0
2022-08-11 04:00:00,0.0,890.0,1699.0,0.0,174.0,0.0,0.0,0.0,0.0,0.0,2012.0
2022-08-11 05:00:00,0.0,876.0,1938.0,0.0,255.0,0.0,0.0,0.0,5.0,0.0,2047.0
2022-08-11 06:00:00,0.0,792.0,2448.0,0.0,386.0,0.0,0.0,0.0,188.0,0.0,2025.0
2022-08-11 07:00:00,0.0,572.0,2707.0,0.0,715.0,0.0,0.0,0.0,780.0,0.0,1966.0
2022-08-11 08:00:00,0.0,459.0,2703.0,0.0,573.0,0.0,0.0,0.0,1623.0,0.0,1932.0
2022-08-11 09:00:00,0.0,462.0,2422.0,0.0,363.0,0.0,0.0,0.0,2386.0,0.0,1882.0
2022-08-11 10:00:00,0.0,600.0,2411.0,0.0,298.0,0.0,0.0,0.0,2873.0,0.0,1765.0
2022-08-11 11:00:00,0.0,672.0,2252.0,0.0,269.0,0.0,0.0,0.0,3116.0,0.0,1628.0
2022-08-11 12:00:00,0.0,712.0,2308.0,0.0,245.0,0.0,0.0,0.0,3119.0,0.0,1485.0
2022-08-11 13:00:00,0.0,746.0,2618.0,0.0,242.0,0.0,0.0,0.0,2864.0,0.0,1361.0
2022-08-11 14:00:00,0.0,786.0,2789.0,0.0,449.0,0.0,0.0,0.0,2392.0,0.0,1250.0
2022-08-11 15:00:00,0.0,776.0,3016.0,0.0,724.0,0.0,0.0,0.0,1867.0,0.0,1150.0
2022-08-11 16:00:00,0.0,768.0,3197.0,0.0,1143.0,0.0,0.0,0.0,1198.0,0.0,1043.0
2022-08-11 17:00:00,0.0,759.0,3532.0,0.0,1234.0,0.0,0.0,0.0,607.0,0.0,931.0
2022-08-11 18:00:00,0.0,755.0,3825.0,0.0,1348.0,0.0,0.0,0.0,192.0,0.0,799.0
2022-08-11 19:00:00,0.0,758.0,3971.0,0.0,1491.0,0.0,0.0,0.0,10.0,0.0,791.0
2022-08-11 20:00:00,0.0,758.0,3957.0,0.0,1588.0,0.0,0.0,0.0,0.0,0.0,772.0
2022-08-11 21:00:00,0.0,757.0,3769.0,0.0,1399.0,0.0,0.0,0.0,0.0,0.0,820.0
2022-08-11 22:00:00,0.0,759.0,3588.0,0.0,1173.0,0.0,0.0,0.0,0.0,0.0,838.0
2022-08-11 23:00:00,0.0,769.0,3692.0,0.0,757.0,0.0,0.0,0.0,0.0,0.0,902.0
2022-08-12 00:00:00,0.0,765.0,3461.0,0.0,249.0,0.0,0.0,0.0,0.0,0.0,942.0
2022-08-12 01:00:00,0.0,763.0,3122.0,0.0,149.0,0.0,0.0,0.0,0.0,0.0,1047.0
2022-08-12 02:00:00,0.0,758.0,2765.0,0.0,149.0,0.0,0.0,0.0,0.0,0.0,1190.0
2022-08-12 03:00:00,0.0,758.0,2524.0,0.0,150.0,0.0,0.0,0.0,0.0,0.0,1310.0
2022-08-12 04:00:00,0.0,757.0,2480.0,0.0,176.0,0.0,0.0,0.0,0.0,0.0,1406.0
2022-08-12 05:00:00,0.0,763.0,2462.0,0.0,256.0,0.0,0.0,0.0,3.0,0.0,1442.0
2022-08-12 06:00:00,0.0,762.0,3151.0,0.0,429.0,0.0,0.0,0.0,141.0,0.0,1461.0
2022-08-12 07:00:00,0.0,725.0,3342.0,0.0,505.0,0.0,0.0,0.0,576.0,0.0,1519.0
2022-08-12 08:00:00,0.0,704.0,3335.0,0.0,437.0,0.0,0.0,0.0,1175.0,0.0,1455.0
2022-08-12 09:00:00,0.0,713.0,3018.0,0.0,364.0,0.0,0.0,0.0,1774.0,0.0,1407.0
2022-08-12 10:00:00,0.0,738.0,2731.0,0.0,256.0,0.0,0.0,0.0,2228.0,0.0,1365.0
2022-08-12 11:00:00,0.0,761.0,2624.0,0.0,238.0,0.0,0.0,0.0,2492.0,0.0,1322.0
2022-08-12 12:00:00,0.0,764.0,2908.0,0.0,267.0,0.0,0.0,0.0,2518.0,0.0,1249.0
2022-08-12 13:00:00,0.0,768.0,2935.0,0.0,224.0,0.0,0.0,0.0,2417.0,0.0,1214.0
2022-08-12 14:00:00,0.0,767.0,2586.0,0.0,261.0,0.0,0.0,0.0,2212.0,0.0,1089.0
2022-08-12 15:00:00,0.0,764.0,3097.0,0.0,287.0,0.0,0.0,0.0,1783.0,0.0,1002.0
2022-08-12 16:00:00,0.0,768.0,3667.0,0.0,798.0,0.0,0.0,0.0,1108.0,0.0,909.0
2022-08-12 17:00:00,0.0,766.0,3882.0,0.0,1086.0,0.0,0.0,0.0,543.0,0.0,774.0
2022-08-12 18:00:00,0.0,775.0,4082.0,0.0,1193.0,0.0,0.0,0.0,129.0,0.0,702.0
2022-08-12 19:00:00,0.0,772.0,4240.0,0.0,1187.0,0.0,0.0,0.0,3.0,0.0,600.0
2022-08-12 20:00:00,0.0,728.0,4209.0,0.0,1327.0,0.0,0.0,0.0,0.0,0.0,507.0
2022-08-12 21:00:00,0.0,607.0,4117.0,0.0,1068.0,0.0,0.0,0.0,0.0,0.0,543.0
2022-08-12 22:00:00,0.0,590.0,4183.0,0.0,712.0,0.0,0.0,0.0,0.0,0.0,550.0
2022-08-12 23:00:00,0.0,588.0,3885.0,0.0,538.0,0.0,0.0,0.0,0.0,0.0,563.0
2022-08-13 00:00:00,0.0,654.0,3152.0,0.0,272.0,0.0,0.0,0.0,0.0,0.0,664.0
2022-08-13 01:00:00,0.0,739.0,2805.0,0.0,177.0,0.0,0.0,0.0,0.0,0.0,764.0
2022-08-13 02:00:00,0.0,745.0,2717.0,0.0,176.0,0.0,0.0,0.0,0.0,0.0,795.0
2022-08-13 03:00:00,0.0,745.0,2571.0,0.0,176.0,0.0,0.0,0.0,0.0,0.0,737.0
2022-08-13 04:00:00,0.0,748.0,2669.0,0.0,201.0,0.0,0.0,0.0,0.0,0.0,647.0
2022-08-13 05:00:00,0.0,751.0,2815.0,0.0,280.0,0.0,0.0,0.0,3.0,0.0,540.0
2022-08-13 06:00:00,0.0,752.0,3094.0,0.0,489.0,0.0,0.0,0.0,104.0,0.0,510.0
2022-08-13 07:00:00,0.0,764.0,3195.0,0.0,576.0,0.0,0.0,0.0,395.0,0.0,468.0
2022-08-13 08:00:00,0.0,761.0,3037.0,0.0,518.0,0.0,0.0,0.0,952.0,0.0,407.0
2022-08-13 09:00:00,0.0,745.0,2628.0,0.0,496.0,0.0,0.0,0.0,1512.0,0.0,419.0
2022-08-13 10:00:00,0.0,743.0,2589.0,0.0,304.0,0.0,0.0,0.0,1871.0,0.0,490.0
2022-08-13 11:00:00,0.0,752.0,2652.0,0.0,273.0,0.0,0.0,0.0,2085.0,0.0,475.0
2022-08-13 12:00:00,0.0,748.0,2754.0,0.0,265.0,0.0,0.0,0.0,2096.0,0.0,473.0
2022-08-13 13:00:00,0.0,738.0,2535.0,0.0,204.0,0.0,0.0,0.0,1975.0,0.0,483.0
2022-08-13 14:00:00,0.0,739.0,2643.0,0.0,222.0,0.0,0.0,0.0,1787.0,0.0,493.0
2022-08-13 15:00:00,0.0,733.0,2705.0,0.0,293.0,0.0,0.0,0.0,1489.0,0.0,471.0
2022-08-13 16:00:00,0.0,734.0,2735.0,0.0,729.0,0.0,0.0,0.0,1147.0,0.0,345.0
2022-08-13 17:00:00,0.0,732.0,3158.0,0.0,980.0,0.0,0.0,0.0,644.0,0.0,258.0
2022-08-13 18:00:00,0.0,730.0,3453.0,0.0,1359.0,0.0,0.0,0.0,164.0,0.0,204.0
2022-08-13 19:00:00,0.0,719.0,3585.0,0.0,1620.0,0.0,0.0,0.0,6.0,0.0,199.0
2022-08-13 20:00:00,0.0,719.0,3577.0,0.0,1545.0,0.0,0.0,0.0,0.0,0.0,215.0
2022-08-13 21:00:00,0.0,705.0,3410.0,0.0,1345.0,0.0,0.0,0.0,0.0,0.0,283.0
2022-08-13 22:00:00,0.0,720.0,3346.0,0.0,993.0,0.0,0.0,0.0,0.0,0.0,286.0
2022-08-13 23:00:00,0.0,733.0,3506.0,0.0,557.0,0.0,0.0,0.0,0.0,0.0,204.0
2022-08-14 00:00:00,0.0,737.0,3158.0,0.0,233.0,0.0,0.0,0.0,0.0,0.0,223.0
2022-08-14 01:00:00,0.0,747.0,2976.0,0.0,147.0,0.0,0.0,0.0,0.0,0.0,268.0
2022-08-14 02:00:00,0.0,755.0,2813.0,0.0,114.0,0.0,0.0,0.0,0.0,0.0,240.0
2022-08-14 03:00:00,0.0,759.0,2661.0,0.0,138.0,0.0,0.0,0.0,0.0,0.0,218.0
2022-08-14 04:00:00,0.0,759.0,2593.0,0.0,163.0,0.0,0.0,0.0,0.0,0.0,207.0
2022-08-14 05:00:00,0.0,763.0,2444.0,0.0,240.0,0.0,0.0,0.0,2.0,0.0,250.0
2022-08-14 06:00:00,0.0,766.0,2208.0,0.0,398.0,0.0,0.0,0.0,143.0,0.0,278.0
2022-08-14 07:00:00,0.0,766.0,2019.0,0.0,453.0,0.0,0.0,0.0,572.0,0.0,237.0
2022-08-14 08:00:00,0.0,752.0,1731.0,0.0,390.0,0.0,0.0,0.0,1221.0,0.0,194.0
2022-08-14 09:00:00,0.0,649.0,1585.0,0.0,362.0,0.0,0.0,0.0,1755.0,0.0,229.0
2022-08-14 10:00:00,0.0,697.0,1677.0,0.0,245.0,0.0,0.0,0.0,2138.0,0.0,293.0
2022-08-14 11:00:00,0.0,724.0,1614.0,0.0,225.0,0.0,0.0,0.0,2312.0,0.0,433.0
2022-08-14 12:00:00,0.0,710.0,1427.0,0.0,195.0,0.0,0.0,0.0,2189.0,0.0,597.0
2022-08-14 13:00:00,0.0,0.0,0.0,0.0,0.0,0.0,0.0,0.0,1952.0,0.0,734.0
2022-08-14 14:00:00,0.0,729.0,1504.0,0.0,213.0,0.0,0.0,0.0,1652.0,0.0,859.0
2022-08-14 15:00:00,0.0,728.0,1554.0,0.0,254.0,0.0,0.0,0.0,1397.0,0.0,972.0
2022-08-14 16:00:00,0.0,732.0,1966.0,0.0,307.0,0.0,0.0,0.0,964.0,0.0,826.0
2022-08-14 17:00:00,0.0,736.0,2704.0,0.0,506.0,0.0,0.0,0.0,545.0,0.0,741.0
2022-08-14 18:00:00,0.0,747.0,2817.0,0.0,1107.0,0.0,0.0,0.0,164.0,0.0,861.0
2022-08-14 19:00:00,0.0,762.0,2629.0,0.0,1378.0,0.0,0.0,0.0,7.0,0.0,1016.0
2022-08-14 20:00:00,0.0,767.0,2750.0,0.0,1388.0,0.0,0.0,0.0,0.0,0.0,1067.0
2022-08-14 21:00:00,0.0,768.0,2688.0,0.0,1219.0,0.0,0.0,0.0,0.0,0.0,1048.0
2022-08-14 22:00:00,0.0,772.0,2877.0,0.0,958.0,0.0,0.0,0.0,0.0,0.0,797.0
2022-08-14 23:00:00,0.0,772.0,3068.0,0.0,618.0,0.0,0.0,0.0,0.0,0.0,624.0
2022-08-15 00:00:00,0.0,767.0,3049.0,0.0,284.0,0.0,0.0,0.0,0.0,0.0,530.0
2022-08-15 01:00:00,0.0,768.0,2809.0,0.0,126.0,0.0,0.0,0.0,0.0,0.0,533.0
2022-08-15 02:00:00,0.0,770.0,2727.0,0.0,101.0,0.0,0.0,0.0,0.0,0.0,559.0
2022-08-15 03:00:00,0.0,772.0,2649.0,0.0,101.0,0.0,0.0,0.0,0.0,0.0,479.0
2022-08-15 04:00:00,0.0,775.0,2522.0,0.0,127.0,0.0,0.0,0.0,0.0,0.0,528.0
2022-08-15 05:00:00,0.0,775.0,2595.0,0.0,233.0,0.0,0.0,0.0,4.0,0.0,558.0
2022-08-15 06:00:00,0.0,769.0,2726.0,0.0,473.0,0.0,0.0,0.0,196.0,0.0,557.0
2022-08-15 07:00:00,0.0,769.0,2627.0,0.0,474.0,0.0,0.0,0.0,933.0,0.0,374.0
2022-08-15 08:00:00,0.0,730.0,2197.0,0.0,426.0,0.0,0.0,0.0,1853.0,0.0,257.0
2022-08-15 09:00:00,0.0,731.0,1837.0,0.0,311.0,0.0,0.0,0.0,2581.0,0.0,209.0
2022-08-15 10:00:00,0.0,720.0,1675.0,0.0,277.0,0.0,0.0,0.0,3082.0,0.0,179.0
2022-08-15 11:00:00,0.0,710.0,1581.0,0.0,158.0,0.0,0.0,0.0,3366.0,0.0,190.0
2022-08-15 12:00:00,0.0,709.0,1579.0,0.0,153.0,0.0,0.0,0.0,3432.0,0.0,222.0
2022-08-15 13:00:00,0.0,704.0,1582.0,0.0,110.0,0.0,0.0,0.0,3334.0,0.0,239.0
2022-08-15 14:00:00,0.0,689.0,1616.0,0.0,143.0,0.0,0.0,0.0,3032.0,0.0,297.0
2022-08-15 15:00:00,0.0,695.0,2067.0,0.0,235.0,0.0,0.0,0.0,2579.0,0.0,303.0
2022-08-15 16:00:00,0.0,764.0,2584.0,0.0,354.0,0.0,0.0,0.0,1896.0,0.0,315.0
2022-08-15 17:00:00,0.0,828.0,3024.0,0.0,872.0,0.0,0.0,0.0,1026.0,0.0,301.0
2022-08-15 18:00:00,0.0,850.0,3296.0,0.0,1456.0,0.0,0.0,0.0,252.0,0.0,233.0
2022-08-15 19:00:00,0.0,902.0,3508.0,0.0,1550.0,0.0,0.0,0.0,8.0,0.0,190.0
2022-08-15 20:00:00,0.0,913.0,3618.0,0.0,1533.0,0.0,0.0,0.0,0.0,0.0,237.0
2022-08-15 21:00:00,0.0,919.0,3550.0,0.0,1349.0,0.0,0.0,0.0,0.0,0.0,310.0
2022-08-15 22:00:00,0.0,922.0,3502.0,0.0,1186.0,0.0,0.0,0.0,0.0,0.0,350.0
2022-08-15 23:00:00,0.0,924.0,3663.0,0.0,754.0,0.0,0.0,0.0,0.0,0.0,368.0
2022-08-16 00:00:00,0.0,945.0,3503.0,0.0,201.0,0.0,0.0,0.0,0.0,0.0,383.0
2022-08-16 01:00:00,0.0,952.0,3302.0,0.0,111.0,0.0,0.0,0.0,0.0,0.0,364.0
2022-08-16 02:00:00,0.0,917.0,3206.0,0.0,69.0,0.0,0.0,0.0,0.0,0.0,368.0
2022-08-16 03:00:00,0.0,848.0,3154.0,0.0,101.0,0.0,0.0,0.0,0.0,0.0,423.0
2022-08-16 04:00:00,0.0,769.0,3363.0,0.0,212.0,0.0,0.0,0.0,0.0,0.0,355.0
2022-08-16 05:00:00,0.0,746.0,3416.0,0.0,357.0,0.0,0.0,0.0,4.0,0.0,294.0
2022-08-16 06:00:00,0.0,763.0,3412.0,0.0,545.0,0.0,0.0,0.0,194.0,0.0,225.0
2022-08-16 07:00:00,0.0,792.0,3309.0,0.0,539.0,0.0,0.0,0.0,891.0,0.0,184.0
2022-08-16 08:00:00,0.0,846.0,3061.0,0.0,436.0,0.0,0.0,0.0,1766.0,0.0,118.0
2022-08-16 09:00:00,0.0,881.0,2668.0,0.0,329.0,0.0,0.0,0.0,2461.0,0.0,104.0
2022-08-16 10:00:00,0.0,896.0,2513.0,0.0,264.0,0.0,0.0,0.0,2929.0,0.0,113.0
2022-08-16 11:00:00,0.0,982.0,2568.0,0.0,247.0,0.0,0.0,0.0,3116.0,0.0,157.0
2022-08-16 12:00:00,0.0,1042.0,2663.0,0.0,375.0,0.0,0.0,0.0,3023.0,0.0,219.0
2022-08-16 13:00:00,0.0,1036.0,2574.0,0.0,494.0,0.0,0.0,0.0,2863.0,0.0,324.0
2022-08-16 14:00:00,0.0,0.0,0.0,0.0,0.0,0.0,0.0,0.0,2617.0,0.0,443.0
2022-08-16 15:00:00,0.0,1041.0,2747.0,0.0,615.0,0.0,0.0,0.0,2179.0,0.0,496.0
2022-08-16 16:00:00,0.0,1040.0,3212.0,0.0,836.0,0.0,0.0,0.0,1511.0,0.0,548.0
2022-08-16 17:00:00,0.0,1033.0,3511.0,0.0,1301.0,0.0,0.0,0.0,691.0,0.0,570.0
2022-08-16 18:00:00,0.0,1033.0,3557.0,0.0,1567.0,0.0,0.0,0.0,167.0,0.0,661.0
2022-08-16 19:00:00,0.0,1034.0,3451.0,0.0,1655.0,0.0,0.0,0.0,7.0,0.0,807.0
2022-08-16 20:00:00,0.0,1032.0,3412.0,0.0,1655.0,0.0,0.0,0.0,0.0,0.0,887.0
2022-08-16 21:00:00,0.0,1038.0,3284.0,0.0,1456.0,0.0,0.0,0.0,0.0,0.0,847.0
2022-08-16 22:00:00,0.0,1047.0,3469.0,0.0,1135.0,0.0,0.0,0.0,0.0,0.0,706.0
2022-08-16 23:00:00,0.0,1045.0,3622.0,0.0,846.0,0.0,0.0,0.0,0.0,0.0,590.0
2022-08-17 00:00:00,0.0,1043.0,3790.0,0.0,359.0,0.0,0.0,0.0,0.0,0.0,551.0
2022-08-17 01:00:00,0.0,1043.0,3651.0,0.0,207.0,0.0,0.0,0.0,0.0,0.0,487.0
2022-08-17 02:00:00,0.0,1037.0,3378.0,0.0,148.0,0.0,0.0,0.0,0.0,0.0,519.0
2022-08-17 03:00:00,0.0,1033.0,3267.0,0.0,148.0,0.0,0.0,0.0,0.0,0.0,544.0
2022-08-17 04:00:00,0.0,1038.0,3292.0,0.0,150.0,0.0,0.0,0.0,0.0,0.0,572.0
2022-08-17 05:00:00,0.0,1032.0,3560.0,0.0,252.0,0.0,0.0,0.0,3.0,0.0,481.0
2022-08-17 06:00:00,0.0,1049.0,3547.0,0.0,515.0,0.0,0.0,0.0,175.0,0.0,418.0
2022-08-17 07:00:00,0.0,1096.0,3426.0,0.0,556.0,0.0,0.0,0.0,855.0,0.0,379.0
2022-08-17 08:00:00,0.0,1140.0,3245.0,0.0,399.0,0.0,0.0,0.0,1730.0,0.0,355.0
2022-08-17 09:00:00,0.0,1187.0,3083.0,0.0,286.0,0.0,0.0,0.0,2445.0,0.0,377.0
2022-08-17 10:00:00,0.0,1198.0,2940.0,0.0,244.0,0.0,0.0,0.0,2955.0,0.0,423.0
2022-08-17 11:00:00,0.0,1194.0,2882.0,0.0,206.0,0.0,0.0,0.0,3266.0,0.0,470.0
2022-08-17 12:00:00,0.0,1186.0,2851.0,0.0,213.0,0.0,0.0,0.0,3353.0,0.0,489.0
2022-08-17 13:00:00,0.0,1179.0,2890.0,0.0,172.0,0.0,0.0,0.0,3252.0,0.0,531.0
2022-08-17 14:00:00,0.0,1159.0,3035.0,0.0,178.0,0.0,0.0,0.0,2929.0,0.0,572.0
2022-08-17 15:00:00,0.0,1189.0,3310.0,0.0,209.0,0.0,0.0,0.0,2387.0,0.0,599.0
2022-08-17 16:00:00,0.0,1190.0,3773.0,0.0,418.0,0.0,0.0,0.0,1751.0,0.0,604.0
2022-08-17 17:00:00,0.0,1181.0,3896.0,0.0,686.0,0.0,0.0,0.0,955.0,0.0,580.0
2022-08-17 18:00:00,0.0,1181.0,4116.0,0.0,1347.0,0.0,0.0,0.0,232.0,0.0,527.0
2022-08-17 19:00:00,0.0,1189.0,4200.0,0.0,1538.0,0.0,0.0,0.0,7.0,0.0,498.0
2022-08-17 20:00:00,0.0,1228.0,4120.0,0.0,1726.0,0.0,0.0,0.0,0.0,0.0,520.0
2022-08-17 21:00:00,0.0,1231.0,4126.0,0.0,1350.0,0.0,0.0,0.0,0.0,0.0,544.0
2022-08-17 22:00:00,0.0,1229.0,4040.0,0.0,938.0,0.0,0.0,0.0,0.0,0.0,559.0
2022-08-17 23:00:00,0.0,1238.0,4186.0,0.0,580.0,0.0,0.0,0.0,0.0,0.0,619.0
2022-08-18 00:00:00,0.0,1243.0,3928.0,0.0,259.0,0.0,0.0,0.0,0.0,0.0,715.0
2022-08-18 01:00:00,0.0,1235.0,3508.0,0.0,121.0,0.0,0.0,0.0,0.0,0.0,914.0
2022-08-18 02:00:00,0.0,1234.0,3133.0,0.0,107.0,0.0,0.0,0.0,0.0,0.0,960.0
2022-08-18 03:00:00,0.0,1225.0,3048.0,0.0,107.0,0.0,0.0,0.0,0.0,0.0,981.0
2022-08-18 04:00:00,0.0,1229.0,3038.0,0.0,128.0,0.0,0.0,0.0,0.0,0.0,976.0
2022-08-18 05:00:00,0.0,1225.0,3084.0,0.0,212.0,0.0,0.0,0.0,2.0,0.0,1020.0
2022-08-18 06:00:00,0.0,1229.0,3111.0,0.0,363.0,0.0,0.0,0.0,145.0,0.0,1003.0
2022-08-18 07:00:00,0.0,1228.0,3109.0,0.0,452.0,0.0,0.0,0.0,767.0,0.0,855.0
2022-08-18 08:00:00,0.0,1240.0,2759.0,0.0,450.0,0.0,0.0,0.0,1556.0,0.0,866.0
2022-08-18 09:00:00,0.0,1234.0,2532.0,0.0,288.0,0.0,0.0,0.0,2199.0,0.0,885.0
2022-08-18 10:00:00,0.0,1232.0,2591.0,0.0,224.0,0.0,0.0,0.0,2642.0,0.0,853.0
2022-08-18 11:00:00,0.0,1241.0,2681.0,0.0,167.0,0.0,0.0,0.0,2882.0,0.0,831.0
2022-08-18 12:00:00,0.0,1240.0,2997.0,0.0,222.0,0.0,0.0,0.0,2953.0,0.0,838.0
2022-08-18 13:00:00,0.0,1243.0,3039.0,0.0,201.0,0.0,0.0,0.0,2860.0,0.0,881.0
2022-08-18 14:00:00,0.0,1240.0,3108.0,0.0,210.0,0.0,0.0,0.0,2609.0,0.0,843.0
2022-08-18 15:00:00,0.0,1246.0,3487.0,0.0,365.0,0.0,0.0,0.0,2154.0,0.0,806.0
2022-08-18 16:00:00,0.0,1247.0,3832.0,0.0,757.0,0.0,0.0,0.0,1516.0,0.0,788.0
2022-08-18 17:00:00,0.0,1244.0,3882.0,0.0,928.0,0.0,0.0,0.0,770.0,0.0,779.0
2022-08-18 18:00:00,0.0,1241.0,4003.0,0.0,1393.0,0.0,0.0,0.0,181.0,0.0,684.0
2022-08-18 19:00:00,0.0,1234.0,4006.0,0.0,1527.0,0.0,0.0,0.0,4.0,0.0,698.0
2022-08-18 20:00:00,0.0,1209.0,3971.0,0.0,1615.0,0.0,0.0,0.0,0.0,0.0,716.0
2022-08-18 21:00:00,0.0,1198.0,3959.0,0.0,1293.0,0.0,0.0,0.0,0.0,0.0,651.0
2022-08-18 22:00:00,0.0,1198.0,3887.0,0.0,881.0,0.0,0.0,0.0,0.0,0.0,650.0
2022-08-18 23:00:00,0.0,1202.0,4029.0,0.0,603.0,0.0,0.0,0.0,0.0,0.0,605.0
2022-08-19 00:00:00,0.0,1215.0,4103.0,0.0,235.0,0.0,0.0,0.0,0.0,0.0,600.0
2022-08-19 01:00:00,0.0,1213.0,3997.0,0.0,121.0,0.0,0.0,0.0,0.0,0.0,614.0
2022-08-19 02:00:00,0.0,1205.0,3850.0,0.0,138.0,0.0,0.0,0.0,0.0,0.0,555.0
2022-08-19 03:00:00,0.0,1206.0,3796.0,0.0,142.0,0.0,0.0,0.0,0.0,0.0,496.0
2022-08-19 04:00:00,0.0,1213.0,3838.0,0.0,200.0,0.0,0.0,0.0,0.0,0.0,456.0
2022-08-19 05:00:00,0.0,1220.0,3797.0,0.0,357.0,0.0,0.0,0.0,2.0,0.0,447.0
2022-08-19 06:00:00,0.0,1226.0,3700.0,0.0,519.0,0.0,0.0,0.0,151.0,0.0,437.0
2022-08-19 07:00:00,0.0,1226.0,3805.0,0.0,496.0,0.0,0.0,0.0,706.0,0.0,305.0
2022-08-19 08:00:00,0.0,1229.0,3628.0,0.0,549.0,0.0,0.0,0.0,1426.0,0.0,208.0
2022-08-19 09:00:00,0.0,1243.0,3585.0,0.0,383.0,0.0,0.0,0.0,2027.0,0.0,189.0
2022-08-19 10:00:00,0.0,1245.0,3560.0,0.0,294.0,0.0,0.0,0.0,2461.0,0.0,204.0
2022-08-19 11:00:00,0.0,1271.0,3517.0,0.0,306.0,0.0,0.0,0.0,2698.0,0.0,242.0
2022-08-19 12:00:00,0.0,1329.0,3638.0,0.0,282.0,0.0,0.0,0.0,2776.0,0.0,304.0
2022-08-19 13:00:00,0.0,1352.0,3559.0,0.0,397.0,0.0,0.0,0.0,2698.0,0.0,410.0
2022-08-19 14:00:00,0.0,1388.0,3584.0,0.0,414.0,0.0,0.0,0.0,2447.0,0.0,452.0
2022-08-19 15:00:00,0.0,1386.0,3751.0,0.0,369.0,0.0,0.0,0.0,2016.0,0.0,541.0
2022-08-19 16:00:00,0.0,1385.0,3844.0,0.0,519.0,0.0,0.0,0.0,1394.0,0.0,541.0
2022-08-19 17:00:00,0.0,1378.0,4090.0,0.0,1423.0,0.0,0.0,0.0,696.0,0.0,420.0
2022-08-19 18:00:00,0.0,1371.0,4182.0,0.0,1987.0,0.0,0.0,0.0,175.0,0.0,358.0
2022-08-19 19:00:00,0.0,1366.0,4248.0,0.0,2186.0,0.0,0.0,0.0,3.0,0.0,310.0
2022-08-19 20:00:00,0.0,1372.0,4061.0,0.0,1832.0,0.0,0.0,0.0,0.0,0.0,206.0
2022-08-19 21:00:00,0.0,1364.0,4183.0,0.0,1582.0,0.0,0.0,0.0,0.0,0.0,171.0
2022-08-19 22:00:00,0.0,1370.0,4278.0,0.0,1319.0,0.0,0.0,0.0,0.0,0.0,161.0
2022-08-19 23:00:00,0.0,1369.0,3983.0,0.0,661.0,0.0,0.0,0.0,0.0,0.0,178.0
2022-08-20 00:00:00,0.0,1346.0,4213.0,0.0,669.0,0.0,0.0,0.0,0.0,0.0,146.0
2022-08-20 01:00:00,0.0,1356.0,4614.0,0.0,601.0,0.0,0.0,0.0,0.0,0.0,142.0
2022-08-20 02:00:00,0.0,1368.0,4113.0,0.0,196.0,0.0,0.0,0.0,0.0,0.0,150.0
2022-08-20 03:00:00,0.0,1368.0,4133.0,0.0,186.0,0.0,0.0,0.0,0.0,0.0,128.0
2022-08-20 04:00:00,0.0,1378.0,4128.0,0.0,189.0,0.0,0.0,0.0,0.0,0.0,138.0
2022-08-20 05:00:00,0.0,1381.0,3927.0,0.0,238.0,0.0,0.0,0.0,1.0,0.0,184.0
2022-08-20 06:00:00,0.0,1384.0,3752.0,0.0,403.0,0.0,0.0,0.0,135.0,0.0,204.0
2022-08-20 07:00:00,0.0,1381.0,3672.0,0.0,561.0,0.0,0.0,0.0,600.0,0.0,177.0
2022-08-20 08:00:00,0.0,1373.0,3650.0,0.0,548.0,0.0,0.0,0.0,1226.0,0.0,143.0
2022-08-20 09:00:00,0.0,1371.0,3403.0,0.0,409.0,0.0,0.0,0.0,1777.0,0.0,163.0
2022-08-20 10:00:00,0.0,1373.0,3437.0,0.0,274.0,0.0,0.0,0.0,2177.0,0.0,172.0
2022-08-20 11:00:00,0.0,1373.0,3376.0,0.0,247.0,0.0,0.0,0.0,2390.0,0.0,222.0
2022-08-20 12:00:00,0.0,1372.0,3408.0,0.0,261.0,0.0,0.0,0.0,2477.0,0.0,289.0
2022-08-20 13:00:00,0.0,1365.0,3423.0,0.0,236.0,0.0,0.0,0.0,2449.0,0.0,349.0
2022-08-20 14:00:00,0.0,1375.0,3481.0,0.0,282.0,0.0,0.0,0.0,2204.0,0.0,432.0
2022-08-20 15:00:00,0.0,1365.0,3618.0,0.0,443.0,0.0,0.0,0.0,1753.0,0.0,542.0
2022-08-20 16:00:00,0.0,1364.0,3697.0,0.0,681.0,0.0,0.0,0.0,1179.0,0.0,633.0
2022-08-20 17:00:00,0.0,1375.0,3827.0,0.0,723.0,0.0,0.0,0.0,560.0,0.0,650.0
2022-08-20 18:00:00,0.0,1371.0,3774.0,0.0,1301.0,0.0,0.0,0.0,131.0,0.0,678.0
2022-08-20 19:00:00,0.0,1378.0,3881.0,0.0,1547.0,0.0,0.0,0.0,3.0,0.0,669.0
2022-08-20 20:00:00,0.0,1368.0,4113.0,0.0,1666.0,0.0,0.0,0.0,0.0,0.0,575.0
2022-08-20 21:00:00,0.0,1361.0,4060.0,0.0,1492.0,0.0,0.0,0.0,0.0,0.0,486.0
2022-08-20 22:00:00,0.0,1342.0,4121.0,0.0,1193.0,0.0,0.0,0.0,0.0,0.0,435.0
2022-08-20 23:00:00,0.0,1334.0,4166.0,0.0,783.0,0.0,0.0,0.0,0.0,0.0,407.0
2022-08-21 00:00:00,0.0,1234.0,4024.0,0.0,554.0,0.0,0.0,0.0,0.0,0.0,385.0
2022-08-21 01:00:00,0.0,1104.0,3613.0,0.0,310.0,0.0,0.0,0.0,0.0,0.0,435.0
2022-08-21 02:00:00,0.0,1048.0,3560.0,0.0,275.0,0.0,0.0,0.0,0.0,0.0,476.0
2022-08-21 03:00:00,0.0,1068.0,3216.0,0.0,218.0,0.0,0.0,0.0,0.0,0.0,493.0
2022-08-21 04:00:00,0.0,1110.0,3054.0,0.0,176.0,0.0,0.0,0.0,0.0,0.0,544.0
2022-08-21 05:00:00,0.0,1190.0,2934.0,0.0,235.0,0.0,0.0,0.0,1.0,0.0,560.0
2022-08-21 06:00:00,0.0,1216.0,2813.0,0.0,456.0,0.0,0.0,0.0,132.0,0.0,658.0
2022-08-21 07:00:00,0.0,1209.0,2648.0,0.0,440.0,0.0,0.0,0.0,628.0,0.0,709.0
2022-08-21 08:00:00,0.0,1207.0,2576.0,0.0,297.0,0.0,0.0,0.0,1265.0,0.0,741.0
2022-08-21 09:00:00,0.0,1207.0,2441.0,0.0,313.0,0.0,0.0,0.0,1887.0,0.0,819.0
2022-08-21 10:00:00,0.0,1194.0,2225.0,0.0,240.0,0.0,0.0,0.0,2392.0,0.0,829.0
2022-08-21 11:00:00,0.0,1218.0,2054.0,0.0,211.0,0.0,0.0,0.0,2703.0,0.0,728.0
2022-08-21 12:00:00,0.0,1261.0,2280.0,0.0,218.0,0.0,0.0,0.0,2749.0,0.0,648.0
2022-08-21 13:00:00,0.0,1257.0,2121.0,0.0,200.0,0.0,0.0,0.0,2640.0,0.0,655.0
2022-08-21 14:00:00,0.0,1262.0,2009.0,0.0,238.0,0.0,0.0,0.0,2418.0,0.0,651.0
2022-08-21 15:00:00,0.0,1249.0,2038.0,0.0,301.0,0.0,0.0,0.0,1907.0,0.0,769.0
2022-08-21 16:00:00,0.0,1251.0,2405.0,0.0,509.0,0.0,0.0,0.0,1184.0,0.0,876.0
2022-08-21 17:00:00,0.0,1259.0,3376.0,0.0,927.0,0.0,0.0,0.0,596.0,0.0,718.0
2022-08-21 18:00:00,0.0,1287.0,3531.0,0.0,1286.0,0.0,0.0,0.0,155.0,0.0,638.0
2022-08-21 19:00:00,0.0,1300.0,3691.0,0.0,1664.0,0.0,0.0,0.0,3.0,0.0,552.0
2022-08-21 20:00:00,0.0,1285.0,3766.0,0.0,1733.0,0.0,0.0,0.0,0.0,0.0,495.0
2022-08-21 21:00:00,0.0,1258.0,3765.0,0.0,1652.0,0.0,0.0,0.0,0.0,0.0,365.0
2022-08-21 22:00:00,0.0,1261.0,3848.0,0.0,1417.0,0.0,0.0,0.0,0.0,0.0,294.0
2022-08-21 23:00:00,0.0,1264.0,3662.0,0.0,1237.0,0.0,0.0,0.0,0.0,0.0,290.0
2022-08-22 00:00:00,0.0,1269.0,3525.0,0.0,928.0,0.0,0.0,0.0,0.0,0.0,326.0
2022-08-22 01:00:00,0.0,1273.0,3444.0,0.0,458.0,0.0,0.0,0.0,0.0,0.0,417.0
2022-08-22 02:00:00,0.0,1277.0,3451.0,0.0,344.0,0.0,0.0,0.0,0.0,0.0,429.0
2022-08-22 03:00:00,0.0,1311.0,3347.0,0.0,310.0,0.0,0.0,0.0,0.0,0.0,484.0
2022-08-22 04:00:00,0.0,1315.0,3371.0,0.0,311.0,0.0,0.0,0.0,0.0,0.0,522.0
2022-08-22 05:00:00,0.0,1312.0,3434.0,0.0,521.0,0.0,0.0,0.0,1.0,0.0,506.0
2022-08-22 06:00:00,0.0,1284.0,3331.0,0.0,772.0,0.0,0.0,0.0,159.0,0.0,504.0
2022-08-22 07:00:00,0.0,1238.0,3521.0,0.0,834.0,0.0,0.0,0.0,767.0,0.0,437.0
2022-08-22 08:00:00,0.0,1228.0,3551.0,0.0,780.0,0.0,0.0,0.0,1508.0,0.0,372.0
2022-08-22 09:00:00,0.0,1190.0,3491.0,0.0,818.0,0.0,0.0,0.0,2152.0,0.0,325.0
2022-08-22 10:00:00,0.0,1154.0,3464.0,0.0,722.0,0.0,0.0,0.0,2534.0,0.0,292.0
2022-08-22 11:00:00,0.0,1135.0,3482.0,0.0,745.0,0.0,0.0,0.0,2779.0,0.0,278.0
2022-08-22 12:00:00,0.0,1111.0,3487.0,0.0,1037.0,0.0,0.0,0.0,2578.0,0.0,326.0
2022-08-22 13:00:00,0.0,1136.0,3491.0,0.0,1310.0,0.0,0.0,0.0,2223.0,0.0,360.0
2022-08-22 14:00:00,0.0,1149.0,3482.0,0.0,1425.0,0.0,0.0,0.0,1706.0,0.0,324.0
2022-08-22 15:00:00,0.0,1160.0,3446.0,0.0,1587.0,0.0,0.0,0.0,1228.0,0.0,288.0
2022-08-22 16:00:00,0.0,1166.0,3442.0,0.0,1690.0,0.0,0.0,0.0,914.0,0.0,312.0
2022-08-22 17:00:00,0.0,1158.0,3351.0,0.0,1298.0,0.0,0.0,0.0,431.0,0.0,257.0
2022-08-22 18:00:00,0.0,1157.0,3479.0,0.0,1483.0,0.0,0.0,0.0,120.0,0.0,200.0
2022-08-22 19:00:00,0.0,1160.0,3504.0,0.0,1616.0,0.0,0.0,0.0,3.0,0.0,165.0
2022-08-22 20:00:00,0.0,1193.0,3535.0,0.0,1575.0,0.0,0.0,0.0,0.0,0.0,135.0
2022-08-22 21:00:00,0.0,1242.0,3506.0,0.0,1469.0,0.0,0.0,0.0,0.0,0.0,112.0
2022-08-22 22:00:00,0.0,1250.0,3541.0,0.0,1287.0,0.0,0.0,0.0,0.0,0.0,129.0
2022-08-22 23:00:00,0.0,1284.0,3545.0,0.0,987.0,0.0,0.0,0.0,0.0,0.0,120.0
2022-08-23 00:00:00,0.0,1303.0,3371.0,0.0,385.0,0.0,0.0,0.0,0.0,0.0,177.0
2022-08-23 01:00:00,0.0,1313.0,3398.0,0.0,285.0,0.0,0.0,0.0,0.0,0.0,202.0
2022-08-23 02:00:00,0.0,1318.0,3361.0,0.0,204.0,0.0,0.0,0.0,0.0,0.0,163.0
2022-08-23 03:00:00,0.0,1325.0,3484.0,0.0,95.0,0.0,0.0,0.0,0.0,0.0,150.0
2022-08-23 04:00:00,0.0,1303.0,3431.0,0.0,141.0,0.0,0.0,0.0,0.0,0.0,160.0
2022-08-23 05:00:00,0.0,1306.0,3337.0,0.0,250.0,0.0,0.0,0.0,2.0,0.0,244.0
2022-08-23 06:00:00,0.0,1336.0,3483.0,0.0,492.0,0.0,0.0,0.0,106.0,0.0,265.0
2022-08-23 07:00:00,0.0,1339.0,3403.0,0.0,448.0,0.0,0.0,0.0,555.0,0.0,220.0
2022-08-23 08:00:00,0.0,1342.0,3421.0,0.0,322.0,0.0,0.0,0.0,1187.0,0.0,176.0
2022-08-23 09:00:00,0.0,1340.0,3222.0,0.0,336.0,0.0,0.0,0.0,1752.0,0.0,102.0
2022-08-23 10:00:00,0.0,1332.0,3167.0,0.0,267.0,0.0,0.0,0.0,2113.0,0.0,89.0
2022-08-23 11:00:00,0.0,1332.0,3294.0,0.0,366.0,0.0,0.0,0.0,2209.0,0.0,93.0
2022-08-23 12:00:00,0.0,1333.0,3217.0,0.0,557.0,0.0,0.0,0.0,2165.0,0.0,156.0
2022-08-23 13:00:00,0.0,1349.0,3203.0,0.0,510.0,0.0,0.0,0.0,1828.0,0.0,342.0
2022-08-23 14:00:00,0.0,1295.0,3255.0,0.0,389.0,0.0,0.0,0.0,1462.0,0.0,474.0
2022-08-23 15:00:00,0.0,1178.0,3342.0,0.0,553.0,0.0,0.0,0.0,1008.0,0.0,396.0
2022-08-23 16:00:00,0.0,1174.0,3463.0,0.0,518.0,0.0,0.0,0.0,621.0,0.0,320.0
2022-08-23 17:00:00,0.0,1178.0,3305.0,0.0,792.0,0.0,0.0,0.0,320.0,0.0,193.0
2022-08-23 18:00:00,0.0,1175.0,3479.0,0.0,1045.0,0.0,0.0,0.0,78.0,0.0,194.0
2022-08-23 19:00:00,0.0,1193.0,3410.0,0.0,1537.0,0.0,0.0,0.0,1.0,0.0,211.0
2022-08-23 20:00:00,0.0,1221.0,3515.0,0.0,1449.0,0.0,0.0,0.0,0.0,0.0,142.0
2022-08-23 21:00:00,0.0,1194.0,3546.0,0.0,1202.0,0.0,0.0,0.0,0.0,0.0,172.0
2022-08-23 22:00:00,0.0,1201.0,3489.0,0.0,1037.0,0.0,0.0,0.0,0.0,0.0,222.0
2022-08-23 23:00:00,0.0,1227.0,3519.0,0.0,600.0,0.0,0.0,0.0,0.0,0.0,243.0
2022-08-24 00:00:00,0.0,1318.0,3283.0,0.0,405.0,0.0,0.0,0.0,0.0,0.0,286.0
2022-08-24 01:00:00,0.0,1325.0,3299.0,0.0,210.0,0.0,0.0,0.0,0.0,0.0,349.0
2022-08-24 02:00:00,0.0,1319.0,3128.0,0.0,180.0,0.0,0.0,0.0,0.0,0.0,424.0
2022-08-24 03:00:00,0.0,1316.0,2894.0,0.0,183.0,0.0,0.0,0.0,0.0,0.0,621.0
2022-08-24 04:00:00,0.0,1318.0,2808.0,0.0,212.0,0.0,0.0,0.0,0.0,0.0,741.0
2022-08-24 05:00:00,0.0,1321.0,2851.0,0.0,277.0,0.0,0.0,0.0,1.0,0.0,804.0
2022-08-24 06:00:00,0.0,1338.0,2931.0,0.0,476.0,0.0,0.0,0.0,127.0,0.0,850.0
2022-08-24 07:00:00,0.0,1290.0,2941.0,0.0,534.0,0.0,0.0,0.0,592.0,0.0,797.0
2022-08-24 08:00:00,0.0,1261.0,3178.0,0.0,374.0,0.0,0.0,0.0,1213.0,0.0,622.0
2022-08-24 09:00:00,0.0,1276.0,3225.0,0.0,392.0,0.0,0.0,0.0,1733.0,0.0,547.0
2022-08-24 10:00:00,0.0,1298.0,3256.0,0.0,243.0,0.0,0.0,0.0,1949.0,0.0,574.0
2022-08-24 11:00:00,0.0,1323.0,3310.0,0.0,187.0,0.0,0.0,0.0,1920.0,0.0,588.0
2022-08-24 12:00:00,0.0,1314.0,3313.0,0.0,135.0,0.0,0.0,0.0,1955.0,0.0,693.0
2022-08-24 13:00:00,0.0,1331.0,3021.0,0.0,130.0,0.0,0.0,0.0,1968.0,0.0,737.0
2022-08-24 14:00:00,0.0,1343.0,2789.0,0.0,121.0,0.0,0.0,0.0,1710.0,0.0,703.0
2022-08-24 15:00:00,0.0,1340.0,2817.0,0.0,133.0,0.0,0.0,0.0,1454.0,0.0,679.0
2022-08-24 16:00:00,0.0,1362.0,3121.0,0.0,281.0,0.0,0.0,0.0,1023.0,0.0,561.0
2022-08-24 17:00:00,0.0,1373.0,3453.0,0.0,444.0,0.0,0.0,0.0,464.0,0.0,514.0
2022-08-24 18:00:00,0.0,1383.0,3457.0,0.0,885.0,0.0,0.0,0.0,122.0,0.0,538.0
2022-08-24 19:00:00,0.0,1391.0,3497.0,0.0,1200.0,0.0,0.0,0.0,2.0,0.0,369.0
2022-08-24 20:00:00,0.0,1401.0,3476.0,0.0,1126.0,0.0,0.0,0.0,0.0,0.0,369.0
2022-08-24 21:00:00,0.0,1391.0,3387.0,0.0,1017.0,0.0,0.0,0.0,0.0,0.0,327.0
2022-08-24 22:00:00,0.0,1384.0,3373.0,0.0,803.0,0.0,0.0,0.0,0.0,0.0,413.0
2022-08-24 23:00:00,0.0,1383.0,3278.0,0.0,431.0,0.0,0.0,0.0,0.0,0.0,485.0
2022-08-25 00:00:00,0.0,1330.0,3110.0,0.0,193.0,0.0,0.0,0.0,0.0,0.0,544.0
2022-08-25 01:00:00,0.0,1203.0,2929.0,0.0,139.0,0.0,0.0,0.0,0.0,0.0,526.0
2022-08-25 02:00:00,0.0,1169.0,2931.0,0.0,53.0,0.0,0.0,0.0,0.0,0.0,578.0
2022-08-25 03:00:00,0.0,1179.0,2790.0,0.0,53.0,0.0,0.0,0.0,0.0,0.0,653.0
2022-08-25 04:00:00,0.0,1185.0,2747.0,0.0,53.0,0.0,0.0,0.0,0.0,0.0,686.0
2022-08-25 05:00:00,0.0,1182.0,2797.0,0.0,124.0,0.0,0.0,0.0,0.0,0.0,818.0
2022-08-25 06:00:00,0.0,1188.0,2866.0,0.0,376.0,0.0,0.0,0.0,64.0,0.0,815.0
2022-08-25 07:00:00,0.0,1204.0,2970.0,0.0,354.0,0.0,0.0,0.0,357.0,0.0,767.0
2022-08-25 08:00:00,0.0,1201.0,3076.0,0.0,269.0,0.0,0.0,0.0,792.0,0.0,690.0
2022-08-25 09:00:00,0.0,1210.0,2951.0,0.0,260.0,0.0,0.0,0.0,1283.0,0.0,614.0
2022-08-25 10:00:00,0.0,1191.0,2914.0,0.0,119.0,0.0,0.0,0.0,1647.0,0.0,581.0
2022-08-25 11:00:00,0.0,1185.0,2719.0,0.0,129.0,0.0,0.0,0.0,1922.0,0.0,525.0
2022-08-25 12:00:00,0.0,1187.0,2853.0,0.0,113.0,0.0,0.0,0.0,1960.0,0.0,541.0
2022-08-25 13:00:00,0.0,1192.0,2817.0,0.0,99.0,0.0,0.0,0.0,1740.0,0.0,611.0
2022-08-25 14:00:00,0.0,1190.0,2739.0,0.0,97.0,0.0,0.0,0.0,1445.0,0.0,551.0
2022-08-25 15:00:00,0.0,1184.0,3001.0,0.0,271.0,0.0,0.0,0.0,1172.0,0.0,371.0
2022-08-25 16:00:00,0.0,1192.0,3310.0,0.0,319.0,0.0,0.0,0.0,855.0,0.0,377.0
2022-08-25 17:00:00,0.0,1206.0,3531.0,0.0,758.0,0.0,0.0,0.0,425.0,0.0,339.0
2022-08-25 18:00:00,0.0,1209.0,3562.0,0.0,955.0,0.0,0.0,0.0,100.0,0.0,295.0
2022-08-25 19:00:00,0.0,1205.0,3568.0,0.0,1268.0,0.0,0.0,0.0,1.0,0.0,262.0
2022-08-25 20:00:00,0.0,1207.0,3566.0,0.0,1186.0,0.0,0.0,0.0,0.0,0.0,345.0
2022-08-25 21:00:00,0.0,1197.0,3550.0,0.0,1047.0,0.0,0.0,0.0,0.0,0.0,327.0
2022-08-25 22:00:00,0.0,1209.0,3347.0,0.0,916.0,0.0,0.0,0.0,0.0,0.0,350.0
2022-08-25 23:00:00,0.0,1191.0,3086.0,0.0,758.0,0.0,0.0,0.0,0.0,0.0,445.0
2022-08-26 00:00:00,0.0,1150.0,2983.0,0.0,246.0,0.0,0.0,0.0,0.0,0.0,534.0
2022-08-26 01:00:00,0.0,983.0,2777.0,0.0,136.0,0.0,0.0,0.0,0.0,0.0,598.0
2022-08-26 02:00:00,0.0,982.0,2890.0,0.0,34.0,0.0,0.0,0.0,0.0,0.0,601.0
2022-08-26 03:00:00,0.0,980.0,2980.0,0.0,27.0,0.0,0.0,0.0,0.0,0.0,475.0
2022-08-26 04:00:00,0.0,982.0,3067.0,0.0,27.0,0.0,0.0,0.0,4.0,0.0,454.0
2022-08-26 05:00:00,0.0,989.0,3164.0,0.0,102.0,0.0,0.0,0.0,1.0,0.0,414.0
2022-08-26 06:00:00,0.0,1005.0,3145.0,0.0,335.0,0.0,0.0,0.0,88.0,0.0,418.0
2022-08-26 07:00:00,0.0,1006.0,3218.0,0.0,354.0,0.0,0.0,0.0,516.0,0.0,434.0
2022-08-26 08:00:00,0.0,1009.0,3048.0,0.0,239.0,0.0,0.0,0.0,1169.0,0.0,416.0
2022-08-26 09:00:00,0.0,1010.0,2846.0,0.0,187.0,0.0,0.0,0.0,1815.0,0.0,426.0
2022-08-26 10:00:00,0.0,1010.0,2763.0,0.0,88.0,0.0,0.0,0.0,2238.0,0.0,408.0
2022-08-26 11:00:00,0.0,1007.0,2883.0,0.0,101.0,0.0,0.0,0.0,2467.0,0.0,428.0
2022-08-26 12:00:00,0.0,1009.0,3001.0,0.0,95.0,0.0,0.0,0.0,2484.0,0.0,421.0
2022-08-26 13:00:00,0.0,1003.0,3027.0,0.0,75.0,0.0,0.0,0.0,2353.0,0.0,406.0
2022-08-26 14:00:00,0.0,1000.0,3110.0,0.0,115.0,0.0,0.0,0.0,1974.0,0.0,384.0
2022-08-26 15:00:00,0.0,1000.0,3141.0,0.0,186.0,0.0,0.0,0.0,1607.0,0.0,349.0
2022-08-26 16:00:00,0.0,992.0,3333.0,0.0,379.0,0.0,0.0,0.0,1222.0,0.0,326.0
2022-08-26 17:00:00,0.0,987.0,3509.0,0.0,657.0,0.0,0.0,0.0,599.0,0.0,277.0
2022-08-26 18:00:00,0.0,991.0,3698.0,0.0,860.0,0.0,0.0,0.0,106.0,0.0,251.0
2022-08-26 19:00:00,0.0,983.0,3595.0,0.0,1321.0,0.0,0.0,0.0,1.0,0.0,182.0
2022-08-26 20:00:00,0.0,975.0,3653.0,0.0,1529.0,0.0,0.0,0.0,0.0,0.0,153.0
2022-08-26 21:00:00,0.0,973.0,3609.0,0.0,1368.0,0.0,0.0,0.0,0.0,0.0,129.0
2022-08-26 22:00:00,0.0,979.0,3601.0,0.0,1089.0,0.0,0.0,0.0,0.0,0.0,106.0
2022-08-26 23:00:00,0.0,970.0,3622.0,0.0,872.0,0.0,0.0,0.0,0.0,0.0,126.0
2022-08-27 00:00:00,0.0,931.0,3681.0,0.0,687.0,0.0,0.0,0.0,0.0,0.0,102.0
2022-08-27 01:00:00,0.0,921.0,3743.0,0.0,446.0,0.0,0.0,0.0,0.0,0.0,70.0
2022-08-27 02:00:00,0.0,930.0,3620.0,0.0,407.0,0.0,0.0,0.0,0.0,0.0,62.0
2022-08-27 03:00:00,0.0,926.0,3606.0,0.0,214.0,0.0,0.0,0.0,0.0,0.0,96.0
2022-08-27 04:00:00,0.0,926.0,3519.0,0.0,216.0,0.0,0.0,0.0,0.0,0.0,156.0
2022-08-27 05:00:00,0.0,929.0,3648.0,0.0,216.0,0.0,0.0,0.0,0.0,0.0,217.0
2022-08-27 06:00:00,0.0,934.0,3434.0,0.0,435.0,0.0,0.0,0.0,100.0,0.0,213.0
2022-08-27 07:00:00,0.0,932.0,3246.0,0.0,385.0,0.0,0.0,0.0,622.0,0.0,172.0
2022-08-27 08:00:00,0.0,930.0,3051.0,0.0,278.0,0.0,0.0,0.0,1332.0,0.0,163.0
2022-08-27 09:00:00,0.0,934.0,2732.0,0.0,240.0,0.0,0.0,0.0,1926.0,0.0,161.0
2022-08-27 10:00:00,0.0,966.0,2519.0,0.0,130.0,0.0,0.0,0.0,2323.0,0.0,203.0
2022-08-27 11:00:00,0.0,983.0,2454.0,0.0,154.0,0.0,0.0,0.0,2526.0,0.0,267.0
2022-08-27 12:00:00,0.0,985.0,2562.0,0.0,137.0,0.0,0.0,0.0,2556.0,0.0,259.0
2022-08-27 13:00:00,0.0,987.0,2452.0,0.0,116.0,0.0,0.0,0.0,2455.0,0.0,300.0
2022-08-27 14:00:00,0.0,988.0,2422.0,0.0,138.0,0.0,0.0,0.0,2213.0,0.0,302.0
2022-08-27 15:00:00,0.0,986.0,2694.0,0.0,206.0,0.0,0.0,0.0,1796.0,0.0,273.0
2022-08-27 16:00:00,0.0,988.0,3271.0,0.0,588.0,0.0,0.0,0.0,1177.0,0.0,192.0
2022-08-27 17:00:00,0.0,989.0,3511.0,0.0,1047.0,0.0,0.0,0.0,521.0,0.0,129.0
2022-08-27 18:00:00,0.0,979.0,3509.0,0.0,1517.0,0.0,0.0,0.0,103.0,0.0,66.0
2022-08-27 19:00:00,0.0,982.0,3601.0,0.0,1893.0,0.0,0.0,0.0,1.0,0.0,29.0
2022-08-27 20:00:00,0.0,994.0,3618.0,0.0,1824.0,0.0,0.0,0.0,0.0,0.0,42.0
2022-08-27 21:00:00,0.0,984.0,3583.0,0.0,1524.0,0.0,0.0,0.0,0.0,0.0,34.0
2022-08-27 22:00:00,0.0,979.0,3626.0,0.0,1032.0,0.0,0.0,0.0,0.0,0.0,27.0
2022-08-27 23:00:00,0.0,989.0,3677.0,0.0,654.0,0.0,0.0,0.0,0.0,0.0,40.0
2022-08-28 00:00:00,0.0,991.0,3615.0,0.0,526.0,0.0,0.0,0.0,0.0,0.0,48.0
2022-08-28 01:00:00,0.0,985.0,3462.0,0.0,262.0,0.0,0.0,0.0,0.0,0.0,57.0
2022-08-28 02:00:00,0.0,978.0,3381.0,0.0,195.0,0.0,0.0,0.0,0.0,0.0,91.0
2022-08-28 03:00:00,0.0,993.0,3149.0,0.0,133.0,0.0,0.0,0.0,0.0,0.0,104.0
2022-08-28 04:00:00,0.0,994.0,3062.0,0.0,188.0,0.0,0.0,0.0,0.0,0.0,91.0
2022-08-28 05:00:00,0.0,993.0,2950.0,0.0,244.0,0.0,0.0,0.0,1.0,0.0,103.0
2022-08-28 06:00:00,0.0,993.0,2670.0,0.0,360.0,0.0,0.0,0.0,139.0,0.0,140.0
2022-08-28 07:00:00,0.0,989.0,2519.0,0.0,389.0,0.0,0.0,0.0,798.0,0.0,139.0
2022-08-28 08:00:00,0.0,985.0,2136.0,0.0,320.0,0.0,0.0,0.0,1708.0,0.0,117.0
2022-08-28 09:00:00,0.0,982.0,1957.0,0.0,256.0,0.0,0.0,0.0,2449.0,0.0,108.0
2022-08-28 10:00:00,0.0,988.0,1935.0,0.0,183.0,0.0,0.0,0.0,2950.0,0.0,111.0
2022-08-28 11:00:00,0.0,985.0,1928.0,0.0,173.0,0.0,0.0,0.0,3187.0,0.0,123.0
2022-08-28 12:00:00,0.0,982.0,1964.0,0.0,163.0,0.0,0.0,0.0,3290.0,0.0,145.0
2022-08-28 13:00:00,0.0,960.0,2088.0,0.0,93.0,0.0,0.0,0.0,3083.0,0.0,185.0
2022-08-28 14:00:00,0.0,919.0,2485.0,0.0,99.0,0.0,0.0,0.0,2713.0,0.0,184.0
2022-08-28 15:00:00,0.0,949.0,2774.0,0.0,194.0,0.0,0.0,0.0,2014.0,0.0,202.0
2022-08-28 16:00:00,0.0,989.0,3379.0,0.0,376.0,0.0,0.0,0.0,1283.0,0.0,237.0
2022-08-28 17:00:00,0.0,984.0,3536.0,0.0,642.0,0.0,0.0,0.0,622.0,0.0,186.0
2022-08-28 18:00:00,0.0,989.0,3635.0,0.0,1177.0,0.0,0.0,0.0,135.0,0.0,150.0
2022-08-28 19:00:00,0.0,987.0,3716.0,0.0,1607.0,0.0,0.0,0.0,1.0,0.0,112.0
2022-08-28 20:00:00,0.0,984.0,3732.0,0.0,1469.0,0.0,0.0,0.0,0.0,0.0,78.0
2022-08-28 21:00:00,0.0,986.0,3678.0,0.0,1264.0,0.0,0.0,0.0,0.0,0.0,59.0
2022-08-28 22:00:00,0.0,989.0,3629.0,0.0,971.0,0.0,0.0,0.0,0.0,0.0,59.0
2022-08-28 23:00:00,0.0,968.0,3725.0,0.0,778.0,0.0,0.0,0.0,0.0,0.0,60.0
2022-08-29 00:00:00,0.0,941.0,3353.0,0.0,447.0,0.0,0.0,0.0,0.0,0.0,67.0
2022-08-29 01:00:00,0.0,942.0,3374.0,0.0,261.0,0.0,0.0,0.0,0.0,0.0,124.0
2022-08-29 02:00:00,0.0,942.0,3294.0,0.0,223.0,0.0,0.0,0.0,0.0,0.0,158.0
2022-08-29 03:00:00,0.0,944.0,3307.0,0.0,304.0,0.0,0.0,0.0,0.0,0.0,158.0
2022-08-29 04:00:00,0.0,942.0,3385.0,0.0,298.0,0.0,0.0,0.0,0.0,0.0,148.0
2022-08-29 05:00:00,0.0,943.0,3364.0,0.0,458.0,0.0,0.0,0.0,0.0,0.0,185.0
2022-08-29 06:00:00,0.0,949.0,3351.0,0.0,785.0,0.0,0.0,0.0,108.0,0.0,230.0
2022-08-29 07:00:00,0.0,951.0,3278.0,0.0,827.0,0.0,0.0,0.0,703.0,0.0,238.0
2022-08-29 08:00:00,0.0,949.0,3181.0,0.0,649.0,0.0,0.0,0.0,1510.0,0.0,200.0
2022-08-29 09:00:00,0.0,963.0,3080.0,0.0,474.0,0.0,0.0,0.0,2174.0,0.0,187.0
2022-08-29 10:00:00,0.0,976.0,3063.0,0.0,343.0,0.0,0.0,0.0,2624.0,0.0,213.0
2022-08-29 11:00:00,0.0,988.0,3031.0,0.0,319.0,0.0,0.0,0.0,2863.0,0.0,276.0
2022-08-29 12:00:00,0.0,953.0,3138.0,0.0,409.0,0.0,0.0,0.0,2840.0,0.0,322.0
2022-08-29 13:00:00,0.0,994.0,3201.0,0.0,346.0,0.0,0.0,0.0,2663.0,0.0,396.0
2022-08-29 14:00:00,0.0,1049.0,3202.0,0.0,384.0,0.0,0.0,0.0,2397.0,0.0,446.0
2022-08-29 15:00:00,0.0,1096.0,3226.0,0.0,614.0,0.0,0.0,0.0,1816.0,0.0,431.0
2022-08-29 16:00:00,0.0,1204.0,3223.0,0.0,1182.0,0.0,0.0,0.0,1176.0,0.0,364.0
2022-08-29 17:00:00,0.0,1286.0,3269.0,0.0,1917.0,0.0,0.0,0.0,506.0,0.0,289.0
2022-08-29 18:00:00,0.0,1350.0,3189.0,0.0,1922.0,0.0,0.0,0.0,88.0,0.0,284.0
2022-08-29 19:00:00,0.0,1376.0,3277.0,0.0,2059.0,0.0,0.0,0.0,0.0,0.0,276.0
2022-08-29 20:00:00,0.0,1383.0,3330.0,0.0,2081.0,0.0,0.0,0.0,0.0,0.0,256.0
2022-08-29 21:00:00,0.0,1388.0,3326.0,0.0,1518.0,0.0,0.0,0.0,0.0,0.0,251.0
2022-08-29 22:00:00,0.0,1384.0,3370.0,0.0,1366.0,0.0,0.0,0.0,0.0,0.0,269.0
2022-08-29 23:00:00,0.0,1410.0,3385.0,0.0,874.0,0.0,0.0,0.0,0.0,0.0,295.0
2022-08-30 00:00:00,0.0,1408.0,3345.0,0.0,412.0,0.0,0.0,0.0,0.0,0.0,358.0
2022-08-30 01:00:00,0.0,1413.0,3321.0,0.0,288.0,0.0,0.0,0.0,0.0,0.0,435.0
2022-08-30 02:00:00,0.0,1399.0,3224.0,0.0,109.0,0.0,0.0,0.0,0.0,0.0,534.0
2022-08-30 03:00:00,0.0,1395.0,3056.0,0.0,98.0,0.0,0.0,0.0,0.0,0.0,626.0
2022-08-30 04:00:00,0.0,1384.0,3128.0,0.0,153.0,0.0,0.0,0.0,0.0,0.0,602.0
2022-08-30 05:00:00,0.0,1390.0,3137.0,0.0,339.0,0.0,0.0,0.0,0.0,0.0,664.0
2022-08-30 06:00:00,0.0,1390.0,3236.0,0.0,430.0,0.0,0.0,0.0,132.0,0.0,745.0
2022-08-30 07:00:00,0.0,1379.0,3254.0,0.0,383.0,0.0,0.0,0.0,749.0,0.0,751.0
2022-08-30 08:00:00,0.0,1387.0,3176.0,0.0,335.0,0.0,0.0,0.0,1611.0,0.0,703.0
2022-08-30 09:00:00,0.0,1379.0,2980.0,0.0,241.0,0.0,0.0,0.0,2364.0,0.0,689.0
2022-08-30 10:00:00,0.0,1365.0,2855.0,0.0,176.0,0.0,0.0,0.0,2876.0,0.0,680.0
2022-08-30 11:00:00,0.0,1329.0,2846.0,0.0,237.0,0.0,0.0,0.0,3170.0,0.0,656.0
2022-08-30 12:00:00,0.0,1295.0,2998.0,0.0,359.0,0.0,0.0,0.0,3141.0,0.0,637.0
2022-08-30 13:00:00,0.0,1316.0,3136.0,0.0,405.0,0.0,0.0,0.0,2811.0,0.0,597.0
2022-08-30 14:00:00,0.0,1334.0,3095.0,0.0,415.0,0.0,0.0,0.0,2233.0,0.0,587.0
2022-08-30 15:00:00,0.0,1326.0,3188.0,0.0,561.0,0.0,0.0,0.0,1541.0,0.0,637.0
2022-08-30 16:00:00,0.0,1298.0,3214.0,0.0,913.0,0.0,0.0,0.0,849.0,0.0,561.0
2022-08-30 17:00:00,0.0,1288.0,3100.0,0.0,866.0,0.0,0.0,0.0,386.0,0.0,486.0
2022-08-30 18:00:00,0.0,1335.0,3245.0,0.0,1694.0,0.0,0.0,0.0,79.0,0.0,436.0
2022-08-30 19:00:00,0.0,1355.0,3230.0,0.0,2362.0,0.0,0.0,0.0,0.0,0.0,348.0
2022-08-30 20:00:00,0.0,1374.0,3236.0,0.0,2147.0,0.0,0.0,0.0,0.0,0.0,400.0
2022-08-30 21:00:00,0.0,1358.0,2956.0,0.0,1768.0,0.0,0.0,0.0,0.0,0.0,498.0
2022-08-30 22:00:00,0.0,1259.0,2874.0,0.0,874.0,0.0,0.0,0.0,0.0,0.0,579.0
2022-08-30 23:00:00,0.0,1275.0,3137.0,0.0,370.0,0.0,0.0,0.0,0.0,0.0,649.0
2022-08-31 00:00:00,0.0,1282.0,2930.0,0.0,244.0,0.0,0.0,0.0,0.0,0.0,666.0
2022-08-31 01:00:00,0.0,1339.0,2843.0,0.0,242.0,0.0,0.0,0.0,0.0,0.0,589.0
2022-08-31 02:00:00,0.0,1375.0,3074.0,0.0,119.0,0.0,0.0,0.0,0.0,0.0,567.0
2022-08-31 03:00:00,0.0,1362.0,2981.0,0.0,80.0,0.0,0.0,0.0,0.0,0.0,663.0
2022-08-31 04:00:00,0.0,1353.0,2954.0,0.0,124.0,0.0,0.0,0.0,0.0,0.0,691.0
2022-08-31 05:00:00,0.0,1357.0,2869.0,0.0,195.0,0.0,0.0,0.0,0.0,0.0,705.0
2022-08-31 06:00:00,0.0,1354.0,2974.0,0.0,344.0,0.0,0.0,0.0,80.0,0.0,594.0
2022-08-31 07:00:00,0.0,1354.0,3100.0,0.0,445.0,0.0,0.0,0.0,567.0,0.0,496.0
2022-08-31 08:00:00,0.0,1356.0,2954.0,0.0,311.0,0.0,0.0,0.0,1268.0,0.0,497.0
2022-08-31 09:00:00,0.0,1354.0,3004.0,0.0,284.0,0.0,0.0,0.0,1929.0,0.0,509.0
2022-08-31 10:00:00,0.0,1348.0,2949.0,0.0,196.0,0.0,0.0,0.0,2413.0,0.0,463.0
2022-08-31 11:00:00,0.0,1287.0,2946.0,0.0,248.0,0.0,0.0,0.0,2696.0,0.0,389.0
2022-08-31 12:00:00,0.0,1278.0,2882.0,0.0,276.0,0.0,0.0,0.0,2684.0,0.0,428.0
2022-08-31 13:00:00,0.0,1310.0,2839.0,0.0,186.0,0.0,0.0,0.0,2540.0,0.0,447.0
2022-08-31 14:00:00,0.0,1332.0,2822.0,0.0,123.0,0.0,0.0,0.0,2104.0,0.0,455.0
2022-08-31 15:00:00,0.0,1345.0,2671.0,0.0,207.0,0.0,0.0,0.0,1631.0,0.0,443.0
2022-08-31 16:00:00,0.0,1330.0,2836.0,0.0,357.0,0.0,0.0,0.0,1049.0,0.0,356.0
2022-08-31 17:00:00,0.0,1336.0,2890.0,0.0,782.0,0.0,0.0,0.0,470.0,0.0,276.0
2022-08-31 18:00:00,0.0,1339.0,2840.0,0.0,1254.0,0.0,0.0,0.0,84.0,0.0,222.0
2022-08-31 19:00:00,0.0,1340.0,2917.0,0.0,1481.0,0.0,0.0,0.0,0.0,0.0,254.0
2022-08-31 20:00:00,0.0,1339.0,2929.0,0.0,1254.0,0.0,0.0,0.0,0.0,0.0,282.0
2022-08-31 21:00:00,0.0,1330.0,2912.0,0.0,936.0,0.0,0.0,0.0,0.0,0.0,263.0
2022-08-31 22:00:00,0.0,1316.0,2978.0,0.0,844.0,0.0,0.0,0.0,0.0,0.0,251.0
2022-08-31 23:00:00,0.0,1301.0,3122.0,0.0,404.0,0.0,0.0,0.0,0.0,0.0,205.0
2022-09-01 00:00:00,0.0,1294.0,3076.0,0.0,353.0,0.0,0.0,0.0,0.0,0.0,205.0
2022-09-01 01:00:00,0.0,1306.0,3141.0,0.0,218.0,0.0,0.0,0.0,0.0,0.0,192.0
2022-09-01 02:00:00,0.0,1309.0,3153.0,0.0,164.0,0.0,0.0,0.0,0.0,0.0,193.0
2022-09-01 03:00:00,0.0,1315.0,3058.0,0.0,136.0,0.0,0.0,0.0,0.0,0.0,238.0
2022-09-01 04:00:00,0.0,1318.0,3049.0,0.0,109.0,0.0,0.0,0.0,0.0,0.0,266.0
2022-09-01 05:00:00,0.0,1318.0,3067.0,0.0,218.0,0.0,0.0,0.0,0.0,0.0,233.0
2022-09-01 06:00:00,0.0,1324.0,3115.0,0.0,309.0,0.0,0.0,0.0,121.0,0.0,196.0
2022-09-01 07:00:00,0.0,1323.0,3092.0,0.0,292.0,0.0,0.0,0.0,781.0,0.0,202.0
2022-09-01 08:00:00,0.0,1317.0,2981.0,0.0,239.0,0.0,0.0,0.0,1698.0,0.0,179.0
2022-09-01 09:00:00,0.0,1284.0,2758.0,0.0,241.0,0.0,0.0,0.0,2448.0,0.0,187.0
2022-09-01 10:00:00,0.0,1271.0,2639.0,0.0,217.0,0.0,0.0,0.0,2934.0,0.0,220.0
2022-09-01 11:00:00,0.0,1233.0,2605.0,0.0,289.0,0.0,0.0,0.0,3217.0,0.0,228.0
2022-09-01 12:00:00,0.0,1228.0,2797.0,0.0,260.0,0.0,0.0,0.0,3203.0,0.0,210.0
2022-09-01 13:00:00,0.0,1233.0,2823.0,0.0,272.0,0.0,0.0,0.0,2982.0,0.0,225.0
2022-09-01 14:00:00,0.0,1188.0,2860.0,0.0,234.0,0.0,0.0,0.0,2607.0,0.0,260.0
2022-09-01 15:00:00,0.0,1163.0,2895.0,0.0,227.0,0.0,0.0,0.0,2007.0,0.0,323.0
2022-09-01 16:00:00,0.0,1169.0,3027.0,0.0,464.0,0.0,0.0,0.0,1228.0,0.0,338.0
2022-09-01 17:00:00,0.0,1164.0,3086.0,0.0,689.0,0.0,0.0,0.0,528.0,0.0,293.0
2022-09-01 18:00:00,0.0,1169.0,3120.0,0.0,1098.0,0.0,0.0,0.0,86.0,0.0,244.0
2022-09-01 19:00:00,0.0,1182.0,3151.0,0.0,1148.0,0.0,0.0,0.0,0.0,0.0,226.0
2022-09-01 20:00:00,0.0,1231.0,3084.0,0.0,1062.0,0.0,0.0,0.0,0.0,0.0,230.0
2022-09-01 21:00:00,0.0,1268.0,3010.0,0.0,877.0,0.0,0.0,0.0,0.0,0.0,262.0
2022-09-01 22:00:00,0.0,1282.0,3098.0,0.0,760.0,0.0,0.0,0.0,0.0,0.0,268.0
2022-09-01 23:00:00,0.0,1294.0,3035.0,0.0,606.0,0.0,0.0,0.0,0.0,0.0,219.0
2022-09-02 00:00:00,0.0,1301.0,2747.0,0.0,404.0,0.0,0.0,0.0,0.0,0.0,195.0
2022-09-02 01:00:00,0.0,1304.0,2680.0,0.0,335.0,0.0,0.0,0.0,0.0,0.0,165.0
2022-09-02 02:00:00,0.0,1318.0,2640.0,0.0,186.0,0.0,0.0,0.0,0.0,0.0,194.0
2022-09-02 03:00:00,0.0,1321.0,2682.0,0.0,178.0,0.0,0.0,0.0,0.0,0.0,188.0
2022-09-02 04:00:00,0.0,1323.0,2696.0,0.0,201.0,0.0,0.0,0.0,0.0,0.0,206.0
2022-09-02 05:00:00,0.0,1334.0,2666.0,0.0,210.0,0.0,0.0,0.0,0.0,0.0,225.0
2022-09-02 06:00:00,0.0,1342.0,2754.0,0.0,395.0,0.0,0.0,0.0,63.0,0.0,247.0
2022-09-02 07:00:00,0.0,1340.0,2768.0,0.0,583.0,0.0,0.0,0.0,439.0,0.0,181.0
2022-09-02 08:00:00,0.0,1337.0,2697.0,0.0,718.0,0.0,0.0,0.0,904.0,0.0,209.0
2022-09-02 09:00:00,0.0,1338.0,2568.0,0.0,631.0,0.0,0.0,0.0,1393.0,0.0,206.0
2022-09-02 10:00:00,0.0,1330.0,2588.0,0.0,538.0,0.0,0.0,0.0,1722.0,0.0,155.0
2022-09-02 11:00:00,0.0,1322.0,2618.0,0.0,646.0,0.0,0.0,0.0,1870.0,0.0,211.0
2022-09-02 12:00:00,0.0,1322.0,2596.0,0.0,691.0,0.0,0.0,0.0,1835.0,0.0,295.0
2022-09-02 13:00:00,0.0,1326.0,2557.0,0.0,392.0,0.0,0.0,0.0,1797.0,0.0,401.0
2022-09-02 14:00:00,0.0,1328.0,2482.0,0.0,258.0,0.0,0.0,0.0,1615.0,0.0,466.0
2022-09-02 15:00:00,0.0,1325.0,2555.0,0.0,333.0,0.0,0.0,0.0,1179.0,0.0,509.0
2022-09-02 16:00:00,0.0,1321.0,2629.0,0.0,426.0,0.0,0.0,0.0,749.0,0.0,620.0
2022-09-02 17:00:00,0.0,1314.0,2632.0,0.0,615.0,0.0,0.0,0.0,370.0,0.0,617.0
2022-09-02 18:00:00,0.0,1313.0,2495.0,0.0,1044.0,0.0,0.0,0.0,67.0,0.0,594.0
2022-09-02 19:00:00,0.0,1300.0,2458.0,0.0,1294.0,0.0,0.0,0.0,0.0,0.0,674.0
2022-09-02 20:00:00,0.0,1291.0,2572.0,0.0,1073.0,0.0,0.0,0.0,0.0,0.0,530.0
2022-09-02 21:00:00,0.0,1275.0,2599.0,0.0,895.0,0.0,0.0,0.0,0.0,0.0,394.0
2022-09-02 22:00:00,0.0,1274.0,2676.0,0.0,714.0,0.0,0.0,0.0,0.0,0.0,412.0
2022-09-02 23:00:00,0.0,1251.0,2754.0,0.0,437.0,0.0,0.0,0.0,0.0,0.0,333.0
2022-09-03 00:00:00,0.0,1142.0,2197.0,0.0,272.0,0.0,0.0,0.0,0.0,0.0,277.0
2022-09-03 01:00:00,0.0,984.0,2178.0,0.0,154.0,0.0,0.0,0.0,0.0,0.0,244.0
2022-09-03 02:00:00,0.0,966.0,2179.0,0.0,104.0,0.0,0.0,0.0,0.0,0.0,232.0
2022-09-03 03:00:00,0.0,963.0,2117.0,0.0,85.0,0.0,0.0,0.0,0.0,0.0,227.0
2022-09-03 04:00:00,0.0,961.0,2101.0,0.0,103.0,0.0,0.0,0.0,0.0,0.0,221.0
2022-09-03 05:00:00,0.0,967.0,2078.0,0.0,204.0,0.0,0.0,0.0,0.0,0.0,201.0
2022-09-03 06:00:00,0.0,965.0,2080.0,0.0,392.0,0.0,0.0,0.0,69.0,0.0,202.0
2022-09-03 07:00:00,0.0,971.0,2075.0,0.0,372.0,0.0,0.0,0.0,580.0,0.0,222.0
2022-09-03 08:00:00,0.0,972.0,1969.0,0.0,384.0,0.0,0.0,0.0,1274.0,0.0,178.0
2022-09-03 09:00:00,0.0,971.0,1820.0,0.0,251.0,0.0,0.0,0.0,1894.0,0.0,153.0
2022-09-03 10:00:00,0.0,969.0,1682.0,0.0,136.0,0.0,0.0,0.0,2298.0,0.0,178.0
2022-09-03 11:00:00,0.0,970.0,1718.0,0.0,165.0,0.0,0.0,0.0,2494.0,0.0,185.0
2022-09-03 12:00:00,0.0,969.0,1738.0,0.0,218.0,0.0,0.0,0.0,2541.0,0.0,239.0
2022-09-03 13:00:00,0.0,954.0,1686.0,0.0,200.0,0.0,0.0,0.0,2428.0,0.0,263.0
2022-09-03 14:00:00,0.0,971.0,1824.0,0.0,131.0,0.0,0.0,0.0,2167.0,0.0,268.0
2022-09-03 15:00:00,0.0,981.0,1803.0,0.0,198.0,0.0,0.0,0.0,1781.0,0.0,302.0
2022-09-03 16:00:00,0.0,984.0,2075.0,0.0,358.0,0.0,0.0,0.0,1222.0,0.0,299.0
2022-09-03 17:00:00,0.0,985.0,2198.0,0.0,750.0,0.0,0.0,0.0,551.0,0.0,289.0
2022-09-03 18:00:00,0.0,991.0,2221.0,0.0,1188.0,0.0,0.0,0.0,70.0,0.0,241.0
2022-09-03 19:00:00,0.0,995.0,2276.0,0.0,1490.0,0.0,0.0,0.0,0.0,0.0,261.0
2022-09-03 20:00:00,0.0,994.0,2292.0,0.0,1258.0,0.0,0.0,0.0,0.0,0.0,290.0
2022-09-03 21:00:00,0.0,990.0,2225.0,0.0,1009.0,0.0,0.0,0.0,0.0,0.0,297.0
2022-09-03 22:00:00,0.0,997.0,2206.0,0.0,754.0,0.0,0.0,0.0,0.0,0.0,307.0
2022-09-03 23:00:00,0.0,985.0,2211.0,0.0,440.0,0.0,0.0,0.0,0.0,0.0,317.0
2022-09-04 00:00:00,0.0,964.0,1904.0,0.0,447.0,0.0,0.0,0.0,0.0,0.0,281.0
2022-09-04 01:00:00,0.0,964.0,1692.0,0.0,314.0,0.0,0.0,0.0,0.0,0.0,300.0
2022-09-04 02:00:00,0.0,957.0,1693.0,0.0,241.0,0.0,0.0,0.0,0.0,0.0,285.0
2022-09-04 03:00:00,0.0,945.0,1643.0,0.0,176.0,0.0,0.0,0.0,0.0,0.0,306.0
2022-09-04 04:00:00,0.0,948.0,1577.0,0.0,107.0,0.0,0.0,0.0,0.0,0.0,380.0
2022-09-04 05:00:00,0.0,944.0,1425.0,0.0,232.0,0.0,0.0,0.0,0.0,0.0,434.0
2022-09-04 06:00:00,0.0,945.0,1191.0,0.0,337.0,0.0,0.0,0.0,71.0,0.0,468.0
2022-09-04 07:00:00,0.0,950.0,1114.0,0.0,291.0,0.0,0.0,0.0,643.0,0.0,412.0
2022-09-04 08:00:00,0.0,936.0,1004.0,0.0,289.0,0.0,0.0,0.0,1448.0,0.0,349.0
2022-09-04 09:00:00,0.0,933.0,726.0,0.0,315.0,0.0,0.0,0.0,2089.0,0.0,396.0
2022-09-04 10:00:00,0.0,813.0,584.0,0.0,228.0,0.0,0.0,0.0,2498.0,0.0,423.0
2022-09-04 11:00:00,0.0,903.0,601.0,0.0,186.0,0.0,0.0,0.0,2709.0,0.0,409.0
2022-09-04 12:00:00,0.0,921.0,589.0,0.0,203.0,0.0,0.0,0.0,2746.0,0.0,450.0
2022-09-04 13:00:00,0.0,918.0,571.0,0.0,166.0,0.0,0.0,0.0,2613.0,0.0,518.0
2022-09-04 14:00:00,0.0,906.0,614.0,0.0,167.0,0.0,0.0,0.0,2400.0,0.0,534.0
2022-09-04 15:00:00,0.0,915.0,798.0,0.0,182.0,0.0,0.0,0.0,1936.0,0.0,573.0
2022-09-04 16:00:00,0.0,942.0,1333.0,0.0,473.0,0.0,0.0,0.0,1168.0,0.0,678.0
2022-09-04 17:00:00,0.0,936.0,1923.0,0.0,687.0,0.0,0.0,0.0,465.0,0.0,732.0
2022-09-04 18:00:00,0.0,925.0,2209.0,0.0,932.0,0.0,0.0,0.0,62.0,0.0,787.0
2022-09-04 19:00:00,0.0,928.0,2330.0,0.0,1093.0,0.0,0.0,0.0,0.0,0.0,694.0
2022-09-04 20:00:00,0.0,962.0,2497.0,0.0,1043.0,0.0,0.0,0.0,0.0,0.0,608.0
2022-09-04 21:00:00,0.0,963.0,2531.0,0.0,817.0,0.0,0.0,0.0,0.0,0.0,617.0
2022-09-04 22:00:00,0.0,955.0,2324.0,0.0,496.0,0.0,0.0,0.0,0.0,0.0,726.0
2022-09-04 23:00:00,0.0,956.0,2219.0,0.0,243.0,0.0,0.0,0.0,0.0,0.0,714.0
2022-09-05 00:00:00,0.0,958.0,1807.0,0.0,179.0,0.0,0.0,0.0,0.0,0.0,746.0
2022-09-05 01:00:00,0.0,942.0,1105.0,0.0,265.0,0.0,0.0,0.0,0.0,0.0,823.0
2022-09-05 02:00:00,0.0,951.0,852.0,0.0,236.0,0.0,0.0,0.0,0.0,0.0,876.0
2022-09-05 03:00:00,0.0,951.0,738.0,0.0,290.0,0.0,0.0,0.0,0.0,0.0,999.0
2022-09-05 04:00:00,0.0,958.0,719.0,0.0,292.0,0.0,0.0,0.0,0.0,0.0,1163.0
2022-09-05 05:00:00,0.0,943.0,619.0,0.0,139.0,0.0,0.0,0.0,0.0,0.0,1488.0
2022-09-05 06:00:00,0.0,895.0,635.0,0.0,285.0,0.0,0.0,0.0,25.0,0.0,1949.0
2022-09-05 07:00:00,0.0,898.0,822.0,0.0,319.0,0.0,0.0,0.0,301.0,0.0,2059.0
2022-09-05 08:00:00,0.0,925.0,940.0,0.0,298.0,0.0,0.0,0.0,734.0,0.0,2008.0
2022-09-05 09:00:00,0.0,873.0,937.0,0.0,226.0,0.0,0.0,0.0,1329.0,0.0,2224.0
2022-09-05 10:00:00,0.0,848.0,1057.0,0.0,165.0,0.0,0.0,0.0,1576.0,0.0,2355.0
2022-09-05 11:00:00,0.0,733.0,1199.0,0.0,149.0,0.0,0.0,0.0,1820.0,0.0,2363.0
2022-09-05 12:00:00,0.0,693.0,1252.0,0.0,173.0,0.0,0.0,0.0,2029.0,0.0,2349.0
2022-09-05 13:00:00,0.0,679.0,1169.0,0.0,129.0,0.0,0.0,0.0,2075.0,0.0,2462.0
2022-09-05 14:00:00,0.0,684.0,1402.0,0.0,98.0,0.0,0.0,0.0,1889.0,0.0,2462.0
2022-09-05 15:00:00,0.0,637.0,1494.0,0.0,118.0,0.0,0.0,0.0,1623.0,0.0,2411.0
2022-09-05 16:00:00,0.0,651.0,1572.0,0.0,262.0,0.0,0.0,0.0,1152.0,0.0,2365.0
2022-09-05 17:00:00,0.0,726.0,2196.0,0.0,610.0,0.0,0.0,0.0,545.0,0.0,2284.0
2022-09-05 18:00:00,0.0,737.0,2385.0,0.0,918.0,0.0,0.0,0.0,67.0,0.0,2222.0
2022-09-05 19:00:00,0.0,734.0,2409.0,0.0,1082.0,0.0,0.0,0.0,0.0,0.0,2296.0
2022-09-05 20:00:00,0.0,737.0,2445.0,0.0,1028.0,0.0,0.0,0.0,0.0,0.0,2331.0
2022-09-05 21:00:00,0.0,736.0,2393.0,0.0,747.0,0.0,0.0,0.0,0.0,0.0,2369.0
2022-09-05 22:00:00,0.0,737.0,2115.0,0.0,478.0,0.0,0.0,0.0,0.0,0.0,2359.0
2022-09-05 23:00:00,0.0,726.0,2009.0,0.0,179.0,0.0,0.0,0.0,0.0,0.0,2429.0
2022-09-06 00:00:00,0.0,547.0,1864.0,0.0,213.0,0.0,0.0,0.0,0.0,0.0,2330.0
2022-09-06 01:00:00,0.0,431.0,1569.0,0.0,157.0,0.0,0.0,0.0,0.0,0.0,2260.0
2022-09-06 02:00:00,0.0,429.0,1583.0,0.0,31.0,0.0,0.0,0.0,0.0,0.0,2224.0
2022-09-06 03:00:00,0.0,429.0,1477.0,0.0,30.0,0.0,0.0,0.0,0.0,0.0,2294.0
2022-09-06 04:00:00,0.0,428.0,1435.0,0.0,56.0,0.0,0.0,0.0,0.0,0.0,2326.0
2022-09-06 05:00:00,0.0,444.0,1919.0,0.0,63.0,0.0,0.0,0.0,0.0,0.0,2291.0
2022-09-06 06:00:00,0.0,450.0,1952.0,0.0,279.0,0.0,0.0,0.0,70.0,0.0,2246.0
2022-09-06 07:00:00,0.0,450.0,2292.0,0.0,333.0,0.0,0.0,0.0,555.0,0.0,2166.0
2022-09-06 08:00:00,0.0,458.0,2336.0,0.0,336.0,0.0,0.0,0.0,1262.0,0.0,2134.0
2022-09-06 09:00:00,0.0,457.0,2049.0,0.0,220.0,0.0,0.0,0.0,1928.0,0.0,2219.0
2022-09-06 10:00:00,0.0,427.0,1698.0,0.0,131.0,0.0,0.0,0.0,2464.0,0.0,2207.0
2022-09-06 11:00:00,0.0,290.0,1610.0,0.0,142.0,0.0,0.0,0.0,2716.0,0.0,2193.0
2022-09-06 12:00:00,0.0,272.0,1598.0,0.0,146.0,0.0,0.0,0.0,2769.0,0.0,2161.0
2022-09-06 13:00:00,0.0,272.0,1552.0,0.0,110.0,0.0,0.0,0.0,2681.0,0.0,2138.0
2022-09-06 14:00:00,0.0,272.0,1573.0,0.0,93.0,0.0,0.0,0.0,2433.0,0.0,2163.0
2022-09-06 15:00:00,0.0,273.0,1922.0,0.0,167.0,0.0,0.0,0.0,1988.0,0.0,2130.0
2022-09-06 16:00:00,0.0,273.0,2301.0,0.0,352.0,0.0,0.0,0.0,1328.0,0.0,2125.0
2022-09-06 17:00:00,0.0,274.0,2771.0,0.0,798.0,0.0,0.0,0.0,591.0,0.0,2079.0
2022-09-06 18:00:00,0.0,273.0,3003.0,0.0,982.0,0.0,0.0,0.0,68.0,0.0,2033.0
2022-09-06 19:00:00,0.0,273.0,3139.0,0.0,1097.0,0.0,0.0,0.0,0.0,0.0,2037.0
2022-09-06 20:00:00,0.0,272.0,3008.0,0.0,1074.0,0.0,0.0,0.0,0.0,0.0,2013.0
2022-09-06 21:00:00,0.0,273.0,3040.0,0.0,859.0,0.0,0.0,0.0,0.0,0.0,1960.0
2022-09-06 22:00:00,0.0,274.0,3198.0,0.0,725.0,0.0,0.0,0.0,0.0,0.0,1931.0
2022-09-06 23:00:00,0.0,273.0,3107.0,0.0,413.0,0.0,0.0,0.0,0.0,0.0,1967.0
2022-09-07 00:00:00,0.0,268.0,2194.0,0.0,197.0,0.0,0.0,0.0,0.0,0.0,2033.0
2022-09-07 01:00:00,0.0,268.0,1852.0,0.0,151.0,0.0,0.0,0.0,0.0,0.0,2060.0
2022-09-07 02:00:00,0.0,268.0,1908.0,0.0,36.0,0.0,0.0,0.0,0.0,0.0,2045.0
2022-09-07 03:00:00,0.0,272.0,1614.0,0.0,28.0,0.0,0.0,0.0,0.0,0.0,2059.0
2022-09-07 04:00:00,0.0,272.0,1847.0,0.0,59.0,0.0,0.0,0.0,0.0,0.0,2021.0
2022-09-07 05:00:00,0.0,272.0,2065.0,0.0,89.0,0.0,0.0,0.0,0.0,0.0,2078.0
2022-09-07 06:00:00,0.0,272.0,2500.0,0.0,610.0,0.0,0.0,0.0,69.0,0.0,2058.0
2022-09-07 07:00:00,0.0,268.0,2560.0,0.0,580.0,0.0,0.0,0.0,615.0,0.0,2069.0
2022-09-07 08:00:00,0.0,271.0,2453.0,0.0,498.0,0.0,0.0,0.0,1375.0,0.0,2058.0
2022-09-07 09:00:00,0.0,271.0,2151.0,0.0,220.0,0.0,0.0,0.0,2031.0,0.0,2100.0
2022-09-07 10:00:00,0.0,272.0,1801.0,0.0,112.0,0.0,0.0,0.0,2464.0,0.0,2138.0
2022-09-07 11:00:00,0.0,269.0,1719.0,0.0,135.0,0.0,0.0,0.0,2710.0,0.0,2129.0
2022-09-07 12:00:00,0.0,270.0,1599.0,0.0,140.0,0.0,0.0,0.0,2877.0,0.0,2114.0
2022-09-07 13:00:00,0.0,280.0,1549.0,0.0,124.0,0.0,0.0,0.0,2802.0,0.0,2129.0
2022-09-07 14:00:00,0.0,280.0,1513.0,0.0,93.0,0.0,0.0,0.0,2538.0,0.0,2095.0
2022-09-07 15:00:00,0.0,281.0,1930.0,0.0,137.0,0.0,0.0,0.0,2063.0,0.0,2074.0
2022-09-07 16:00:00,0.0,280.0,2311.0,0.0,281.0,0.0,0.0,0.0,1447.0,0.0,2034.0
2022-09-07 17:00:00,0.0,278.0,2896.0,0.0,711.0,0.0,0.0,0.0,630.0,0.0,2002.0
2022-09-07 18:00:00,0.0,280.0,3126.0,0.0,1017.0,0.0,0.0,0.0,69.0,0.0,1931.0
2022-09-07 19:00:00,0.0,280.0,3205.0,0.0,1050.0,0.0,0.0,0.0,0.0,0.0,1899.0
2022-09-07 20:00:00,0.0,323.0,2993.0,0.0,965.0,0.0,0.0,0.0,0.0,0.0,1922.0
2022-09-07 21:00:00,0.0,375.0,2837.0,0.0,787.0,0.0,0.0,0.0,0.0,0.0,1856.0
2022-09-07 22:00:00,0.0,398.0,2862.0,0.0,531.0,0.0,0.0,0.0,0.0,0.0,1853.0
2022-09-07 23:00:00,0.0,403.0,2574.0,0.0,234.0,0.0,0.0,0.0,0.0,0.0,1793.0
2022-09-08 00:00:00,0.0,436.0,1896.0,0.0,227.0,0.0,0.0,0.0,0.0,0.0,1790.0
2022-09-08 01:00:00,0.0,422.0,1656.0,0.0,187.0,0.0,0.0,0.0,0.0,0.0,1809.0
2022-09-08 02:00:00,0.0,424.0,1818.0,0.0,63.0,0.0,0.0,0.0,0.0,0.0,1811.0
2022-09-08 03:00:00,0.0,424.0,1506.0,0.0,63.0,0.0,0.0,0.0,0.0,0.0,1869.0
2022-09-08 04:00:00,0.0,427.0,1554.0,0.0,88.0,0.0,0.0,0.0,0.0,0.0,1912.0
2022-09-08 05:00:00,0.0,425.0,2002.0,0.0,94.0,0.0,0.0,0.0,0.0,0.0,1955.0
2022-09-08 06:00:00,0.0,426.0,1971.0,0.0,266.0,0.0,0.0,0.0,73.0,0.0,1941.0
2022-09-08 07:00:00,0.0,427.0,2183.0,0.0,348.0,0.0,0.0,0.0,706.0,0.0,1759.0
2022-09-08 08:00:00,0.0,429.0,2114.0,0.0,297.0,0.0,0.0,0.0,1573.0,0.0,1633.0
2022-09-08 09:00:00,0.0,433.0,1704.0,0.0,203.0,0.0,0.0,0.0,2251.0,0.0,1635.0
2022-09-08 10:00:00,0.0,429.0,1273.0,0.0,139.0,0.0,0.0,0.0,2702.0,0.0,1630.0
2022-09-08 11:00:00,0.0,429.0,1295.0,0.0,144.0,0.0,0.0,0.0,2957.0,0.0,1565.0
2022-09-08 12:00:00,0.0,432.0,1513.0,0.0,148.0,0.0,0.0,0.0,3025.0,0.0,1435.0
2022-09-08 13:00:00,0.0,512.0,1579.0,0.0,119.0,0.0,0.0,0.0,2929.0,0.0,1287.0
2022-09-08 14:00:00,0.0,602.0,1405.0,0.0,89.0,0.0,0.0,0.0,2648.0,0.0,1207.0
2022-09-08 15:00:00,0.0,613.0,1557.0,0.0,112.0,0.0,0.0,0.0,2163.0,0.0,1148.0
2022-09-08 16:00:00,0.0,618.0,2146.0,0.0,212.0,0.0,0.0,0.0,1461.0,0.0,1093.0
2022-09-08 17:00:00,0.0,611.0,2546.0,0.0,589.0,0.0,0.0,0.0,609.0,0.0,956.0
2022-09-08 18:00:00,0.0,619.0,2640.0,0.0,1004.0,0.0,0.0,0.0,60.0,0.0,878.0
2022-09-08 19:00:00,0.0,627.0,2585.0,0.0,1294.0,0.0,0.0,0.0,0.0,0.0,774.0
2022-09-08 20:00:00,0.0,646.0,2694.0,0.0,976.0,0.0,0.0,0.0,0.0,0.0,654.0
2022-09-08 21:00:00,0.0,647.0,2566.0,0.0,796.0,0.0,0.0,0.0,0.0,0.0,564.0
2022-09-08 22:00:00,0.0,660.0,2515.0,0.0,679.0,0.0,0.0,0.0,0.0,0.0,494.0
2022-09-08 23:00:00,0.0,667.0,2551.0,0.0,351.0,0.0,0.0,0.0,0.0,0.0,387.0
2022-09-09 00:00:00,0.0,678.0,2551.0,0.0,185.0,0.0,0.0,0.0,0.0,0.0,337.0
2022-09-09 01:00:00,0.0,705.0,2209.0,0.0,59.0,0.0,0.0,0.0,0.0,0.0,346.0
2022-09-09 02:00:00,0.0,704.0,2220.0,0.0,58.0,0.0,0.0,0.0,0.0,0.0,330.0
2022-09-09 03:00:00,0.0,704.0,2127.0,0.0,59.0,0.0,0.0,0.0,0.0,0.0,364.0
2022-09-09 04:00:00,0.0,700.0,2159.0,0.0,86.0,0.0,0.0,0.0,0.0,0.0,385.0
2022-09-09 05:00:00,0.0,701.0,2177.0,0.0,166.0,0.0,0.0,0.0,0.0,0.0,351.0
2022-09-09 06:00:00,0.0,709.0,2189.0,0.0,398.0,0.0,0.0,0.0,71.0,0.0,309.0
2022-09-09 07:00:00,0.0,707.0,2279.0,0.0,375.0,0.0,0.0,0.0,670.0,0.0,297.0
2022-09-09 08:00:00,0.0,691.0,2248.0,0.0,374.0,0.0,0.0,0.0,1493.0,0.0,301.0
2022-09-09 09:00:00,0.0,686.0,2185.0,0.0,388.0,0.0,0.0,0.0,2129.0,0.0,252.0
2022-09-09 10:00:00,0.0,704.0,1833.0,0.0,308.0,0.0,0.0,0.0,2546.0,0.0,224.0
2022-09-09 11:00:00,0.0,705.0,1755.0,0.0,289.0,0.0,0.0,0.0,2803.0,0.0,188.0
2022-09-09 12:00:00,0.0,702.0,1781.0,0.0,304.0,0.0,0.0,0.0,2887.0,0.0,185.0
2022-09-09 13:00:00,0.0,706.0,1755.0,0.0,283.0,0.0,0.0,0.0,2778.0,0.0,212.0
2022-09-09 14:00:00,0.0,704.0,1686.0,0.0,211.0,0.0,0.0,0.0,2445.0,0.0,272.0
2022-09-09 15:00:00,0.0,705.0,1794.0,0.0,325.0,0.0,0.0,0.0,1983.0,0.0,310.0
2022-09-09 16:00:00,0.0,706.0,2258.0,0.0,412.0,0.0,0.0,0.0,1320.0,0.0,380.0
2022-09-09 17:00:00,0.0,707.0,2643.0,0.0,665.0,0.0,0.0,0.0,524.0,0.0,397.0
2022-09-09 18:00:00,0.0,707.0,2771.0,0.0,941.0,0.0,0.0,0.0,57.0,0.0,457.0
2022-09-09 19:00:00,0.0,706.0,2916.0,0.0,1133.0,0.0,0.0,0.0,0.0,0.0,475.0
2022-09-09 20:00:00,0.0,705.0,3123.0,0.0,1016.0,0.0,0.0,0.0,0.0,0.0,456.0
2022-09-09 21:00:00,0.0,701.0,2936.0,0.0,828.0,0.0,0.0,0.0,0.0,0.0,468.0
2022-09-09 22:00:00,0.0,715.0,2781.0,0.0,576.0,0.0,0.0,0.0,0.0,0.0,548.0
2022-09-09 23:00:00,0.0,711.0,2549.0,0.0,248.0,0.0,0.0,0.0,0.0,0.0,585.0
2022-09-10 00:00:00,0.0,482.0,2451.0,0.0,313.0,0.0,0.0,0.0,0.0,0.0,596.0
2022-09-10 01:00:00,0.0,485.0,2331.0,0.0,247.0,0.0,0.0,0.0,0.0,0.0,604.0
2022-09-10 02:00:00,0.0,641.0,2200.0,0.0,109.0,0.0,0.0,0.0,0.0,0.0,542.0
2022-09-10 03:00:00,0.0,580.0,2209.0,0.0,124.0,0.0,0.0,0.0,0.0,0.0,473.0
2022-09-10 04:00:00,0.0,477.0,2279.0,0.0,153.0,0.0,0.0,0.0,0.0,0.0,456.0
2022-09-10 05:00:00,0.0,477.0,2298.0,0.0,187.0,0.0,0.0,0.0,0.0,0.0,418.0
2022-09-10 06:00:00,0.0,481.0,2209.0,0.0,287.0,0.0,0.0,0.0,63.0,0.0,365.0
2022-09-10 07:00:00,0.0,479.0,2147.0,0.0,384.0,0.0,0.0,0.0,625.0,0.0,301.0
2022-09-10 08:00:00,0.0,478.0,1893.0,0.0,333.0,0.0,0.0,0.0,1446.0,0.0,212.0
2022-09-10 09:00:00,0.0,476.0,1973.0,0.0,315.0,0.0,0.0,0.0,2127.0,0.0,169.0
2022-09-10 10:00:00,0.0,480.0,1969.0,0.0,289.0,0.0,0.0,0.0,2583.0,0.0,205.0
2022-09-10 11:00:00,0.0,480.0,2012.0,0.0,300.0,0.0,0.0,0.0,2838.0,0.0,308.0
2022-09-10 12:00:00,0.0,489.0,1825.0,0.0,210.0,0.0,0.0,0.0,2903.0,0.0,456.0
2022-09-10 13:00:00,0.0,490.0,1817.0,0.0,176.0,0.0,0.0,0.0,2781.0,0.0,660.0
2022-09-10 14:00:00,0.0,493.0,1572.0,0.0,78.0,0.0,0.0,0.0,2474.0,0.0,826.0
2022-09-10 15:00:00,0.0,497.0,1933.0,0.0,119.0,0.0,0.0,0.0,1996.0,0.0,847.0
2022-09-10 16:00:00,0.0,493.0,1918.0,0.0,303.0,0.0,0.0,0.0,1319.0,0.0,794.0
2022-09-10 17:00:00,0.0,489.0,2088.0,0.0,550.0,0.0,0.0,0.0,522.0,0.0,796.0
2022-09-10 18:00:00,0.0,486.0,2276.0,0.0,1077.0,0.0,0.0,0.0,47.0,0.0,815.0
2022-09-10 19:00:00,0.0,486.0,2513.0,0.0,1151.0,0.0,0.0,0.0,0.0,0.0,843.0
2022-09-10 20:00:00,0.0,491.0,2548.0,0.0,1215.0,0.0,0.0,0.0,0.0,0.0,790.0
2022-09-10 21:00:00,0.0,492.0,2460.0,0.0,974.0,0.0,0.0,0.0,0.0,0.0,684.0
2022-09-10 22:00:00,0.0,487.0,2179.0,0.0,794.0,0.0,0.0,0.0,0.0,0.0,598.0
2022-09-10 23:00:00,0.0,485.0,2235.0,0.0,461.0,0.0,0.0,0.0,0.0,0.0,546.0
2022-09-11 00:00:00,0.0,483.0,1840.0,0.0,197.0,0.0,0.0,0.0,0.0,0.0,588.0
2022-09-11 01:00:00,0.0,473.0,1414.0,0.0,132.0,0.0,0.0,0.0,0.0,0.0,656.0
2022-09-11 02:00:00,0.0,476.0,1156.0,0.0,72.0,0.0,0.0,0.0,0.0,0.0,726.0
2022-09-11 03:00:00,0.0,475.0,1105.0,0.0,57.0,0.0,0.0,0.0,0.0,0.0,786.0
2022-09-11 04:00:00,0.0,454.0,1070.0,0.0,100.0,0.0,0.0,0.0,0.0,0.0,798.0
2022-09-11 05:00:00,0.0,441.0,1098.0,0.0,102.0,0.0,0.0,0.0,0.0,0.0,763.0
2022-09-11 06:00:00,0.0,455.0,1060.0,0.0,269.0,0.0,0.0,0.0,63.0,0.0,692.0
2022-09-11 07:00:00,0.0,462.0,1066.0,0.0,286.0,0.0,0.0,0.0,684.0,0.0,467.0
2022-09-11 08:00:00,0.0,439.0,1082.0,0.0,232.0,0.0,0.0,0.0,1541.0,0.0,309.0
2022-09-11 09:00:00,0.0,438.0,898.0,0.0,246.0,0.0,0.0,0.0,2226.0,0.0,232.0
2022-09-11 10:00:00,0.0,436.0,653.0,0.0,182.0,0.0,0.0,0.0,2613.0,0.0,218.0
2022-09-11 11:00:00,0.0,432.0,701.0,0.0,183.0,0.0,0.0,0.0,2839.0,0.0,292.0
2022-09-11 12:00:00,0.0,431.0,536.0,0.0,139.0,0.0,0.0,0.0,2852.0,0.0,482.0
2022-09-11 13:00:00,0.0,427.0,588.0,0.0,106.0,0.0,0.0,0.0,2679.0,0.0,640.0
2022-09-11 14:00:00,0.0,430.0,628.0,0.0,125.0,0.0,0.0,0.0,2333.0,0.0,729.0
2022-09-11 15:00:00,0.0,446.0,680.0,0.0,132.0,0.0,0.0,0.0,1889.0,0.0,804.0
2022-09-11 16:00:00,0.0,447.0,1217.0,0.0,138.0,0.0,0.0,0.0,1237.0,0.0,831.0
2022-09-11 17:00:00,0.0,449.0,1775.0,0.0,468.0,0.0,0.0,0.0,490.0,0.0,811.0
2022-09-11 18:00:00,0.0,459.0,1975.0,0.0,948.0,0.0,0.0,0.0,45.0,0.0,836.0
2022-09-11 19:00:00,0.0,465.0,2295.0,0.0,1283.0,0.0,0.0,0.0,0.0,0.0,880.0
2022-09-11 20:00:00,0.0,465.0,2376.0,0.0,1402.0,0.0,0.0,0.0,0.0,0.0,879.0
2022-09-11 21:00:00,0.0,462.0,2359.0,0.0,1059.0,0.0,0.0,0.0,0.0,0.0,858.0
2022-09-11 22:00:00,0.0,465.0,1954.0,0.0,542.0,0.0,0.0,0.0,0.0,0.0,1000.0
2022-09-11 23:00:00,0.0,462.0,1458.0,0.0,237.0,0.0,0.0,0.0,0.0,0.0,1074.0
2022-09-12 00:00:00,0.0,467.0,1470.0,0.0,230.0,0.0,0.0,0.0,0.0,0.0,1068.0
2022-09-12 01:00:00,0.0,467.0,1314.0,0.0,153.0,0.0,0.0,0.0,0.0,0.0,1004.0
2022-09-12 02:00:00,0.0,468.0,1578.0,0.0,92.0,0.0,0.0,0.0,0.0,0.0,950.0
2022-09-12 03:00:00,0.0,470.0,1331.0,0.0,65.0,0.0,0.0,0.0,0.0,0.0,1091.0
2022-09-12 04:00:00,0.0,437.0,1190.0,0.0,90.0,0.0,0.0,0.0,0.0,0.0,1374.0
2022-09-12 05:00:00,0.0,433.0,1232.0,0.0,92.0,0.0,0.0,0.0,0.0,0.0,1505.0
2022-09-12 06:00:00,0.0,461.0,1422.0,0.0,299.0,0.0,0.0,0.0,49.0,0.0,1622.0
2022-09-12 07:00:00,0.0,474.0,1647.0,0.0,306.0,0.0,0.0,0.0,611.0,0.0,1518.0
2022-09-12 08:00:00,0.0,456.0,1603.0,0.0,194.0,0.0,0.0,0.0,1413.0,0.0,1394.0
2022-09-12 09:00:00,0.0,473.0,1421.0,0.0,248.0,0.0,0.0,0.0,2030.0,0.0,1332.0
2022-09-12 10:00:00,0.0,467.0,1402.0,0.0,174.0,0.0,0.0,0.0,2496.0,0.0,1181.0
2022-09-12 11:00:00,0.0,470.0,1528.0,0.0,152.0,0.0,0.0,0.0,2714.0,0.0,973.0
2022-09-12 12:00:00,0.0,473.0,1665.0,0.0,89.0,0.0,0.0,0.0,2723.0,0.0,977.0
2022-09-12 13:00:00,0.0,474.0,1639.0,0.0,76.0,0.0,0.0,0.0,2641.0,0.0,931.0
2022-09-12 14:00:00,0.0,476.0,1607.0,0.0,50.0,0.0,0.0,0.0,2371.0,0.0,1006.0
2022-09-12 15:00:00,0.0,478.0,1579.0,0.0,52.0,0.0,0.0,0.0,1908.0,0.0,1160.0
2022-09-12 16:00:00,0.0,476.0,1543.0,0.0,152.0,0.0,0.0,0.0,1263.0,0.0,1274.0
2022-09-12 17:00:00,0.0,476.0,1916.0,0.0,519.0,0.0,0.0,0.0,487.0,0.0,1250.0
2022-09-12 18:00:00,0.0,477.0,2143.0,0.0,802.0,0.0,0.0,0.0,36.0,0.0,1188.0
2022-09-12 19:00:00,0.0,478.0,2302.0,0.0,1110.0,0.0,0.0,0.0,0.0,0.0,1137.0
2022-09-12 20:00:00,0.0,478.0,2184.0,0.0,998.0,0.0,0.0,0.0,0.0,0.0,1082.0
2022-09-12 21:00:00,0.0,478.0,2115.0,0.0,897.0,0.0,0.0,0.0,0.0,0.0,927.0
2022-09-12 22:00:00,0.0,476.0,1966.0,0.0,502.0,0.0,0.0,0.0,0.0,0.0,831.0
2022-09-12 23:00:00,0.0,475.0,2002.0,0.0,202.0,0.0,0.0,0.0,0.0,0.0,799.0
2022-09-13 00:00:00,0.0,473.0,1636.0,0.0,104.0,0.0,0.0,0.0,0.0,0.0,858.0
2022-09-13 01:00:00,0.0,471.0,1482.0,0.0,105.0,0.0,0.0,0.0,0.0,0.0,895.0
2022-09-13 02:00:00,0.0,466.0,1542.0,0.0,61.0,0.0,0.0,0.0,0.0,0.0,962.0
2022-09-13 03:00:00,0.0,449.0,1425.0,0.0,58.0,0.0,0.0,0.0,0.0,0.0,965.0
2022-09-13 04:00:00,0.0,435.0,1453.0,0.0,83.0,0.0,0.0,0.0,0.0,0.0,995.0
2022-09-13 05:00:00,0.0,439.0,1561.0,0.0,132.0,0.0,0.0,0.0,0.0,0.0,1073.0
2022-09-13 06:00:00,0.0,442.0,1749.0,0.0,346.0,0.0,0.0,0.0,49.0,0.0,1105.0
2022-09-13 07:00:00,0.0,440.0,2135.0,0.0,421.0,0.0,0.0,0.0,572.0,0.0,1000.0
2022-09-13 08:00:00,0.0,433.0,2107.0,0.0,378.0,0.0,0.0,0.0,1286.0,0.0,965.0
2022-09-13 09:00:00,0.0,437.0,2110.0,0.0,379.0,0.0,0.0,0.0,1909.0,0.0,856.0
2022-09-13 10:00:00,0.0,434.0,1865.0,0.0,234.0,0.0,0.0,0.0,2372.0,0.0,752.0
2022-09-13 11:00:00,0.0,434.0,1902.0,0.0,265.0,0.0,0.0,0.0,2635.0,0.0,681.0
2022-09-13 12:00:00,0.0,442.0,1994.0,0.0,192.0,0.0,0.0,0.0,2618.0,0.0,578.0
2022-09-13 13:00:00,0.0,440.0,1879.0,0.0,127.0,0.0,0.0,0.0,2493.0,0.0,595.0
2022-09-13 14:00:00,0.0,440.0,1888.0,0.0,99.0,0.0,0.0,0.0,2260.0,0.0,740.0
2022-09-13 15:00:00,0.0,434.0,1920.0,0.0,166.0,0.0,0.0,0.0,1808.0,0.0,821.0
2022-09-13 16:00:00,0.0,432.0,2180.0,0.0,345.0,0.0,0.0,0.0,1168.0,0.0,851.0
2022-09-13 17:00:00,0.0,442.0,2491.0,0.0,815.0,0.0,0.0,0.0,452.0,0.0,697.0
2022-09-13 18:00:00,0.0,445.0,2512.0,0.0,913.0,0.0,0.0,0.0,35.0,0.0,624.0
2022-09-13 19:00:00,0.0,452.0,2943.0,0.0,1541.0,0.0,0.0,0.0,0.0,0.0,526.0
2022-09-13 20:00:00,0.0,448.0,2874.0,0.0,1160.0,0.0,0.0,0.0,0.0,0.0,415.0
2022-09-13 21:00:00,0.0,452.0,2807.0,0.0,959.0,0.0,0.0,0.0,0.0,0.0,347.0
2022-09-13 22:00:00,0.0,456.0,2748.0,0.0,542.0,0.0,0.0,0.0,0.0,0.0,356.0
2022-09-13 23:00:00,0.0,451.0,2673.0,0.0,138.0,0.0,0.0,0.0,0.0,0.0,411.0
2022-09-14 00:00:00,0.0,437.0,2002.0,0.0,108.0,0.0,0.0,0.0,0.0,0.0,401.0
2022-09-14 01:00:00,0.0,440.0,2018.0,0.0,100.0,0.0,0.0,0.0,0.0,0.0,356.0
2022-09-14 02:00:00,0.0,446.0,1837.0,0.0,83.0,0.0,0.0,0.0,0.0,0.0,357.0
2022-09-14 03:00:00,0.0,457.0,1749.0,0.0,83.0,0.0,0.0,0.0,0.0,0.0,374.0
2022-09-14 04:00:00,0.0,458.0,1771.0,0.0,109.0,0.0,0.0,0.0,0.0,0.0,351.0
2022-09-14 05:00:00,0.0,453.0,1929.0,0.0,123.0,0.0,0.0,0.0,0.0,0.0,318.0
2022-09-14 06:00:00,0.0,449.0,2406.0,0.0,421.0,0.0,0.0,0.0,61.0,0.0,267.0
2022-09-14 07:00:00,0.0,437.0,2500.0,0.0,498.0,0.0,0.0,0.0,724.0,0.0,213.0
2022-09-14 08:00:00,0.0,446.0,2442.0,0.0,326.0,0.0,0.0,0.0,1623.0,0.0,202.0
2022-09-14 09:00:00,0.0,441.0,2525.0,0.0,517.0,0.0,0.0,0.0,2300.0,0.0,166.0
2022-09-14 10:00:00,0.0,440.0,2507.0,0.0,292.0,0.0,0.0,0.0,2739.0,0.0,151.0
2022-09-14 11:00:00,0.0,448.0,2222.0,0.0,130.0,0.0,0.0,0.0,2984.0,0.0,147.0
2022-09-14 12:00:00,0.0,452.0,2250.0,0.0,157.0,0.0,0.0,0.0,3048.0,0.0,148.0
2022-09-14 13:00:00,0.0,464.0,2210.0,0.0,129.0,0.0,0.0,0.0,2942.0,0.0,156.0
2022-09-14 14:00:00,0.0,467.0,2229.0,0.0,93.0,0.0,0.0,0.0,2643.0,0.0,200.0
2022-09-14 15:00:00,0.0,472.0,2263.0,0.0,166.0,0.0,0.0,0.0,2145.0,0.0,350.0
2022-09-14 16:00:00,0.0,516.0,2246.0,0.0,283.0,0.0,0.0,0.0,1430.0,0.0,441.0
2022-09-14 17:00:00,0.0,581.0,2562.0,0.0,649.0,0.0,0.0,0.0,541.0,0.0,362.0
2022-09-14 18:00:00,0.0,617.0,2822.0,0.0,803.0,0.0,0.0,0.0,34.0,0.0,276.0
2022-09-14 19:00:00,0.0,637.0,3005.0,0.0,1772.0,0.0,0.0,0.0,0.0,0.0,197.0
2022-09-14 20:00:00,0.0,646.0,2842.0,0.0,1391.0,0.0,0.0,0.0,0.0,0.0,169.0
2022-09-14 21:00:00,0.0,647.0,2668.0,0.0,1118.0,0.0,0.0,0.0,0.0,0.0,180.0
2022-09-14 22:00:00,0.0,640.0,2509.0,0.0,627.0,0.0,0.0,0.0,0.0,0.0,219.0
2022-09-14 23:00:00,0.0,645.0,2181.0,0.0,209.0,0.0,0.0,0.0,0.0,0.0,249.0
2022-09-15 00:00:00,0.0,659.0,2371.0,0.0,122.0,0.0,0.0,0.0,0.0,0.0,271.0
2022-09-15 01:00:00,0.0,651.0,2221.0,0.0,72.0,0.0,0.0,0.0,0.0,0.0,297.0
2022-09-15 02:00:00,0.0,628.0,2096.0,0.0,55.0,0.0,0.0,0.0,0.0,0.0,317.0
2022-09-15 03:00:00,0.0,602.0,2020.0,0.0,55.0,0.0,0.0,0.0,0.0,0.0,331.0
2022-09-15 04:00:00,0.0,611.0,2031.0,0.0,80.0,0.0,0.0,0.0,0.0,0.0,379.0
2022-09-15 05:00:00,0.0,629.0,2181.0,0.0,148.0,0.0,0.0,0.0,0.0,0.0,373.0
2022-09-15 06:00:00,0.0,593.0,2710.0,0.0,479.0,0.0,0.0,0.0,58.0,0.0,288.0
2022-09-15 07:00:00,0.0,576.0,2950.0,0.0,560.0,0.0,0.0,0.0,660.0,0.0,186.0
2022-09-15 08:00:00,0.0,585.0,2938.0,0.0,546.0,0.0,0.0,0.0,1510.0,0.0,111.0
2022-09-15 09:00:00,0.0,611.0,2858.0,0.0,434.0,0.0,0.0,0.0,2162.0,0.0,91.0
2022-09-15 10:00:00,0.0,624.0,2694.0,0.0,315.0,0.0,0.0,0.0,2590.0,0.0,128.0
2022-09-15 11:00:00,0.0,644.0,2613.0,0.0,234.0,0.0,0.0,0.0,2820.0,0.0,167.0
2022-09-15 12:00:00,0.0,631.0,2496.0,0.0,237.0,0.0,0.0,0.0,2870.0,0.0,234.0
2022-09-15 13:00:00,0.0,624.0,2390.0,0.0,163.0,0.0,0.0,0.0,2757.0,0.0,310.0
2022-09-15 14:00:00,0.0,611.0,2392.0,0.0,73.0,0.0,0.0,0.0,2461.0,0.0,378.0
2022-09-15 15:00:00,0.0,629.0,2427.0,0.0,194.0,0.0,0.0,0.0,1970.0,0.0,413.0
2022-09-15 16:00:00,0.0,671.0,2705.0,0.0,472.0,0.0,0.0,0.0,1267.0,0.0,435.0
2022-09-15 17:00:00,0.0,697.0,3001.0,0.0,866.0,0.0,0.0,0.0,463.0,0.0,460.0
2022-09-15 18:00:00,0.0,704.0,3164.0,0.0,1073.0,0.0,0.0,0.0,33.0,0.0,513.0
2022-09-15 19:00:00,0.0,534.0,3192.0,0.0,1592.0,0.0,0.0,0.0,0.0,0.0,528.0
2022-09-15 20:00:00,0.0,502.0,3033.0,0.0,1502.0,0.0,0.0,0.0,0.0,0.0,559.0
2022-09-15 21:00:00,0.0,506.0,2849.0,0.0,1282.0,0.0,0.0,0.0,0.0,0.0,537.0
2022-09-15 22:00:00,0.0,510.0,2668.0,0.0,694.0,0.0,0.0,0.0,0.0,0.0,517.0
2022-09-15 23:00:00,0.0,514.0,2539.0,0.0,477.0,0.0,0.0,0.0,0.0,0.0,535.0
2022-09-16 00:00:00,0.0,473.0,2363.0,0.0,63.0,0.0,0.0,0.0,0.0,0.0,590.0
2022-09-16 01:00:00,0.0,453.0,2287.0,0.0,35.0,0.0,0.0,0.0,0.0,0.0,634.0
2022-09-16 02:00:00,0.0,440.0,2296.0,0.0,63.0,0.0,0.0,0.0,0.0,0.0,597.0
2022-09-16 03:00:00,0.0,435.0,2237.0,0.0,90.0,0.0,0.0,0.0,0.0,0.0,564.0
2022-09-16 04:00:00,0.0,430.0,2219.0,0.0,171.0,0.0,0.0,0.0,0.0,0.0,530.0
2022-09-16 05:00:00,0.0,424.0,2146.0,0.0,307.0,0.0,0.0,0.0,0.0,0.0,509.0
2022-09-16 06:00:00,0.0,423.0,2222.0,0.0,440.0,0.0,0.0,0.0,55.0,0.0,474.0
2022-09-16 07:00:00,0.0,425.0,2324.0,0.0,544.0,0.0,0.0,0.0,605.0,0.0,433.0
2022-09-16 08:00:00,0.0,418.0,2302.0,0.0,573.0,0.0,0.0,0.0,1432.0,0.0,444.0
2022-09-16 09:00:00,0.0,445.0,2279.0,0.0,548.0,0.0,0.0,0.0,2105.0,0.0,418.0
2022-09-16 10:00:00,0.0,464.0,2194.0,0.0,428.0,0.0,0.0,0.0,2557.0,0.0,422.0
2022-09-16 11:00:00,0.0,435.0,2059.0,0.0,456.0,0.0,0.0,0.0,2773.0,0.0,497.0
2022-09-16 12:00:00,0.0,465.0,2114.0,0.0,283.0,0.0,0.0,0.0,2836.0,0.0,649.0
2022-09-16 13:00:00,0.0,477.0,2007.0,0.0,201.0,0.0,0.0,0.0,2762.0,0.0,734.0
2022-09-16 14:00:00,0.0,498.0,2133.0,0.0,163.0,0.0,0.0,0.0,2391.0,0.0,759.0
2022-09-16 15:00:00,0.0,501.0,2329.0,0.0,214.0,0.0,0.0,0.0,1887.0,0.0,871.0
2022-09-16 16:00:00,0.0,499.0,2503.0,0.0,450.0,0.0,0.0,0.0,1196.0,0.0,896.0
2022-09-16 17:00:00,0.0,504.0,2555.0,0.0,920.0,0.0,0.0,0.0,432.0,0.0,836.0
2022-09-16 18:00:00,0.0,510.0,2741.0,0.0,1173.0,0.0,0.0,0.0,32.0,0.0,746.0
2022-09-16 19:00:00,0.0,511.0,2859.0,0.0,1376.0,0.0,0.0,0.0,0.0,0.0,681.0
2022-09-16 20:00:00,0.0,512.0,2845.0,0.0,1321.0,0.0,0.0,0.0,0.0,0.0,614.0
2022-09-16 21:00:00,0.0,510.0,2737.0,0.0,1239.0,0.0,0.0,0.0,0.0,0.0,514.0
2022-09-16 22:00:00,0.0,494.0,2776.0,0.0,891.0,0.0,0.0,0.0,0.0,0.0,455.0
2022-09-16 23:00:00,0.0,484.0,2703.0,0.0,559.0,0.0,0.0,0.0,0.0,0.0,427.0
2022-09-17 00:00:00,0.0,488.0,2145.0,0.0,247.0,0.0,0.0,0.0,0.0,0.0,393.0
2022-09-17 01:00:00,0.0,497.0,1615.0,0.0,288.0,0.0,0.0,0.0,0.0,0.0,430.0
2022-09-17 02:00:00,0.0,497.0,1581.0,0.0,353.0,0.0,0.0,0.0,0.0,0.0,412.0
2022-09-17 03:00:00,0.0,494.0,1480.0,0.0,123.0,0.0,0.0,0.0,0.0,0.0,444.0
2022-09-17 04:00:00,0.0,480.0,1299.0,0.0,78.0,0.0,0.0,0.0,0.0,0.0,459.0
2022-09-17 05:00:00,0.0,480.0,1346.0,0.0,207.0,0.0,0.0,0.0,0.0,0.0,487.0
2022-09-17 06:00:00,0.0,488.0,1347.0,0.0,431.0,0.0,0.0,0.0,41.0,0.0,533.0
2022-09-17 07:00:00,0.0,482.0,1201.0,0.0,547.0,0.0,0.0,0.0,452.0,0.0,638.0
2022-09-17 08:00:00,0.0,482.0,1102.0,0.0,487.0,0.0,0.0,0.0,1081.0,0.0,691.0
2022-09-17 09:00:00,0.0,439.0,847.0,0.0,415.0,0.0,0.0,0.0,1688.0,0.0,752.0
2022-09-17 10:00:00,0.0,404.0,750.0,0.0,263.0,0.0,0.0,0.0,2102.0,0.0,784.0
2022-09-17 11:00:00,0.0,403.0,773.0,0.0,205.0,0.0,0.0,0.0,2289.0,0.0,852.0
2022-09-17 12:00:00,0.0,390.0,830.0,0.0,237.0,0.0,0.0,0.0,2395.0,0.0,952.0
2022-09-17 13:00:00,0.0,376.0,809.0,0.0,272.0,0.0,0.0,0.0,2307.0,0.0,1099.0
2022-09-17 14:00:00,0.0,382.0,944.0,0.0,301.0,0.0,0.0,0.0,1974.0,0.0,1092.0
2022-09-17 15:00:00,0.0,418.0,1072.0,0.0,439.0,0.0,0.0,0.0,1413.0,0.0,1119.0
2022-09-17 16:00:00,0.0,451.0,1302.0,0.0,277.0,0.0,0.0,0.0,874.0,0.0,1336.0
2022-09-17 17:00:00,0.0,459.0,1372.0,0.0,518.0,0.0,0.0,0.0,300.0,0.0,1353.0
2022-09-17 18:00:00,0.0,463.0,1785.0,0.0,613.0,0.0,0.0,0.0,21.0,0.0,1410.0
2022-09-17 19:00:00,0.0,467.0,1856.0,0.0,799.0,0.0,0.0,0.0,0.0,0.0,1489.0
2022-09-17 20:00:00,0.0,462.0,1839.0,0.0,731.0,0.0,0.0,0.0,0.0,0.0,1511.0
2022-09-17 21:00:00,0.0,452.0,1621.0,0.0,698.0,0.0,0.0,0.0,0.0,0.0,1496.0
2022-09-17 22:00:00,0.0,458.0,1630.0,0.0,378.0,0.0,0.0,0.0,0.0,0.0,1405.0
2022-09-17 23:00:00,0.0,458.0,1447.0,0.0,168.0,0.0,0.0,0.0,0.0,0.0,1469.0
2022-09-18 00:00:00,0.0,416.0,1147.0,0.0,86.0,0.0,0.0,0.0,0.0,0.0,1539.0
2022-09-18 01:00:00,0.0,339.0,820.0,0.0,98.0,0.0,0.0,0.0,0.0,0.0,1471.0
2022-09-18 02:00:00,0.0,334.0,798.0,0.0,99.0,0.0,0.0,0.0,0.0,0.0,1479.0
2022-09-18 03:00:00,0.0,339.0,788.0,0.0,100.0,0.0,0.0,0.0,0.0,0.0,1528.0
2022-09-18 04:00:00,0.0,338.0,603.0,0.0,126.0,0.0,0.0,0.0,0.0,0.0,1532.0
2022-09-18 05:00:00,0.0,341.0,599.0,0.0,130.0,0.0,0.0,0.0,0.0,0.0,1553.0
2022-09-18 06:00:00,0.0,335.0,605.0,0.0,245.0,0.0,0.0,0.0,65.0,0.0,1495.0
2022-09-18 07:00:00,0.0,334.0,611.0,0.0,200.0,0.0,0.0,0.0,667.0,0.0,1396.0
2022-09-18 08:00:00,0.0,334.0,600.0,0.0,91.0,0.0,0.0,0.0,1611.0,0.0,1444.0
2022-09-18 09:00:00,0.0,334.0,565.0,0.0,71.0,0.0,0.0,0.0,2423.0,0.0,1517.0
2022-09-18 10:00:00,0.0,335.0,407.0,0.0,48.0,0.0,0.0,0.0,2941.0,0.0,1627.0
2022-09-18 11:00:00,0.0,333.0,412.0,0.0,48.0,0.0,0.0,0.0,3224.0,0.0,1710.0
2022-09-18 12:00:00,0.0,330.0,367.0,0.0,48.0,0.0,0.0,0.0,3267.0,0.0,1720.0
2022-09-18 13:00:00,0.0,330.0,369.0,0.0,48.0,0.0,0.0,0.0,3199.0,0.0,1698.0
2022-09-18 14:00:00,0.0,327.0,369.0,0.0,52.0,0.0,0.0,0.0,2947.0,0.0,1706.0
2022-09-18 15:00:00,0.0,328.0,379.0,0.0,72.0,0.0,0.0,0.0,2393.0,0.0,1577.0
2022-09-18 16:00:00,0.0,328.0,411.0,0.0,261.0,0.0,0.0,0.0,1558.0,0.0,1451.0
2022-09-18 17:00:00,0.0,400.0,693.0,0.0,763.0,0.0,0.0,0.0,559.0,0.0,1335.0
2022-09-18 18:00:00,0.0,457.0,1499.0,0.0,952.0,0.0,0.0,0.0,28.0,0.0,1174.0
2022-09-18 19:00:00,0.0,463.0,1775.0,0.0,1012.0,0.0,0.0,0.0,0.0,0.0,1140.0
2022-09-18 20:00:00,0.0,465.0,1830.0,0.0,1078.0,0.0,0.0,0.0,0.0,0.0,1125.0
2022-09-18 21:00:00,0.0,468.0,1741.0,0.0,837.0,0.0,0.0,0.0,0.0,0.0,1185.0
2022-09-18 22:00:00,0.0,469.0,1708.0,0.0,341.0,0.0,0.0,0.0,0.0,0.0,1201.0
2022-09-18 23:00:00,0.0,467.0,1492.0,0.0,148.0,0.0,0.0,0.0,0.0,0.0,1229.0
2022-09-19 00:00:00,0.0,467.0,1346.0,0.0,107.0,0.0,0.0,0.0,0.0,0.0,1221.0
2022-09-19 01:00:00,0.0,476.0,1055.0,0.0,138.0,0.0,0.0,0.0,0.0,0.0,1169.0
2022-09-19 02:00:00,0.0,490.0,786.0,0.0,160.0,0.0,0.0,0.0,0.0,0.0,1153.0
2022-09-19 03:00:00,0.0,485.0,759.0,0.0,162.0,0.0,0.0,0.0,0.0,0.0,1163.0
2022-09-19 04:00:00,0.0,467.0,743.0,0.0,256.0,0.0,0.0,0.0,0.0,0.0,1111.0
2022-09-19 05:00:00,0.0,476.0,884.0,0.0,363.0,0.0,0.0,0.0,0.0,0.0,974.0
2022-09-19 06:00:00,0.0,489.0,972.0,0.0,567.0,0.0,0.0,0.0,74.0,0.0,845.0
2022-09-19 07:00:00,0.0,494.0,1068.0,0.0,523.0,0.0,0.0,0.0,787.0,0.0,605.0
2022-09-19 08:00:00,0.0,491.0,1031.0,0.0,810.0,0.0,0.0,0.0,1802.0,0.0,393.0
2022-09-19 09:00:00,0.0,482.0,1077.0,0.0,580.0,0.0,0.0,0.0,2585.0,0.0,315.0
2022-09-19 10:00:00,0.0,469.0,1175.0,0.0,278.0,0.0,0.0,0.0,3131.0,0.0,270.0
2022-09-19 11:00:00,0.0,463.0,1164.0,0.0,287.0,0.0,0.0,0.0,3411.0,0.0,249.0
2022-09-19 12:00:00,0.0,459.0,992.0,0.0,207.0,0.0,0.0,0.0,3474.0,0.0,297.0
2022-09-19 13:00:00,0.0,463.0,922.0,0.0,141.0,0.0,0.0,0.0,3356.0,0.0,382.0
2022-09-19 14:00:00,0.0,462.0,963.0,0.0,84.0,0.0,0.0,0.0,3007.0,0.0,467.0
2022-09-19 15:00:00,0.0,460.0,971.0,0.0,129.0,0.0,0.0,0.0,2442.0,0.0,594.0
2022-09-19 16:00:00,0.0,467.0,1319.0,0.0,433.0,0.0,0.0,0.0,1591.0,0.0,631.0
2022-09-19 17:00:00,0.0,461.0,1785.0,0.0,722.0,0.0,0.0,0.0,555.0,0.0,720.0
2022-09-19 18:00:00,0.0,485.0,2066.0,0.0,1271.0,0.0,0.0,0.0,24.0,0.0,681.0
2022-09-19 19:00:00,0.0,475.0,2141.0,0.0,1277.0,0.0,0.0,0.0,0.0,0.0,651.0
2022-09-19 20:00:00,0.0,469.0,2195.0,0.0,856.0,0.0,0.0,0.0,0.0,0.0,612.0
2022-09-19 21:00:00,0.0,479.0,2098.0,0.0,690.0,0.0,0.0,0.0,0.0,0.0,607.0
2022-09-19 22:00:00,0.0,456.0,1973.0,0.0,321.0,0.0,0.0,0.0,0.0,0.0,560.0
2022-09-19 23:00:00,0.0,450.0,1830.0,0.0,131.0,0.0,0.0,0.0,0.0,0.0,534.0
2022-09-20 00:00:00,0.0,447.0,1442.0,0.0,87.0,0.0,0.0,0.0,0.0,0.0,572.0
2022-09-20 01:00:00,0.0,436.0,1279.0,0.0,88.0,0.0,0.0,0.0,0.0,0.0,539.0
2022-09-20 02:00:00,0.0,423.0,1407.0,0.0,74.0,0.0,0.0,0.0,0.0,0.0,497.0
2022-09-20 03:00:00,0.0,425.0,1382.0,0.0,74.0,0.0,0.0,0.0,0.0,0.0,499.0
2022-09-20 04:00:00,0.0,422.0,1465.0,0.0,104.0,0.0,0.0,0.0,0.0,0.0,515.0
2022-09-20 05:00:00,0.0,421.0,1523.0,0.0,131.0,0.0,0.0,0.0,0.0,0.0,467.0
2022-09-20 06:00:00,0.0,403.0,1781.0,0.0,356.0,0.0,0.0,0.0,72.0,0.0,481.0
2022-09-20 07:00:00,0.0,413.0,2098.0,0.0,573.0,0.0,0.0,0.0,692.0,0.0,388.0
2022-09-20 08:00:00,0.0,423.0,2107.0,0.0,599.0,0.0,0.0,0.0,1664.0,0.0,347.0
2022-09-20 09:00:00,0.0,416.0,1749.0,0.0,316.0,0.0,0.0,0.0,2524.0,0.0,336.0
2022-09-20 10:00:00,0.0,398.0,1377.0,0.0,385.0,0.0,0.0,0.0,3107.0,0.0,353.0
2022-09-20 11:00:00,0.0,395.0,1155.0,0.0,278.0,0.0,0.0,0.0,3407.0,0.0,360.0
2022-09-20 12:00:00,0.0,390.0,1074.0,0.0,148.0,0.0,0.0,0.0,3459.0,0.0,481.0
2022-09-20 13:00:00,0.0,385.0,1058.0,0.0,104.0,0.0,0.0,0.0,3287.0,0.0,613.0
2022-09-20 14:00:00,0.0,372.0,1113.0,0.0,92.0,0.0,0.0,0.0,2849.0,0.0,635.0
2022-09-20 15:00:00,0.0,373.0,1198.0,0.0,85.0,0.0,0.0,0.0,2162.0,0.0,586.0
2022-09-20 16:00:00,0.0,380.0,1541.0,0.0,256.0,0.0,0.0,0.0,1326.0,0.0,604.0
2022-09-20 17:00:00,0.0,402.0,2099.0,0.0,539.0,0.0,0.0,0.0,429.0,0.0,538.0
2022-09-20 18:00:00,0.0,431.0,2276.0,0.0,851.0,0.0,0.0,0.0,19.0,0.0,504.0
2022-09-20 19:00:00,0.0,427.0,2443.0,0.0,1555.0,0.0,0.0,0.0,0.0,0.0,458.0
2022-09-20 20:00:00,0.0,379.0,2443.0,0.0,1263.0,0.0,0.0,0.0,0.0,0.0,399.0
2022-09-20 21:00:00,0.0,371.0,2415.0,0.0,855.0,0.0,0.0,0.0,0.0,0.0,435.0
2022-09-20 22:00:00,0.0,380.0,2351.0,0.0,476.0,0.0,0.0,0.0,0.0,0.0,471.0
2022-09-20 23:00:00,0.0,384.0,2020.0,0.0,268.0,0.0,0.0,0.0,0.0,0.0,469.0
2022-09-21 00:00:00,0.0,375.0,1991.0,0.0,153.0,0.0,0.0,0.0,0.0,0.0,478.0
2022-09-21 01:00:00,0.0,377.0,1818.0,0.0,154.0,0.0,0.0,0.0,0.0,0.0,533.0
2022-09-21 02:00:00,0.0,377.0,1775.0,0.0,140.0,0.0,0.0,0.0,0.0,0.0,615.0
2022-09-21 03:00:00,0.0,375.0,1795.0,0.0,144.0,0.0,0.0,0.0,0.0,0.0,625.0
2022-09-21 04:00:00,0.0,381.0,1815.0,0.0,140.0,0.0,0.0,0.0,0.0,0.0,634.0
2022-09-21 05:00:00,0.0,380.0,1967.0,0.0,141.0,0.0,0.0,0.0,0.0,0.0,618.0
2022-09-21 06:00:00,0.0,402.0,2292.0,0.0,506.0,0.0,0.0,0.0,34.0,0.0,625.0
2022-09-21 07:00:00,0.0,427.0,2211.0,0.0,683.0,0.0,0.0,0.0,420.0,0.0,568.0
2022-09-21 08:00:00,0.0,436.0,2187.0,0.0,786.0,0.0,0.0,0.0,1027.0,0.0,509.0
2022-09-21 09:00:00,0.0,412.0,2107.0,0.0,577.0,0.0,0.0,0.0,1457.0,0.0,437.0
2022-09-21 10:00:00,0.0,358.0,1974.0,0.0,423.0,0.0,0.0,0.0,1729.0,0.0,469.0
2022-09-21 11:00:00,0.0,353.0,1862.0,0.0,235.0,0.0,0.0,0.0,1955.0,0.0,439.0
2022-09-21 12:00:00,0.0,305.0,1777.0,0.0,219.0,0.0,0.0,0.0,1991.0,0.0,436.0
2022-09-21 13:00:00,0.0,203.0,1840.0,0.0,279.0,0.0,0.0,0.0,1896.0,0.0,522.0
2022-09-21 14:00:00,0.0,204.0,1719.0,0.0,147.0,0.0,0.0,0.0,1693.0,0.0,783.0
2022-09-21 15:00:00,0.0,233.0,1548.0,0.0,60.0,0.0,0.0,0.0,1331.0,0.0,932.0
2022-09-21 16:00:00,0.0,319.0,1939.0,0.0,199.0,0.0,0.0,0.0,775.0,0.0,968.0
2022-09-21 17:00:00,0.0,409.0,2199.0,0.0,323.0,0.0,0.0,0.0,265.0,0.0,959.0
2022-09-21 18:00:00,0.0,435.0,2187.0,0.0,531.0,0.0,0.0,0.0,10.0,0.0,1089.0
2022-09-21 19:00:00,0.0,457.0,2337.0,0.0,1123.0,0.0,0.0,0.0,0.0,0.0,1303.0
2022-09-21 20:00:00,0.0,506.0,1913.0,0.0,977.0,0.0,0.0,0.0,0.0,0.0,1516.0
2022-09-21 21:00:00,0.0,497.0,1524.0,0.0,713.0,0.0,0.0,0.0,0.0,0.0,1782.0
2022-09-21 22:00:00,0.0,392.0,1466.0,0.0,205.0,0.0,0.0,0.0,0.0,0.0,1904.0
2022-09-21 23:00:00,0.0,380.0,1386.0,0.0,75.0,0.0,0.0,0.0,0.0,0.0,1900.0
2022-09-22 00:00:00,0.0,411.0,1361.0,0.0,67.0,0.0,0.0,0.0,0.0,0.0,1872.0
2022-09-22 01:00:00,0.0,421.0,1016.0,0.0,77.0,0.0,0.0,0.0,0.0,0.0,1922.0
2022-09-22 02:00:00,0.0,391.0,1064.0,0.0,46.0,0.0,0.0,0.0,0.0,0.0,1888.0
2022-09-22 03:00:00,0.0,417.0,1121.0,0.0,54.0,0.0,0.0,0.0,0.0,0.0,1863.0
2022-09-22 04:00:00,0.0,433.0,1228.0,0.0,47.0,0.0,0.0,0.0,0.0,0.0,1815.0
2022-09-22 05:00:00,0.0,511.0,1322.0,0.0,56.0,0.0,0.0,0.0,0.0,0.0,1811.0
2022-09-22 06:00:00,0.0,515.0,1474.0,0.0,206.0,0.0,0.0,0.0,58.0,0.0,1822.0
2022-09-22 07:00:00,0.0,503.0,1508.0,0.0,186.0,0.0,0.0,0.0,681.0,0.0,1801.0
2022-09-22 08:00:00,0.0,492.0,1444.0,0.0,167.0,0.0,0.0,0.0,1662.0,0.0,1687.0
2022-09-22 09:00:00,0.0,487.0,1317.0,0.0,78.0,0.0,0.0,0.0,2450.0,0.0,1522.0
2022-09-22 10:00:00,0.0,371.0,1356.0,0.0,67.0,0.0,0.0,0.0,2832.0,0.0,1459.0
2022-09-22 11:00:00,0.0,343.0,1246.0,0.0,71.0,0.0,0.0,0.0,2996.0,0.0,1318.0
2022-09-22 12:00:00,0.0,341.0,1251.0,0.0,83.0,0.0,0.0,0.0,2984.0,0.0,1349.0
2022-09-22 13:00:00,0.0,341.0,1129.0,0.0,43.0,0.0,0.0,0.0,2950.0,0.0,1388.0
2022-09-22 14:00:00,0.0,340.0,1167.0,0.0,26.0,0.0,0.0,0.0,2681.0,0.0,1362.0
2022-09-22 15:00:00,0.0,356.0,1204.0,0.0,68.0,0.0,0.0,0.0,2100.0,0.0,1212.0
2022-09-22 16:00:00,0.0,422.0,1441.0,0.0,312.0,0.0,0.0,0.0,1296.0,0.0,1011.0
2022-09-22 17:00:00,0.0,495.0,1746.0,0.0,594.0,0.0,0.0,0.0,426.0,0.0,887.0
2022-09-22 18:00:00,0.0,533.0,2181.0,0.0,805.0,0.0,0.0,0.0,14.0,0.0,943.0
2022-09-22 19:00:00,0.0,538.0,2309.0,0.0,1404.0,0.0,0.0,0.0,0.0,0.0,808.0
2022-09-22 20:00:00,0.0,550.0,2334.0,0.0,1079.0,0.0,0.0,0.0,0.0,0.0,865.0
2022-09-22 21:00:00,0.0,535.0,2289.0,0.0,751.0,0.0,0.0,0.0,0.0,0.0,873.0
2022-09-22 22:00:00,0.0,537.0,2324.0,0.0,391.0,0.0,0.0,0.0,0.0,0.0,682.0
2022-09-22 23:00:00,0.0,535.0,2305.0,0.0,168.0,0.0,0.0,0.0,0.0,0.0,636.0
2022-09-23 00:00:00,0.0,531.0,2299.0,0.0,102.0,0.0,0.0,0.0,0.0,0.0,505.0
2022-09-23 01:00:00,0.0,534.0,2040.0,0.0,77.0,0.0,0.0,0.0,0.0,0.0,448.0
2022-09-23 02:00:00,0.0,534.0,1869.0,0.0,77.0,0.0,0.0,0.0,0.0,0.0,427.0
2022-09-23 03:00:00,0.0,535.0,1813.0,0.0,72.0,0.0,0.0,0.0,0.0,0.0,470.0
2022-09-23 04:00:00,0.0,534.0,1871.0,0.0,58.0,0.0,0.0,0.0,5.0,0.0,531.0
2022-09-23 05:00:00,0.0,534.0,1928.0,0.0,111.0,0.0,0.0,0.0,3.0,0.0,569.0
2022-09-23 06:00:00,0.0,508.0,2007.0,0.0,412.0,0.0,0.0,0.0,44.0,0.0,574.0
2022-09-23 07:00:00,0.0,499.0,1899.0,0.0,552.0,0.0,0.0,0.0,568.0,0.0,623.0
2022-09-23 08:00:00,0.0,518.0,1788.0,0.0,488.0,0.0,0.0,0.0,1404.0,0.0,634.0
2022-09-23 09:00:00,0.0,531.0,1593.0,0.0,305.0,0.0,0.0,0.0,2081.0,0.0,581.0
2022-09-23 10:00:00,0.0,526.0,1436.0,0.0,209.0,0.0,0.0,0.0,2483.0,0.0,522.0
2022-09-23 11:00:00,0.0,477.0,1419.0,0.0,165.0,0.0,0.0,0.0,2658.0,0.0,510.0
2022-09-23 12:00:00,0.0,431.0,1354.0,0.0,151.0,0.0,0.0,0.0,2563.0,0.0,578.0
2022-09-23 13:00:00,0.0,416.0,1343.0,0.0,126.0,0.0,0.0,0.0,2346.0,0.0,678.0
2022-09-23 14:00:00,0.0,380.0,1303.0,0.0,48.0,0.0,0.0,0.0,2039.0,0.0,738.0
2022-09-23 15:00:00,0.0,370.0,1499.0,0.0,93.0,0.0,0.0,0.0,1702.0,0.0,717.0
2022-09-23 16:00:00,0.0,438.0,1883.0,0.0,277.0,0.0,0.0,0.0,1140.0,0.0,713.0
2022-09-23 17:00:00,0.0,503.0,2039.0,0.0,397.0,0.0,0.0,0.0,373.0,0.0,851.0
2022-09-23 18:00:00,0.0,518.0,2243.0,0.0,743.0,0.0,0.0,0.0,19.0,0.0,908.0
2022-09-23 19:00:00,0.0,524.0,2473.0,0.0,1063.0,0.0,0.0,0.0,5.0,0.0,933.0
2022-09-23 20:00:00,0.0,533.0,2376.0,0.0,1049.0,0.0,0.0,0.0,5.0,0.0,888.0
2022-09-23 21:00:00,0.0,535.0,2232.0,0.0,820.0,0.0,0.0,0.0,0.0,0.0,797.0
2022-09-23 22:00:00,0.0,518.0,2441.0,0.0,377.0,0.0,0.0,0.0,0.0,0.0,609.0
2022-09-23 23:00:00,0.0,526.0,2545.0,0.0,97.0,0.0,0.0,0.0,0.0,0.0,514.0
2022-09-24 00:00:00,0.0,535.0,2156.0,0.0,70.0,0.0,0.0,0.0,0.0,0.0,459.0
2022-09-24 01:00:00,0.0,535.0,1810.0,0.0,262.0,0.0,0.0,0.0,0.0,0.0,418.0
2022-09-24 02:00:00,0.0,523.0,1722.0,0.0,178.0,0.0,0.0,0.0,0.0,0.0,389.0
2022-09-24 03:00:00,0.0,512.0,1656.0,0.0,146.0,0.0,0.0,0.0,0.0,0.0,380.0
2022-09-24 04:00:00,0.0,519.0,1743.0,0.0,144.0,0.0,0.0,0.0,0.0,0.0,367.0
2022-09-24 05:00:00,0.0,520.0,1753.0,0.0,174.0,0.0,0.0,0.0,0.0,0.0,377.0
2022-09-24 06:00:00,0.0,526.0,1713.0,0.0,308.0,0.0,0.0,0.0,40.0,0.0,381.0
2022-09-24 07:00:00,0.0,539.0,1648.0,0.0,392.0,0.0,0.0,0.0,667.0,0.0,304.0
2022-09-24 08:00:00,0.0,547.0,1463.0,0.0,371.0,0.0,0.0,0.0,1590.0,0.0,250.0
2022-09-24 09:00:00,0.0,548.0,1483.0,0.0,315.0,0.0,0.0,0.0,2293.0,0.0,216.0
2022-09-24 10:00:00,0.0,551.0,1334.0,0.0,319.0,0.0,0.0,0.0,2734.0,0.0,217.0
2022-09-24 11:00:00,0.0,547.0,1152.0,0.0,208.0,0.0,0.0,0.0,2971.0,0.0,224.0
2022-09-24 12:00:00,0.0,542.0,1244.0,0.0,168.0,0.0,0.0,0.0,3035.0,0.0,247.0
2022-09-24 13:00:00,0.0,542.0,1076.0,0.0,139.0,0.0,0.0,0.0,2918.0,0.0,259.0
2022-09-24 14:00:00,0.0,484.0,1054.0,0.0,110.0,0.0,0.0,0.0,2596.0,0.0,266.0
2022-09-24 15:00:00,0.0,419.0,1196.0,0.0,121.0,0.0,0.0,0.0,2040.0,0.0,248.0
2022-09-24 16:00:00,0.0,450.0,1732.0,0.0,261.0,0.0,0.0,0.0,1273.0,0.0,253.0
2022-09-24 17:00:00,0.0,516.0,2286.0,0.0,583.0,0.0,0.0,0.0,394.0,0.0,200.0
2022-09-24 18:00:00,0.0,540.0,2689.0,0.0,1169.0,0.0,0.0,0.0,10.0,0.0,175.0
2022-09-24 19:00:00,0.0,547.0,2754.0,0.0,1398.0,0.0,0.0,0.0,0.0,0.0,195.0
2022-09-24 20:00:00,0.0,547.0,2950.0,0.0,928.0,0.0,0.0,0.0,0.0,0.0,149.0
2022-09-24 21:00:00,0.0,546.0,2896.0,0.0,669.0,0.0,0.0,0.0,0.0,0.0,135.0
2022-09-24 22:00:00,0.0,534.0,2567.0,0.0,174.0,0.0,0.0,0.0,0.0,0.0,119.0
2022-09-24 23:00:00,0.0,544.0,2364.0,0.0,78.0,0.0,0.0,0.0,0.0,0.0,101.0
2022-09-25 00:00:00,0.0,524.0,1673.0,0.0,45.0,0.0,0.0,0.0,0.0,0.0,88.0
2022-09-25 01:00:00,0.0,552.0,1303.0,0.0,82.0,0.0,0.0,0.0,0.0,0.0,87.0
2022-09-25 02:00:00,0.0,546.0,1013.0,0.0,85.0,0.0,0.0,0.0,0.0,0.0,82.0
2022-09-25 03:00:00,0.0,559.0,988.0,0.0,85.0,0.0,0.0,0.0,0.0,0.0,81.0
2022-09-25 04:00:00,0.0,562.0,984.0,0.0,88.0,0.0,0.0,0.0,0.0,0.0,90.0
2022-09-25 05:00:00,0.0,561.0,1062.0,0.0,140.0,0.0,0.0,0.0,0.0,0.0,97.0
2022-09-25 06:00:00,0.0,560.0,967.0,0.0,187.0,0.0,0.0,0.0,43.0,0.0,104.0
2022-09-25 07:00:00,0.0,555.0,852.0,0.0,240.0,0.0,0.0,0.0,662.0,0.0,106.0
2022-09-25 08:00:00,0.0,528.0,667.0,0.0,168.0,0.0,0.0,0.0,1605.0,0.0,98.0
2022-09-25 09:00:00,0.0,391.0,510.0,0.0,122.0,0.0,0.0,0.0,2354.0,0.0,101.0
2022-09-25 10:00:00,0.0,344.0,505.0,0.0,97.0,0.0,0.0,0.0,2830.0,0.0,124.0
2022-09-25 11:00:00,0.0,306.0,507.0,0.0,77.0,0.0,0.0,0.0,3085.0,0.0,154.0
2022-09-25 12:00:00,0.0,160.0,511.0,0.0,67.0,0.0,0.0,0.0,3121.0,0.0,181.0
2022-09-25 13:00:00,0.0,160.0,514.0,0.0,48.0,0.0,0.0,0.0,2978.0,0.0,235.0
2022-09-25 14:00:00,0.0,166.0,532.0,0.0,54.0,0.0,0.0,0.0,2660.0,0.0,275.0
2022-09-25 15:00:00,0.0,186.0,583.0,0.0,84.0,0.0,0.0,0.0,2041.0,0.0,280.0
2022-09-25 16:00:00,0.0,229.0,929.0,0.0,222.0,0.0,0.0,0.0,1206.0,0.0,275.0
2022-09-25 17:00:00,0.0,323.0,1314.0,0.0,449.0,0.0,0.0,0.0,385.0,0.0,275.0
2022-09-25 18:00:00,0.0,398.0,1951.0,0.0,1009.0,0.0,0.0,0.0,10.0,0.0,364.0
2022-09-25 19:00:00,0.0,423.0,2289.0,0.0,1021.0,0.0,0.0,0.0,0.0,0.0,382.0
2022-09-25 20:00:00,0.0,426.0,2252.0,0.0,995.0,0.0,0.0,0.0,0.0,0.0,414.0
2022-09-25 21:00:00,0.0,426.0,2035.0,0.0,605.0,0.0,0.0,0.0,0.0,0.0,551.0
2022-09-25 22:00:00,0.0,425.0,2056.0,0.0,218.0,0.0,0.0,0.0,0.0,0.0,618.0
2022-09-25 23:00:00,0.0,417.0,1445.0,0.0,56.0,0.0,0.0,0.0,0.0,0.0,650.0
2022-09-26 00:00:00,0.0,397.0,1319.0,0.0,99.0,0.0,0.0,0.0,0.0,0.0,669.0
2022-09-26 01:00:00,0.0,343.0,959.0,0.0,57.0,0.0,0.0,0.0,0.0,0.0,631.0
2022-09-26 02:00:00,0.0,351.0,904.0,0.0,56.0,0.0,0.0,0.0,0.0,0.0,592.0
2022-09-26 03:00:00,0.0,336.0,922.0,0.0,56.0,0.0,0.0,0.0,0.0,0.0,543.0
2022-09-26 04:00:00,0.0,337.0,924.0,0.0,56.0,0.0,0.0,0.0,0.0,0.0,474.0
2022-09-26 05:00:00,0.0,396.0,1163.0,0.0,90.0,0.0,0.0,0.0,0.0,0.0,399.0
2022-09-26 06:00:00,0.0,462.0,1749.0,0.0,237.0,0.0,0.0,0.0,67.0,0.0,325.0
2022-09-26 07:00:00,0.0,461.0,1888.0,0.0,285.0,0.0,0.0,0.0,728.0,0.0,266.0
2022-09-26 08:00:00,0.0,463.0,1972.0,0.0,314.0,0.0,0.0,0.0,1527.0,0.0,235.0
2022-09-26 09:00:00,0.0,461.0,1950.0,0.0,408.0,0.0,0.0,0.0,2099.0,0.0,240.0
2022-09-26 10:00:00,0.0,453.0,1529.0,0.0,245.0,0.0,0.0,0.0,2709.0,0.0,337.0
2022-09-26 11:00:00,0.0,447.0,1304.0,0.0,176.0,0.0,0.0,0.0,2956.0,0.0,513.0
2022-09-26 12:00:00,0.0,437.0,1029.0,0.0,161.0,0.0,0.0,0.0,2969.0,0.0,646.0
2022-09-26 13:00:00,0.0,358.0,903.0,0.0,110.0,0.0,0.0,0.0,2772.0,0.0,817.0
2022-09-26 14:00:00,0.0,386.0,1118.0,0.0,286.0,0.0,0.0,0.0,2063.0,0.0,951.0
2022-09-26 15:00:00,0.0,434.0,1259.0,0.0,479.0,0.0,0.0,0.0,1414.0,0.0,1124.0
2022-09-26 16:00:00,0.0,433.0,1440.0,0.0,702.0,0.0,0.0,0.0,748.0,0.0,1264.0
2022-09-26 17:00:00,0.0,435.0,1675.0,0.0,536.0,0.0,0.0,0.0,216.0,0.0,1500.0
2022-09-26 18:00:00,0.0,439.0,1974.0,0.0,954.0,0.0,0.0,0.0,5.0,0.0,1521.0
2022-09-26 19:00:00,0.0,455.0,2180.0,0.0,1099.0,0.0,0.0,0.0,0.0,0.0,1557.0
2022-09-26 20:00:00,0.0,465.0,1904.0,0.0,721.0,0.0,0.0,0.0,0.0,0.0,1596.0
2022-09-26 21:00:00,0.0,454.0,1549.0,0.0,672.0,0.0,0.0,0.0,0.0,0.0,1571.0
2022-09-26 22:00:00,0.0,454.0,1307.0,0.0,470.0,0.0,0.0,0.0,0.0,0.0,1640.0
2022-09-26 23:00:00,0.0,378.0,1126.0,0.0,135.0,0.0,0.0,0.0,0.0,0.0,1883.0
2022-09-27 00:00:00,0.0,339.0,1035.0,0.0,31.0,0.0,0.0,0.0,0.0,0.0,1925.0
2022-09-27 01:00:00,0.0,332.0,850.0,0.0,27.0,0.0,0.0,0.0,0.0,0.0,1916.0
2022-09-27 02:00:00,0.0,323.0,725.0,0.0,27.0,0.0,0.0,0.0,0.0,0.0,1905.0
2022-09-27 03:00:00,0.0,314.0,724.0,0.0,28.0,0.0,0.0,0.0,0.0,0.0,1921.0
2022-09-27 04:00:00,0.0,315.0,736.0,0.0,53.0,0.0,0.0,0.0,0.0,0.0,1881.0
2022-09-27 05:00:00,0.0,309.0,725.0,0.0,58.0,0.0,0.0,0.0,0.0,0.0,1837.0
2022-09-27 06:00:00,0.0,384.0,1124.0,0.0,211.0,0.0,0.0,0.0,17.0,0.0,1819.0
2022-09-27 07:00:00,0.0,452.0,1713.0,0.0,395.0,0.0,0.0,0.0,192.0,0.0,1898.0
2022-09-27 08:00:00,0.0,462.0,1969.0,0.0,628.0,0.0,0.0,0.0,681.0,0.0,1796.0
2022-09-27 09:00:00,0.0,463.0,1879.0,0.0,499.0,0.0,0.0,0.0,1171.0,0.0,1790.0
2022-09-27 10:00:00,0.0,467.0,1839.0,0.0,284.0,0.0,0.0,0.0,1519.0,0.0,1962.0
2022-09-27 11:00:00,0.0,464.0,1573.0,0.0,311.0,0.0,0.0,0.0,1921.0,0.0,2128.0
2022-09-27 12:00:00,0.0,395.0,1072.0,0.0,95.0,0.0,0.0,0.0,2234.0,0.0,2300.0
2022-09-27 13:00:00,0.0,314.0,1105.0,0.0,11.0,0.0,0.0,0.0,2090.0,0.0,2271.0
2022-09-27 14:00:00,0.0,339.0,1318.0,0.0,109.0,0.0,0.0,0.0,1483.0,0.0,2237.0
2022-09-27 15:00:00,0.0,413.0,1336.0,0.0,102.0,0.0,0.0,0.0,1145.0,0.0,2047.0
2022-09-27 16:00:00,0.0,415.0,1296.0,0.0,146.0,0.0,0.0,0.0,811.0,0.0,2018.0
2022-09-27 17:00:00,0.0,381.0,1416.0,0.0,374.0,0.0,0.0,0.0,283.0,0.0,1972.0
2022-09-27 18:00:00,0.0,387.0,1775.0,0.0,615.0,0.0,0.0,0.0,6.0,0.0,1936.0
2022-09-27 19:00:00,0.0,459.0,2217.0,0.0,1151.0,0.0,0.0,0.0,0.0,0.0,1952.0
2022-09-27 20:00:00,0.0,456.0,1944.0,0.0,836.0,0.0,0.0,0.0,0.0,0.0,1853.0
2022-09-27 21:00:00,0.0,459.0,1617.0,0.0,603.0,0.0,0.0,0.0,0.0,0.0,1803.0
2022-09-27 22:00:00,0.0,448.0,1560.0,0.0,410.0,0.0,0.0,0.0,0.0,0.0,1720.0
2022-09-27 23:00:00,0.0,459.0,1659.0,0.0,93.0,0.0,0.0,0.0,0.0,0.0,1519.0
2022-09-28 00:00:00,0.0,459.0,1758.0,0.0,26.0,0.0,0.0,0.0,0.0,0.0,1320.0
2022-09-28 01:00:00,0.0,412.0,1441.0,0.0,26.0,0.0,0.0,0.0,0.0,0.0,1277.0
2022-09-28 02:00:00,0.0,376.0,1491.0,0.0,26.0,0.0,0.0,0.0,0.0,0.0,1136.0
2022-09-28 03:00:00,0.0,439.0,1361.0,0.0,26.0,0.0,0.0,0.0,0.0,0.0,1036.0
2022-09-28 04:00:00,0.0,445.0,1147.0,0.0,52.0,0.0,0.0,0.0,0.0,0.0,1084.0
2022-09-28 05:00:00,0.0,456.0,1410.0,0.0,87.0,0.0,0.0,0.0,0.0,0.0,1061.0
2022-09-28 06:00:00,0.0,460.0,1786.0,0.0,210.0,0.0,0.0,0.0,43.0,0.0,1055.0
2022-09-28 07:00:00,0.0,462.0,1816.0,0.0,340.0,0.0,0.0,0.0,657.0,0.0,959.0
2022-09-28 08:00:00,0.0,465.0,1768.0,0.0,345.0,0.0,0.0,0.0,1634.0,0.0,875.0
2022-09-28 09:00:00,0.0,455.0,1491.0,0.0,211.0,0.0,0.0,0.0,2362.0,0.0,859.0
2022-09-28 10:00:00,0.0,464.0,1473.0,0.0,158.0,0.0,0.0,0.0,2767.0,0.0,839.0
2022-09-28 11:00:00,0.0,464.0,1312.0,0.0,235.0,0.0,0.0,0.0,2865.0,0.0,905.0
2022-09-28 12:00:00,0.0,405.0,1238.0,0.0,183.0,0.0,0.0,0.0,2760.0,0.0,1062.0
2022-09-28 13:00:00,0.0,394.0,1278.0,0.0,211.0,0.0,0.0,0.0,2494.0,0.0,1233.0
2022-09-28 14:00:00,0.0,448.0,1247.0,0.0,210.0,0.0,0.0,0.0,2082.0,0.0,1352.0
2022-09-28 15:00:00,0.0,450.0,1379.0,0.0,191.0,0.0,0.0,0.0,1489.0,0.0,1443.0
2022-09-28 16:00:00,0.0,460.0,1570.0,0.0,447.0,0.0,0.0,0.0,868.0,0.0,1456.0
2022-09-28 17:00:00,0.0,461.0,1974.0,0.0,538.0,0.0,0.0,0.0,268.0,0.0,1584.0
2022-09-28 18:00:00,0.0,457.0,2208.0,0.0,662.0,0.0,0.0,0.0,5.0,0.0,1545.0
2022-09-28 19:00:00,0.0,450.0,2421.0,0.0,1432.0,0.0,0.0,0.0,0.0,0.0,1496.0
2022-09-28 20:00:00,0.0,454.0,2346.0,0.0,851.0,0.0,0.0,0.0,0.0,0.0,1402.0
2022-09-28 21:00:00,0.0,455.0,2306.0,0.0,558.0,0.0,0.0,0.0,0.0,0.0,1438.0
2022-09-28 22:00:00,0.0,430.0,1863.0,0.0,177.0,0.0,0.0,0.0,0.0,0.0,1571.0
2022-09-28 23:00:00,0.0,342.0,1628.0,0.0,30.0,0.0,0.0,0.0,0.0,0.0,1496.0
2022-09-29 00:00:00,0.0,363.0,1471.0,0.0,27.0,0.0,0.0,0.0,0.0,0.0,1411.0
2022-09-29 01:00:00,0.0,353.0,1059.0,0.0,27.0,0.0,0.0,0.0,0.0,0.0,1460.0
2022-09-29 02:00:00,0.0,367.0,1113.0,0.0,27.0,0.0,0.0,0.0,0.0,0.0,1357.0
2022-09-29 03:00:00,0.0,395.0,1102.0,0.0,27.0,0.0,0.0,0.0,0.0,0.0,1277.0
2022-09-29 04:00:00,0.0,386.0,1118.0,0.0,53.0,0.0,0.0,0.0,0.0,0.0,1196.0
2022-09-29 05:00:00,0.0,380.0,1123.0,0.0,88.0,0.0,0.0,0.0,0.0,0.0,1181.0
2022-09-29 06:00:00,0.0,425.0,1754.0,0.0,377.0,0.0,0.0,0.0,49.0,0.0,1220.0
2022-09-29 07:00:00,0.0,429.0,1938.0,0.0,410.0,0.0,0.0,0.0,614.0,0.0,1162.0
2022-09-29 08:00:00,0.0,435.0,2003.0,0.0,450.0,0.0,0.0,0.0,1417.0,0.0,1082.0
2022-09-29 09:00:00,0.0,436.0,1825.0,0.0,239.0,0.0,0.0,0.0,2224.0,0.0,1151.0
2022-09-29 10:00:00,0.0,432.0,1507.0,0.0,138.0,0.0,0.0,0.0,2822.0,0.0,1256.0
2022-09-29 11:00:00,0.0,394.0,1064.0,0.0,65.0,0.0,0.0,0.0,3072.0,0.0,1438.0
2022-09-29 12:00:00,0.0,386.0,1153.0,0.0,49.0,0.0,0.0,0.0,3056.0,0.0,1416.0
2022-09-29 13:00:00,0.0,414.0,1172.0,0.0,85.0,0.0,0.0,0.0,2760.0,0.0,1445.0
2022-09-29 14:00:00,0.0,428.0,1587.0,0.0,113.0,0.0,0.0,0.0,2236.0,0.0,1453.0
2022-09-29 15:00:00,0.0,444.0,1931.0,0.0,186.0,0.0,0.0,0.0,1654.0,0.0,1408.0
2022-09-29 16:00:00,0.0,415.0,2156.0,0.0,544.0,0.0,0.0,0.0,1051.0,0.0,1273.0
2022-09-29 17:00:00,0.0,397.0,2549.0,0.0,788.0,0.0,0.0,0.0,310.0,0.0,1075.0
2022-09-29 18:00:00,0.0,396.0,2808.0,0.0,1057.0,0.0,0.0,0.0,3.0,0.0,957.0
2022-09-29 19:00:00,0.0,393.0,2992.0,0.0,1171.0,0.0,0.0,0.0,0.0,0.0,1002.0
2022-09-29 20:00:00,0.0,387.0,3020.0,0.0,991.0,0.0,0.0,0.0,0.0,0.0,1007.0
2022-09-29 21:00:00,0.0,386.0,2904.0,0.0,774.0,0.0,0.0,0.0,0.0,0.0,982.0
2022-09-29 22:00:00,0.0,401.0,2797.0,0.0,384.0,0.0,0.0,0.0,0.0,0.0,1028.0
2022-09-29 23:00:00,0.0,407.0,2395.0,0.0,84.0,0.0,0.0,0.0,0.0,0.0,999.0
2022-09-30 00:00:00,0.0,404.0,1932.0,0.0,109.0,0.0,0.0,0.0,0.0,0.0,929.0
2022-09-30 01:00:00,0.0,402.0,1619.0,0.0,79.0,0.0,0.0,0.0,0.0,0.0,731.0
2022-09-30 02:00:00,0.0,402.0,1612.0,0.0,83.0,0.0,0.0,0.0,0.0,0.0,562.0
2022-09-30 03:00:00,0.0,398.0,1629.0,0.0,91.0,0.0,0.0,0.0,0.0,0.0,449.0
2022-09-30 04:00:00,0.0,402.0,1662.0,0.0,125.0,0.0,0.0,0.0,0.0,0.0,360.0
2022-09-30 05:00:00,0.0,394.0,1834.0,0.0,158.0,0.0,0.0,0.0,0.0,0.0,277.0
2022-09-30 06:00:00,0.0,403.0,2336.0,0.0,417.0,0.0,0.0,0.0,27.0,0.0,252.0
2022-09-30 07:00:00,0.0,415.0,2423.0,0.0,483.0,0.0,0.0,0.0,549.0,0.0,210.0
2022-09-30 08:00:00,0.0,374.0,2125.0,0.0,546.0,0.0,0.0,0.0,1429.0,0.0,194.0
2022-09-30 09:00:00,0.0,333.0,1824.0,0.0,398.0,0.0,0.0,0.0,2082.0,0.0,160.0
2022-09-30 10:00:00,0.0,334.0,1902.0,0.0,320.0,0.0,0.0,0.0,2515.0,0.0,186.0
2022-09-30 11:00:00,0.0,324.0,1711.0,0.0,157.0,0.0,0.0,0.0,2720.0,0.0,210.0
2022-09-30 12:00:00,0.0,329.0,1623.0,0.0,131.0,0.0,0.0,0.0,2785.0,0.0,264.0
2022-09-30 13:00:00,0.0,332.0,1641.0,0.0,125.0,0.0,0.0,0.0,2679.0,0.0,295.0
2022-09-30 14:00:00,0.0,333.0,1594.0,0.0,113.0,0.0,0.0,0.0,2362.0,0.0,295.0
2022-09-30 15:00:00,0.0,330.0,1685.0,0.0,190.0,0.0,0.0,0.0,1838.0,0.0,290.0
2022-09-30 16:00:00,0.0,329.0,1881.0,0.0,341.0,0.0,0.0,0.0,1063.0,0.0,246.0
2022-09-30 17:00:00,0.0,328.0,2433.0,0.0,473.0,0.0,0.0,0.0,261.0,0.0,221.0
2022-09-30 18:00:00,0.0,323.0,2515.0,0.0,857.0,0.0,0.0,0.0,2.0,0.0,225.0
2022-09-30 19:00:00,0.0,325.0,2529.0,0.0,1002.0,0.0,0.0,0.0,0.0,0.0,261.0
2022-09-30 20:00:00,0.0,320.0,2493.0,0.0,988.0,0.0,0.0,0.0,0.0,0.0,279.0
2022-09-30 21:00:00,0.0,164.0,2248.0,0.0,756.0,0.0,0.0,0.0,0.0,0.0,291.0
2022-09-30 22:00:00,0.0,171.0,1987.0,0.0,389.0,0.0,0.0,0.0,0.0,0.0,365.0
2022-09-30 23:00:00,0.0,173.0,1646.0,0.0,106.0,0.0,0.0,0.0,0.0,0.0,423.0
2022-10-01 00:00:00,0.0,173.0,1467.0,0.0,64.0,0.0,0.0,0.0,0.0,0.0,426.0
2022-10-01 01:00:00,0.0,173.0,1231.0,0.0,70.0,0.0,0.0,0.0,0.0,0.0,460.0
2022-10-01 02:00:00,0.0,174.0,1256.0,0.0,147.0,0.0,0.0,0.0,0.0,0.0,372.0
2022-10-01 03:00:00,0.0,174.0,1284.0,0.0,115.0,0.0,0.0,0.0,0.0,0.0,337.0
2022-10-01 04:00:00,0.0,175.0,1330.0,0.0,94.0,0.0,0.0,0.0,0.0,0.0,382.0
2022-10-01 05:00:00,0.0,175.0,1393.0,0.0,97.0,0.0,0.0,0.0,0.0,0.0,396.0
2022-10-01 06:00:00,0.0,175.0,1337.0,0.0,196.0,0.0,0.0,0.0,22.0,0.0,512.0
2022-10-01 07:00:00,0.0,176.0,1546.0,0.0,365.0,0.0,0.0,0.0,353.0,0.0,596.0
2022-10-01 08:00:00,0.0,172.0,1505.0,0.0,311.0,0.0,0.0,0.0,901.0,0.0,616.0
2022-10-01 09:00:00,0.0,174.0,1135.0,0.0,131.0,0.0,0.0,0.0,1374.0,0.0,695.0
2022-10-01 10:00:00,0.0,165.0,855.0,0.0,92.0,0.0,0.0,0.0,1708.0,0.0,704.0
2022-10-01 11:00:00,0.0,170.0,745.0,0.0,146.0,0.0,0.0,0.0,1969.0,0.0,778.0
2022-10-01 12:00:00,0.0,172.0,730.0,0.0,234.0,0.0,0.0,0.0,1948.0,0.0,883.0
2022-10-01 13:00:00,0.0,169.0,557.0,0.0,125.0,0.0,0.0,0.0,1912.0,0.0,1016.0
2022-10-01 14:00:00,0.0,157.0,560.0,0.0,96.0,0.0,0.0,0.0,1643.0,0.0,1036.0
2022-10-01 15:00:00,0.0,158.0,612.0,0.0,139.0,0.0,0.0,0.0,1190.0,0.0,1190.0
2022-10-01 16:00:00,0.0,168.0,719.0,0.0,67.0,0.0,0.0,0.0,648.0,0.0,1283.0
2022-10-01 17:00:00,0.0,195.0,1015.0,0.0,278.0,0.0,0.0,0.0,150.0,0.0,1360.0
2022-10-01 18:00:00,0.0,187.0,1259.0,0.0,556.0,0.0,0.0,0.0,1.0,0.0,1468.0
2022-10-01 19:00:00,0.0,195.0,1371.0,0.0,693.0,0.0,0.0,0.0,0.0,0.0,1709.0
2022-10-01 20:00:00,0.0,186.0,1152.0,0.0,593.0,0.0,0.0,0.0,0.0,0.0,1883.0
2022-10-01 21:00:00,0.0,162.0,1081.0,0.0,520.0,0.0,0.0,0.0,0.0,0.0,2022.0
2022-10-01 22:00:00,0.0,152.0,1041.0,0.0,96.0,0.0,0.0,0.0,0.0,0.0,2111.0
2022-10-01 23:00:00,0.0,152.0,846.0,0.0,33.0,0.0,0.0,0.0,0.0,0.0,2206.0
2022-10-02 00:00:00,0.0,152.0,574.0,0.0,26.0,0.0,0.0,0.0,0.0,0.0,2283.0
2022-10-02 01:00:00,0.0,152.0,557.0,0.0,26.0,0.0,0.0,0.0,0.0,0.0,2185.0
2022-10-02 02:00:00,0.0,152.0,556.0,0.0,26.0,0.0,0.0,0.0,0.0,0.0,2201.0
2022-10-02 03:00:00,0.0,151.0,610.0,0.0,27.0,0.0,0.0,0.0,0.0,0.0,2043.0
2022-10-02 04:00:00,0.0,151.0,566.0,0.0,52.0,0.0,0.0,0.0,0.0,0.0,1972.0
2022-10-02 05:00:00,0.0,150.0,552.0,0.0,52.0,0.0,0.0,0.0,0.0,0.0,1902.0
2022-10-02 06:00:00,0.0,151.0,507.0,0.0,153.0,0.0,0.0,0.0,32.0,0.0,1939.0
2022-10-02 07:00:00,0.0,154.0,550.0,0.0,133.0,0.0,0.0,0.0,651.0,0.0,1821.0
2022-10-02 08:00:00,0.0,152.0,538.0,0.0,67.0,0.0,0.0,0.0,1687.0,0.0,1669.0
2022-10-02 09:00:00,0.0,149.0,504.0,0.0,64.0,0.0,0.0,0.0,2512.0,0.0,1912.0
2022-10-02 10:00:00,0.0,152.0,343.0,0.0,93.0,0.0,0.0,0.0,3073.0,0.0,1996.0
2022-10-02 11:00:00,0.0,152.0,310.0,0.0,120.0,0.0,0.0,0.0,3418.0,0.0,1718.0
2022-10-02 12:00:00,0.0,152.0,310.0,0.0,117.0,0.0,0.0,0.0,3481.0,0.0,1623.0
2022-10-02 13:00:00,0.0,154.0,309.0,0.0,104.0,0.0,0.0,0.0,3296.0,0.0,1535.0
2022-10-02 14:00:00,0.0,157.0,315.0,0.0,87.0,0.0,0.0,0.0,2907.0,0.0,1582.0
2022-10-02 15:00:00,0.0,162.0,314.0,0.0,130.0,0.0,0.0,0.0,2274.0,0.0,1662.0
2022-10-02 16:00:00,0.0,168.0,316.0,0.0,148.0,0.0,0.0,0.0,1358.0,0.0,1728.0
2022-10-02 17:00:00,0.0,176.0,611.0,0.0,447.0,0.0,0.0,0.0,334.0,0.0,1473.0
2022-10-02 18:00:00,0.0,199.0,1284.0,0.0,652.0,0.0,0.0,0.0,2.0,0.0,1244.0
2022-10-02 19:00:00,0.0,211.0,1854.0,0.0,842.0,0.0,0.0,0.0,0.0,0.0,1144.0
2022-10-02 20:00:00,0.0,190.0,1993.0,0.0,729.0,0.0,0.0,0.0,0.0,0.0,1051.0
2022-10-02 21:00:00,0.0,189.0,1801.0,0.0,650.0,0.0,0.0,0.0,0.0,0.0,1026.0
2022-10-02 22:00:00,0.0,185.0,1612.0,0.0,399.0,0.0,0.0,0.0,0.0,0.0,945.0
2022-10-02 23:00:00,0.0,192.0,1709.0,0.0,92.0,0.0,0.0,0.0,0.0,0.0,955.0
2022-10-03 00:00:00,0.0,170.0,1594.0,0.0,56.0,0.0,0.0,0.0,0.0,0.0,885.0
2022-10-03 01:00:00,0.0,165.0,1276.0,0.0,58.0,0.0,0.0,0.0,0.0,0.0,782.0
2022-10-03 02:00:00,0.0,168.0,1230.0,0.0,94.0,0.0,0.0,0.0,0.0,0.0,770.0
2022-10-03 03:00:00,0.0,175.0,1084.0,0.0,71.0,0.0,0.0,0.0,0.0,0.0,644.0
2022-10-03 04:00:00,0.0,175.0,1202.0,0.0,178.0,0.0,0.0,0.0,0.0,0.0,487.0
2022-10-03 05:00:00,0.0,185.0,1614.0,0.0,291.0,0.0,0.0,0.0,0.0,0.0,413.0
2022-10-03 06:00:00,0.0,192.0,1846.0,0.0,601.0,0.0,0.0,0.0,38.0,0.0,329.0
2022-10-03 07:00:00,0.0,198.0,2011.0,0.0,565.0,0.0,0.0,0.0,699.0,0.0,299.0
2022-10-03 08:00:00,0.0,198.0,2010.0,0.0,613.0,0.0,0.0,0.0,1773.0,0.0,250.0
2022-10-03 09:00:00,0.0,194.0,1769.0,0.0,348.0,0.0,0.0,0.0,2581.0,0.0,208.0
2022-10-03 10:00:00,0.0,178.0,1737.0,0.0,297.0,0.0,0.0,0.0,3093.0,0.0,203.0
2022-10-03 11:00:00,0.0,176.0,1638.0,0.0,285.0,0.0,0.0,0.0,3311.0,0.0,237.0
2022-10-03 12:00:00,0.0,172.0,1521.0,0.0,337.0,0.0,0.0,0.0,3294.0,0.0,335.0
2022-10-03 13:00:00,0.0,171.0,1279.0,0.0,259.0,0.0,0.0,0.0,3090.0,0.0,490.0
2022-10-03 14:00:00,0.0,175.0,1492.0,0.0,127.0,0.0,0.0,0.0,2572.0,0.0,587.0
2022-10-03 15:00:00,0.0,174.0,1525.0,0.0,111.0,0.0,0.0,0.0,1931.0,0.0,734.0
2022-10-03 16:00:00,0.0,180.0,2169.0,0.0,252.0,0.0,0.0,0.0,971.0,0.0,796.0
2022-10-03 17:00:00,0.0,197.0,2426.0,0.0,326.0,0.0,0.0,0.0,233.0,0.0,747.0
2022-10-03 18:00:00,0.0,254.0,2652.0,0.0,547.0,0.0,0.0,0.0,1.0,0.0,676.0
2022-10-03 19:00:00,0.0,356.0,2659.0,0.0,1492.0,0.0,0.0,0.0,0.0,0.0,672.0
2022-10-03 20:00:00,0.0,397.0,2549.0,0.0,958.0,0.0,0.0,0.0,0.0,0.0,791.0
2022-10-03 21:00:00,0.0,333.0,2412.0,0.0,633.0,0.0,0.0,0.0,0.0,0.0,920.0
2022-10-03 22:00:00,0.0,292.0,2260.0,0.0,265.0,0.0,0.0,0.0,0.0,0.0,1099.0
2022-10-03 23:00:00,0.0,186.0,1723.0,0.0,95.0,0.0,0.0,0.0,0.0,0.0,1466.0
2022-10-04 00:00:00,0.0,180.0,1507.0,0.0,48.0,0.0,0.0,0.0,0.0,0.0,1686.0
2022-10-04 01:00:00,0.0,192.0,1245.0,0.0,108.0,0.0,0.0,0.0,0.0,0.0,1862.0
2022-10-04 02:00:00,0.0,205.0,1135.0,0.0,90.0,0.0,0.0,0.0,0.0,0.0,1970.0
2022-10-04 03:00:00,0.0,219.0,1127.0,0.0,87.0,0.0,0.0,0.0,0.0,0.0,2029.0
2022-10-04 04:00:00,0.0,245.0,1013.0,0.0,82.0,0.0,0.0,0.0,0.0,0.0,2131.0
2022-10-04 05:00:00,0.0,253.0,1090.0,0.0,134.0,0.0,0.0,0.0,0.0,0.0,2128.0
2022-10-04 06:00:00,0.0,252.0,1359.0,0.0,297.0,0.0,0.0,0.0,26.0,0.0,2107.0
2022-10-04 07:00:00,0.0,257.0,1852.0,0.0,534.0,0.0,0.0,0.0,550.0,0.0,2126.0
2022-10-04 08:00:00,0.0,264.0,1944.0,0.0,378.0,0.0,0.0,0.0,1482.0,0.0,1980.0
2022-10-04 09:00:00,0.0,264.0,1662.0,0.0,266.0,0.0,0.0,0.0,2364.0,0.0,1718.0
2022-10-04 10:00:00,0.0,263.0,1446.0,0.0,141.0,0.0,0.0,0.0,2993.0,0.0,1488.0
2022-10-04 11:00:00,0.0,264.0,1256.0,0.0,107.0,0.0,0.0,0.0,3265.0,0.0,1367.0
2022-10-04 12:00:00,0.0,267.0,1415.0,0.0,103.0,0.0,0.0,0.0,3201.0,0.0,1182.0
2022-10-04 13:00:00,0.0,269.0,1534.0,0.0,81.0,0.0,0.0,0.0,3078.0,0.0,1045.0
2022-10-04 14:00:00,0.0,268.0,1394.0,0.0,52.0,0.0,0.0,0.0,2792.0,0.0,990.0
2022-10-04 15:00:00,0.0,268.0,1573.0,0.0,63.0,0.0,0.0,0.0,2198.0,0.0,1043.0
2022-10-04 16:00:00,0.0,270.0,1692.0,0.0,205.0,0.0,0.0,0.0,1203.0,0.0,1095.0
2022-10-04 17:00:00,0.0,270.0,1957.0,0.0,435.0,0.0,0.0,0.0,247.0,0.0,1196.0
2022-10-04 18:00:00,0.0,283.0,2282.0,0.0,1039.0,0.0,0.0,0.0,1.0,0.0,1233.0
2022-10-04 19:00:00,0.0,295.0,2380.0,0.0,1121.0,0.0,0.0,0.0,0.0,0.0,1227.0
2022-10-04 20:00:00,0.0,294.0,2369.0,0.0,857.0,0.0,0.0,0.0,0.0,0.0,1209.0
2022-10-04 21:00:00,0.0,294.0,1997.0,0.0,618.0,0.0,0.0,0.0,0.0,0.0,1271.0
2022-10-04 22:00:00,0.0,294.0,1824.0,0.0,142.0,0.0,0.0,0.0,0.0,0.0,1453.0
2022-10-04 23:00:00,0.0,283.0,1433.0,0.0,59.0,0.0,0.0,0.0,0.0,0.0,1613.0
2022-10-05 00:00:00,0.0,247.0,1240.0,0.0,30.0,0.0,0.0,0.0,0.0,0.0,1660.0
2022-10-05 01:00:00,0.0,224.0,1086.0,0.0,26.0,0.0,0.0,0.0,0.0,0.0,1674.0
2022-10-05 02:00:00,0.0,226.0,985.0,0.0,15.0,0.0,0.0,0.0,0.0,0.0,1794.0
2022-10-05 03:00:00,0.0,222.0,884.0,0.0,26.0,0.0,0.0,0.0,0.0,0.0,1804.0
2022-10-05 04:00:00,0.0,222.0,905.0,0.0,51.0,0.0,0.0,0.0,0.0,0.0,1752.0
2022-10-05 05:00:00,0.0,223.0,943.0,0.0,58.0,0.0,0.0,0.0,0.0,0.0,1735.0
2022-10-05 06:00:00,0.0,244.0,1413.0,0.0,362.0,0.0,0.0,0.0,27.0,0.0,1685.0
2022-10-05 07:00:00,0.0,270.0,1614.0,0.0,680.0,0.0,0.0,0.0,544.0,0.0,1601.0
2022-10-05 08:00:00,0.0,282.0,1418.0,0.0,347.0,0.0,0.0,0.0,1525.0,0.0,1684.0
2022-10-05 09:00:00,0.0,285.0,1151.0,0.0,172.0,0.0,0.0,0.0,2307.0,0.0,1652.0
2022-10-05 10:00:00,0.0,285.0,830.0,0.0,170.0,0.0,0.0,0.0,2789.0,0.0,1615.0
2022-10-05 11:00:00,0.0,273.0,642.0,0.0,303.0,0.0,0.0,0.0,2957.0,0.0,1513.0
2022-10-05 12:00:00,0.0,254.0,670.0,0.0,337.0,0.0,0.0,0.0,2855.0,0.0,1450.0
2022-10-05 13:00:00,0.0,260.0,682.0,0.0,340.0,0.0,0.0,0.0,2668.0,0.0,1438.0
2022-10-05 14:00:00,0.0,278.0,702.0,0.0,139.0,0.0,0.0,0.0,2297.0,0.0,1435.0
2022-10-05 15:00:00,0.0,299.0,1098.0,0.0,124.0,0.0,0.0,0.0,1799.0,0.0,1557.0
2022-10-05 16:00:00,0.0,298.0,1518.0,0.0,165.0,0.0,0.0,0.0,1081.0,0.0,1758.0
2022-10-05 17:00:00,0.0,304.0,1735.0,0.0,265.0,0.0,0.0,0.0,237.0,0.0,1838.0
2022-10-05 18:00:00,0.0,301.0,2057.0,0.0,780.0,0.0,0.0,0.0,1.0,0.0,1902.0
2022-10-05 19:00:00,0.0,303.0,1946.0,0.0,932.0,0.0,0.0,0.0,0.0,0.0,1969.0
2022-10-05 20:00:00,0.0,301.0,1860.0,0.0,569.0,0.0,0.0,0.0,0.0,0.0,1987.0
2022-10-05 21:00:00,0.0,287.0,1752.0,0.0,437.0,0.0,0.0,0.0,0.0,0.0,2028.0
2022-10-05 22:00:00,0.0,278.0,1486.0,0.0,157.0,0.0,0.0,0.0,0.0,0.0,2077.0
2022-10-05 23:00:00,0.0,271.0,1231.0,0.0,92.0,0.0,0.0,0.0,0.0,0.0,2069.0
2022-10-06 00:00:00,0.0,205.0,1145.0,0.0,65.0,0.0,0.0,0.0,0.0,0.0,2106.0
2022-10-06 01:00:00,0.0,174.0,854.0,0.0,65.0,0.0,0.0,0.0,0.0,0.0,2163.0
2022-10-06 02:00:00,0.0,173.0,767.0,0.0,51.0,0.0,0.0,0.0,0.0,0.0,2287.0
2022-10-06 03:00:00,0.0,175.0,766.0,0.0,54.0,0.0,0.0,0.0,0.0,0.0,2288.0
2022-10-06 04:00:00,0.0,177.0,805.0,0.0,83.0,0.0,0.0,0.0,0.0,0.0,2320.0
2022-10-06 05:00:00,0.0,180.0,1039.0,0.0,95.0,0.0,0.0,0.0,0.0,0.0,2342.0
2022-10-06 06:00:00,0.0,204.0,1023.0,0.0,319.0,0.0,0.0,0.0,31.0,0.0,2418.0
2022-10-06 07:00:00,0.0,262.0,1206.0,0.0,499.0,0.0,0.0,0.0,568.0,0.0,2478.0
2022-10-06 08:00:00,0.0,288.0,1008.0,0.0,234.0,0.0,0.0,0.0,1476.0,0.0,2441.0
2022-10-06 09:00:00,0.0,266.0,847.0,0.0,137.0,0.0,0.0,0.0,2170.0,0.0,2479.0
2022-10-06 10:00:00,0.0,235.0,796.0,0.0,105.0,0.0,0.0,0.0,2602.0,0.0,2426.0
2022-10-06 11:00:00,0.0,225.0,738.0,0.0,145.0,0.0,0.0,0.0,2789.0,0.0,2341.0
2022-10-06 12:00:00,0.0,233.0,919.0,0.0,120.0,0.0,0.0,0.0,2758.0,0.0,2256.0
2022-10-06 13:00:00,0.0,259.0,948.0,0.0,95.0,0.0,0.0,0.0,2536.0,0.0,2183.0
2022-10-06 14:00:00,0.0,259.0,909.0,0.0,62.0,0.0,0.0,0.0,2115.0,0.0,2197.0
2022-10-06 15:00:00,0.0,278.0,1197.0,0.0,137.0,0.0,0.0,0.0,1509.0,0.0,2221.0
2022-10-06 16:00:00,0.0,306.0,1652.0,0.0,90.0,0.0,0.0,0.0,778.0,0.0,2177.0
2022-10-06 17:00:00,0.0,306.0,1838.0,0.0,229.0,0.0,0.0,0.0,176.0,0.0,2161.0
2022-10-06 18:00:00,0.0,305.0,1814.0,0.0,844.0,0.0,0.0,0.0,0.0,0.0,2227.0
2022-10-06 19:00:00,0.0,305.0,1872.0,0.0,934.0,0.0,0.0,0.0,0.0,0.0,2293.0
2022-10-06 20:00:00,0.0,304.0,1396.0,0.0,688.0,0.0,0.0,0.0,0.0,0.0,2394.0
2022-10-06 21:00:00,0.0,304.0,1647.0,0.0,370.0,0.0,0.0,0.0,0.0,0.0,2444.0
2022-10-06 22:00:00,0.0,285.0,1131.0,0.0,144.0,0.0,0.0,0.0,0.0,0.0,2449.0
2022-10-06 23:00:00,0.0,252.0,917.0,0.0,47.0,0.0,0.0,0.0,0.0,0.0,2470.0
2022-10-07 00:00:00,0.0,225.0,901.0,0.0,25.0,0.0,0.0,0.0,0.0,0.0,2474.0
2022-10-07 01:00:00,0.0,227.0,757.0,0.0,27.0,0.0,0.0,0.0,0.0,0.0,2521.0
2022-10-07 02:00:00,0.0,203.0,750.0,0.0,25.0,0.0,0.0,0.0,0.0,0.0,2565.0
2022-10-07 03:00:00,0.0,191.0,783.0,0.0,29.0,0.0,0.0,0.0,0.0,0.0,2533.0
2022-10-07 04:00:00,0.0,189.0,778.0,0.0,53.0,0.0,0.0,0.0,0.0,0.0,2573.0
2022-10-07 05:00:00,0.0,206.0,854.0,0.0,110.0,0.0,0.0,0.0,0.0,0.0,2593.0
2022-10-07 06:00:00,0.0,245.0,1073.0,0.0,414.0,0.0,0.0,0.0,15.0,0.0,2614.0
2022-10-07 07:00:00,0.0,258.0,927.0,0.0,404.0,0.0,0.0,0.0,499.0,0.0,2686.0
2022-10-07 08:00:00,0.0,261.0,646.0,0.0,271.0,0.0,0.0,0.0,1382.0,0.0,2739.0
2022-10-07 09:00:00,0.0,244.0,540.0,0.0,199.0,0.0,0.0,0.0,2104.0,0.0,2739.0
2022-10-07 10:00:00,0.0,196.0,511.0,0.0,169.0,0.0,0.0,0.0,2569.0,0.0,2679.0
2022-10-07 11:00:00,0.0,194.0,518.0,0.0,123.0,0.0,0.0,0.0,2811.0,0.0,2616.0
2022-10-07 12:00:00,0.0,194.0,533.0,0.0,118.0,0.0,0.0,0.0,2870.0,0.0,2572.0
2022-10-07 13:00:00,0.0,219.0,613.0,0.0,114.0,0.0,0.0,0.0,2715.0,0.0,2488.0
2022-10-07 14:00:00,0.0,244.0,647.0,0.0,123.0,0.0,0.0,0.0,2362.0,0.0,2373.0
2022-10-07 15:00:00,0.0,267.0,815.0,0.0,91.0,0.0,0.0,0.0,1857.0,0.0,2265.0
2022-10-07 16:00:00,0.0,254.0,1241.0,0.0,122.0,0.0,0.0,0.0,1058.0,0.0,2221.0
2022-10-07 17:00:00,0.0,299.0,1872.0,0.0,386.0,0.0,0.0,0.0,218.0,0.0,2146.0
2022-10-07 18:00:00,0.0,317.0,2015.0,0.0,951.0,0.0,0.0,0.0,0.0,0.0,2043.0
2022-10-07 19:00:00,0.0,317.0,2120.0,0.0,1159.0,0.0,0.0,0.0,0.0,0.0,2130.0
2022-10-07 20:00:00,0.0,306.0,1866.0,0.0,639.0,0.0,0.0,0.0,0.0,0.0,2178.0
2022-10-07 21:00:00,0.0,301.0,1651.0,0.0,239.0,0.0,0.0,0.0,0.0,0.0,2247.0
2022-10-07 22:00:00,0.0,286.0,1455.0,0.0,151.0,0.0,0.0,0.0,0.0,0.0,2327.0
2022-10-07 23:00:00,0.0,291.0,1167.0,0.0,136.0,0.0,0.0,0.0,0.0,0.0,2342.0
2022-10-08 00:00:00,0.0,254.0,871.0,0.0,29.0,0.0,0.0,0.0,0.0,0.0,2259.0
2022-10-08 01:00:00,0.0,230.0,640.0,0.0,26.0,0.0,0.0,0.0,0.0,0.0,2239.0
2022-10-08 02:00:00,0.0,221.0,580.0,0.0,25.0,0.0,0.0,0.0,0.0,0.0,2274.0
2022-10-08 03:00:00,0.0,219.0,540.0,0.0,26.0,0.0,0.0,0.0,0.0,0.0,2231.0
2022-10-08 04:00:00,0.0,220.0,519.0,0.0,52.0,0.0,0.0,0.0,0.0,0.0,2174.0
2022-10-08 05:00:00,0.0,221.0,615.0,0.0,69.0,0.0,0.0,0.0,0.0,0.0,2172.0
2022-10-08 06:00:00,0.0,231.0,685.0,0.0,347.0,0.0,0.0,0.0,13.0,0.0,2101.0
2022-10-08 07:00:00,0.0,241.0,817.0,0.0,368.0,0.0,0.0,0.0,482.0,0.0,1936.0
2022-10-08 08:00:00,0.0,241.0,767.0,0.0,226.0,0.0,0.0,0.0,1329.0,0.0,1885.0
2022-10-08 09:00:00,0.0,207.0,714.0,0.0,96.0,0.0,0.0,0.0,1983.0,0.0,1802.0
2022-10-08 10:00:00,0.0,207.0,700.0,0.0,74.0,0.0,0.0,0.0,2407.0,0.0,1761.0
2022-10-08 11:00:00,0.0,222.0,696.0,0.0,100.0,0.0,0.0,0.0,2623.0,0.0,1576.0
2022-10-08 12:00:00,0.0,221.0,713.0,0.0,77.0,0.0,0.0,0.0,2649.0,0.0,1423.0
2022-10-08 13:00:00,0.0,283.0,713.0,0.0,66.0,0.0,0.0,0.0,2528.0,0.0,1108.0
2022-10-08 14:00:00,0.0,393.0,746.0,0.0,105.0,0.0,0.0,0.0,2210.0,0.0,937.0
2022-10-08 15:00:00,0.0,457.0,818.0,0.0,102.0,0.0,0.0,0.0,1670.0,0.0,867.0
2022-10-08 16:00:00,0.0,466.0,1171.0,0.0,227.0,0.0,0.0,0.0,902.0,0.0,734.0
2022-10-08 17:00:00,0.0,506.0,1618.0,0.0,464.0,0.0,0.0,0.0,161.0,0.0,617.0
2022-10-08 18:00:00,0.0,562.0,1920.0,0.0,815.0,0.0,0.0,0.0,0.0,0.0,535.0
2022-10-08 19:00:00,0.0,554.0,2068.0,0.0,1064.0,0.0,0.0,0.0,0.0,0.0,421.0
2022-10-08 20:00:00,0.0,531.0,1955.0,0.0,1322.0,0.0,0.0,0.0,0.0,0.0,333.0
2022-10-08 21:00:00,0.0,556.0,1586.0,0.0,420.0,0.0,0.0,0.0,0.0,0.0,301.0
2022-10-08 22:00:00,0.0,567.0,1610.0,0.0,184.0,0.0,0.0,0.0,0.0,0.0,259.0
2022-10-08 23:00:00,0.0,562.0,1445.0,0.0,86.0,0.0,0.0,0.0,0.0,0.0,189.0
2022-10-09 00:00:00,0.0,548.0,1395.0,0.0,131.0,0.0,0.0,0.0,0.0,0.0,135.0
2022-10-09 01:00:00,0.0,557.0,846.0,0.0,111.0,0.0,0.0,0.0,0.0,0.0,113.0
2022-10-09 02:00:00,0.0,538.0,798.0,0.0,126.0,0.0,0.0,0.0,0.0,0.0,106.0
2022-10-09 03:00:00,0.0,539.0,768.0,0.0,102.0,0.0,0.0,0.0,0.0,0.0,97.0
2022-10-09 04:00:00,0.0,554.0,766.0,0.0,132.0,0.0,0.0,0.0,0.0,0.0,89.0
2022-10-09 05:00:00,0.0,556.0,825.0,0.0,143.0,0.0,0.0,0.0,0.0,0.0,108.0
2022-10-09 06:00:00,0.0,548.0,846.0,0.0,244.0,0.0,0.0,0.0,21.0,0.0,102.0
2022-10-09 07:00:00,0.0,540.0,729.0,0.0,268.0,0.0,0.0,0.0,566.0,0.0,92.0
2022-10-09 08:00:00,0.0,541.0,533.0,0.0,264.0,0.0,0.0,0.0,1606.0,0.0,87.0
2022-10-09 09:00:00,0.0,546.0,383.0,0.0,146.0,0.0,0.0,0.0,2437.0,0.0,79.0
2022-10-09 10:00:00,0.0,532.0,363.0,0.0,128.0,0.0,0.0,0.0,2961.0,0.0,77.0
2022-10-09 11:00:00,0.0,531.0,385.0,0.0,148.0,0.0,0.0,0.0,3231.0,0.0,86.0
2022-10-09 12:00:00,0.0,537.0,374.0,0.0,112.0,0.0,0.0,0.0,3292.0,0.0,102.0
2022-10-09 13:00:00,0.0,519.0,338.0,0.0,63.0,0.0,0.0,0.0,3144.0,0.0,118.0
2022-10-09 14:00:00,0.0,514.0,389.0,0.0,101.0,0.0,0.0,0.0,2719.0,0.0,131.0
2022-10-09 15:00:00,0.0,522.0,483.0,0.0,120.0,0.0,0.0,0.0,2053.0,0.0,126.0
2022-10-09 16:00:00,0.0,513.0,1007.0,0.0,114.0,0.0,0.0,0.0,1106.0,0.0,118.0
2022-10-09 17:00:00,0.0,525.0,1516.0,0.0,415.0,0.0,0.0,0.0,204.0,0.0,103.0
2022-10-09 18:00:00,0.0,542.0,2176.0,0.0,1056.0,0.0,0.0,0.0,0.0,0.0,76.0
2022-10-09 19:00:00,0.0,536.0,2042.0,0.0,984.0,0.0,0.0,0.0,0.0,0.0,70.0
2022-10-09 20:00:00,0.0,541.0,1970.0,0.0,794.0,0.0,0.0,0.0,0.0,0.0,84.0
2022-10-09 21:00:00,0.0,548.0,1817.0,0.0,512.0,0.0,0.0,0.0,0.0,0.0,106.0
2022-10-09 22:00:00,0.0,544.0,1638.0,0.0,237.0,0.0,0.0,0.0,0.0,0.0,172.0
2022-10-09 23:00:00,0.0,534.0,1561.0,0.0,89.0,0.0,0.0,0.0,0.0,0.0,202.0
2022-10-10 00:00:00,0.0,533.0,1281.0,0.0,67.0,0.0,0.0,0.0,0.0,0.0,271.0
2022-10-10 01:00:00,0.0,534.0,1044.0,0.0,40.0,0.0,0.0,0.0,0.0,0.0,348.0
2022-10-10 02:00:00,0.0,526.0,853.0,0.0,30.0,0.0,0.0,0.0,0.0,0.0,471.0
2022-10-10 03:00:00,0.0,503.0,733.0,0.0,51.0,0.0,0.0,0.0,0.0,0.0,758.0
2022-10-10 04:00:00,0.0,488.0,698.0,0.0,64.0,0.0,0.0,0.0,0.0,0.0,1076.0
2022-10-10 05:00:00,0.0,475.0,786.0,0.0,62.0,0.0,0.0,0.0,0.0,0.0,1210.0
2022-10-10 06:00:00,0.0,477.0,1022.0,0.0,192.0,0.0,0.0,0.0,21.0,0.0,1234.0
2022-10-10 07:00:00,0.0,487.0,1244.0,0.0,309.0,0.0,0.0,0.0,556.0,0.0,1318.0
2022-10-10 08:00:00,0.0,496.0,1234.0,0.0,233.0,0.0,0.0,0.0,1513.0,0.0,1186.0
2022-10-10 09:00:00,0.0,482.0,936.0,0.0,103.0,0.0,0.0,0.0,2295.0,0.0,1088.0
2022-10-10 10:00:00,0.0,485.0,900.0,0.0,66.0,0.0,0.0,0.0,2801.0,0.0,984.0
2022-10-10 11:00:00,0.0,485.0,1110.0,0.0,91.0,0.0,0.0,0.0,2968.0,0.0,844.0
2022-10-10 12:00:00,0.0,486.0,1152.0,0.0,85.0,0.0,0.0,0.0,2973.0,0.0,761.0
2022-10-10 13:00:00,0.0,500.0,1128.0,0.0,99.0,0.0,0.0,0.0,2757.0,0.0,744.0
2022-10-10 14:00:00,0.0,498.0,1110.0,0.0,129.0,0.0,0.0,0.0,2349.0,0.0,754.0
2022-10-10 15:00:00,0.0,499.0,1450.0,0.0,190.0,0.0,0.0,0.0,1717.0,0.0,782.0
2022-10-10 16:00:00,0.0,509.0,1708.0,0.0,250.0,0.0,0.0,0.0,888.0,0.0,769.0
2022-10-10 17:00:00,0.0,520.0,2145.0,0.0,598.0,0.0,0.0,0.0,138.0,0.0,826.0
2022-10-10 18:00:00,0.0,524.0,2400.0,0.0,1043.0,0.0,0.0,0.0,0.0,0.0,830.0
2022-10-10 19:00:00,0.0,530.0,2424.0,0.0,1373.0,0.0,0.0,0.0,0.0,0.0,808.0
2022-10-10 20:00:00,0.0,524.0,2355.0,0.0,866.0,0.0,0.0,0.0,0.0,0.0,706.0
2022-10-10 21:00:00,0.0,521.0,2037.0,0.0,319.0,0.0,0.0,0.0,0.0,0.0,615.0
2022-10-10 22:00:00,0.0,533.0,1883.0,0.0,234.0,0.0,0.0,0.0,0.0,0.0,598.0
2022-10-10 23:00:00,0.0,535.0,1832.0,0.0,71.0,0.0,0.0,0.0,0.0,0.0,552.0
2022-10-11 00:00:00,0.0,526.0,1522.0,0.0,66.0,0.0,0.0,0.0,0.0,0.0,546.0
2022-10-11 01:00:00,0.0,529.0,1220.0,0.0,121.0,0.0,0.0,0.0,0.0,0.0,558.0
2022-10-11 02:00:00,0.0,539.0,1075.0,0.0,125.0,0.0,0.0,0.0,0.0,0.0,656.0
2022-10-11 03:00:00,0.0,534.0,1008.0,0.0,77.0,0.0,0.0,0.0,0.0,0.0,729.0
2022-10-11 04:00:00,0.0,530.0,971.0,0.0,103.0,0.0,0.0,0.0,0.0,0.0,755.0
2022-10-11 05:00:00,0.0,535.0,1230.0,0.0,184.0,0.0,0.0,0.0,0.0,0.0,738.0
2022-10-11 06:00:00,0.0,533.0,1391.0,0.0,415.0,0.0,0.0,0.0,5.0,0.0,824.0
2022-10-11 07:00:00,0.0,542.0,1585.0,0.0,1375.0,0.0,0.0,0.0,210.0,0.0,837.0
2022-10-11 08:00:00,0.0,532.0,1603.0,0.0,930.0,0.0,0.0,0.0,659.0,0.0,705.0
2022-10-11 09:00:00,0.0,526.0,1569.0,0.0,708.0,0.0,0.0,0.0,1071.0,0.0,546.0
2022-10-11 10:00:00,0.0,528.0,1554.0,0.0,586.0,0.0,0.0,0.0,1451.0,0.0,452.0
2022-10-11 11:00:00,0.0,524.0,1589.0,0.0,332.0,0.0,0.0,0.0,1689.0,0.0,384.0
2022-10-11 12:00:00,0.0,521.0,1617.0,0.0,265.0,0.0,0.0,0.0,1689.0,0.0,331.0
2022-10-11 13:00:00,0.0,512.0,1604.0,0.0,195.0,0.0,0.0,0.0,1555.0,0.0,422.0
2022-10-11 14:00:00,0.0,501.0,1486.0,0.0,154.0,0.0,0.0,0.0,1310.0,0.0,464.0
2022-10-11 15:00:00,0.0,510.0,1616.0,0.0,182.0,0.0,0.0,0.0,860.0,0.0,493.0
2022-10-11 16:00:00,0.0,544.0,2003.0,0.0,275.0,0.0,0.0,0.0,389.0,0.0,419.0
2022-10-11 17:00:00,0.0,555.0,2178.0,0.0,530.0,0.0,0.0,0.0,71.0,0.0,413.0
2022-10-11 18:00:00,0.0,557.0,2518.0,0.0,1334.0,0.0,0.0,0.0,0.0,0.0,389.0
2022-10-11 19:00:00,0.0,567.0,2576.0,0.0,1156.0,0.0,0.0,0.0,0.0,0.0,334.0
2022-10-11 20:00:00,0.0,573.0,2579.0,0.0,1354.0,0.0,0.0,0.0,0.0,0.0,310.0
2022-10-11 21:00:00,0.0,567.0,2079.0,0.0,420.0,0.0,0.0,0.0,0.0,0.0,333.0
2022-10-11 22:00:00,0.0,572.0,1941.0,0.0,196.0,0.0,0.0,0.0,0.0,0.0,408.0
2022-10-11 23:00:00,0.0,557.0,1657.0,0.0,71.0,0.0,0.0,0.0,0.0,0.0,428.0
2022-10-12 00:00:00,0.0,532.0,1550.0,0.0,28.0,0.0,0.0,0.0,0.0,0.0,408.0
2022-10-12 01:00:00,0.0,535.0,1323.0,0.0,27.0,0.0,0.0,0.0,0.0,0.0,459.0
2022-10-12 02:00:00,0.0,535.0,1096.0,0.0,25.0,0.0,0.0,0.0,0.0,0.0,618.0
2022-10-12 03:00:00,0.0,534.0,1080.0,0.0,27.0,0.0,0.0,0.0,0.0,0.0,687.0
2022-10-12 04:00:00,0.0,535.0,1212.0,0.0,53.0,0.0,0.0,0.0,0.0,0.0,684.0
2022-10-12 05:00:00,0.0,535.0,1353.0,0.0,111.0,0.0,0.0,0.0,0.0,0.0,651.0
2022-10-12 06:00:00,0.0,561.0,1666.0,0.0,381.0,0.0,0.0,0.0,5.0,0.0,588.0
2022-10-12 07:00:00,0.0,564.0,1954.0,0.0,736.0,0.0,0.0,0.0,249.0,0.0,571.0
2022-10-12 08:00:00,0.0,570.0,2032.0,0.0,565.0,0.0,0.0,0.0,804.0,0.0,560.0
2022-10-12 09:00:00,0.0,550.0,1914.0,0.0,300.0,0.0,0.0,0.0,1314.0,0.0,547.0
2022-10-12 10:00:00,0.0,553.0,1678.0,0.0,173.0,0.0,0.0,0.0,1714.0,0.0,514.0
2022-10-12 11:00:00,0.0,544.0,1383.0,0.0,95.0,0.0,0.0,0.0,1914.0,0.0,572.0
2022-10-12 12:00:00,0.0,569.0,1431.0,0.0,101.0,0.0,0.0,0.0,1887.0,0.0,585.0
2022-10-12 13:00:00,0.0,583.0,1580.0,0.0,187.0,0.0,0.0,0.0,1657.0,0.0,629.0
2022-10-12 14:00:00,0.0,572.0,1647.0,0.0,173.0,0.0,0.0,0.0,1433.0,0.0,708.0
2022-10-12 15:00:00,0.0,580.0,1800.0,0.0,132.0,0.0,0.0,0.0,979.0,0.0,825.0
2022-10-12 16:00:00,0.0,591.0,1927.0,0.0,228.0,0.0,0.0,0.0,429.0,0.0,890.0
2022-10-12 17:00:00,0.0,583.0,2170.0,0.0,424.0,0.0,0.0,0.0,63.0,0.0,897.0
2022-10-12 18:00:00,0.0,584.0,2347.0,0.0,976.0,0.0,0.0,0.0,0.0,0.0,896.0
2022-10-12 19:00:00,0.0,585.0,2275.0,0.0,985.0,0.0,0.0,0.0,0.0,0.0,900.0
2022-10-12 20:00:00,0.0,582.0,2164.0,0.0,712.0,0.0,0.0,0.0,0.0,0.0,933.0
2022-10-12 21:00:00,0.0,572.0,1885.0,0.0,474.0,0.0,0.0,0.0,0.0,0.0,958.0
2022-10-12 22:00:00,0.0,569.0,1616.0,0.0,245.0,0.0,0.0,0.0,0.0,0.0,999.0
2022-10-12 23:00:00,0.0,543.0,1208.0,0.0,74.0,0.0,0.0,0.0,0.0,0.0,968.0
2022-10-13 00:00:00,0.0,547.0,1067.0,0.0,61.0,0.0,0.0,0.0,0.0,0.0,909.0
2022-10-13 01:00:00,0.0,552.0,868.0,0.0,57.0,0.0,0.0,0.0,0.0,0.0,944.0
2022-10-13 02:00:00,0.0,548.0,836.0,0.0,57.0,0.0,0.0,0.0,0.0,0.0,993.0
2022-10-13 03:00:00,0.0,538.0,778.0,0.0,57.0,0.0,0.0,0.0,0.0,0.0,1037.0
2022-10-13 04:00:00,0.0,508.0,744.0,0.0,83.0,0.0,0.0,0.0,0.0,0.0,1122.0
2022-10-13 05:00:00,0.0,500.0,953.0,0.0,107.0,0.0,0.0,0.0,0.0,0.0,1101.0
2022-10-13 06:00:00,0.0,536.0,1568.0,0.0,267.0,0.0,0.0,0.0,14.0,0.0,1101.0
2022-10-13 07:00:00,0.0,552.0,2149.0,0.0,437.0,0.0,0.0,0.0,332.0,0.0,1082.0
2022-10-13 08:00:00,0.0,556.0,2119.0,0.0,325.0,0.0,0.0,0.0,961.0,0.0,975.0
2022-10-13 09:00:00,0.0,569.0,2201.0,0.0,313.0,0.0,0.0,0.0,1538.0,0.0,817.0
2022-10-13 10:00:00,0.0,571.0,2117.0,0.0,224.0,0.0,0.0,0.0,2139.0,0.0,776.0
2022-10-13 11:00:00,0.0,586.0,2036.0,0.0,200.0,0.0,0.0,0.0,2487.0,0.0,751.0
2022-10-13 12:00:00,0.0,589.0,1618.0,0.0,182.0,0.0,0.0,0.0,2580.0,0.0,771.0
2022-10-13 13:00:00,0.0,573.0,1448.0,0.0,109.0,0.0,0.0,0.0,2354.0,0.0,778.0
2022-10-13 14:00:00,0.0,590.0,1623.0,0.0,116.0,0.0,0.0,0.0,1841.0,0.0,760.0
2022-10-13 15:00:00,0.0,571.0,1572.0,0.0,136.0,0.0,0.0,0.0,1222.0,0.0,767.0
2022-10-13 16:00:00,0.0,585.0,1881.0,0.0,135.0,0.0,0.0,0.0,503.0,0.0,729.0
2022-10-13 17:00:00,0.0,587.0,2136.0,0.0,441.0,0.0,0.0,0.0,54.0,0.0,716.0
2022-10-13 18:00:00,0.0,566.0,2474.0,0.0,905.0,0.0,0.0,0.0,0.0,0.0,657.0
2022-10-13 19:00:00,0.0,562.0,2538.0,0.0,951.0,0.0,0.0,0.0,0.0,0.0,617.0
2022-10-13 20:00:00,0.0,549.0,2543.0,0.0,824.0,0.0,0.0,0.0,0.0,0.0,499.0
2022-10-13 21:00:00,0.0,555.0,2005.0,0.0,435.0,0.0,0.0,0.0,0.0,0.0,515.0
2022-10-13 22:00:00,0.0,545.0,1814.0,0.0,202.0,0.0,0.0,0.0,0.0,0.0,436.0
2022-10-13 23:00:00,0.0,544.0,1687.0,0.0,33.0,0.0,0.0,0.0,0.0,0.0,422.0
2022-10-14 00:00:00,0.0,537.0,1274.0,0.0,54.0,0.0,0.0,0.0,0.0,0.0,562.0
2022-10-14 01:00:00,0.0,497.0,1226.0,0.0,54.0,0.0,0.0,0.0,0.0,0.0,581.0
2022-10-14 02:00:00,0.0,481.0,1221.0,0.0,44.0,0.0,0.0,0.0,0.0,0.0,646.0
2022-10-14 03:00:00,0.0,489.0,1247.0,0.0,42.0,0.0,0.0,0.0,0.0,0.0,637.0
2022-10-14 04:00:00,0.0,528.0,1179.0,0.0,69.0,0.0,0.0,0.0,0.0,0.0,738.0
2022-10-14 05:00:00,0.0,536.0,1275.0,0.0,106.0,0.0,0.0,0.0,0.0,0.0,791.0
2022-10-14 06:00:00,0.0,551.0,1759.0,0.0,315.0,0.0,0.0,0.0,3.0,0.0,849.0
2022-10-14 07:00:00,0.0,534.0,2015.0,0.0,631.0,0.0,0.0,0.0,72.0,0.0,865.0
2022-10-14 08:00:00,0.0,537.0,2074.0,0.0,947.0,0.0,0.0,0.0,219.0,0.0,800.0
2022-10-14 09:00:00,0.0,520.0,1912.0,0.0,775.0,0.0,0.0,0.0,376.0,0.0,890.0
2022-10-14 10:00:00,0.0,530.0,1802.0,0.0,641.0,0.0,0.0,0.0,539.0,0.0,847.0
2022-10-14 11:00:00,0.0,544.0,1859.0,0.0,402.0,0.0,0.0,0.0,682.0,0.0,754.0
2022-10-14 12:00:00,0.0,555.0,1891.0,0.0,427.0,0.0,0.0,0.0,633.0,0.0,709.0
2022-10-14 13:00:00,0.0,553.0,1773.0,0.0,444.0,0.0,0.0,0.0,531.0,0.0,833.0
2022-10-14 14:00:00,0.0,563.0,1670.0,0.0,303.0,0.0,0.0,0.0,428.0,0.0,970.0
2022-10-14 15:00:00,0.0,571.0,1568.0,0.0,198.0,0.0,0.0,0.0,273.0,0.0,1232.0
2022-10-14 16:00:00,0.0,568.0,1424.0,0.0,177.0,0.0,0.0,0.0,112.0,0.0,1548.0
2022-10-14 17:00:00,0.0,555.0,1556.0,0.0,413.0,0.0,0.0,0.0,10.0,0.0,1853.0
2022-10-14 18:00:00,0.0,547.0,1466.0,0.0,716.0,0.0,0.0,0.0,0.0,0.0,2136.0
2022-10-14 19:00:00,0.0,523.0,1345.0,0.0,816.0,0.0,0.0,0.0,0.0,0.0,2319.0
2022-10-14 20:00:00,0.0,517.0,1108.0,0.0,549.0,0.0,0.0,0.0,0.0,0.0,2503.0
2022-10-14 21:00:00,0.0,521.0,1009.0,0.0,81.0,0.0,0.0,0.0,0.0,0.0,2587.0
2022-10-14 22:00:00,0.0,511.0,819.0,0.0,11.0,0.0,0.0,0.0,0.0,0.0,2627.0
2022-10-14 23:00:00,0.0,480.0,545.0,0.0,4.0,0.0,0.0,0.0,0.0,0.0,2712.0
2022-10-15 00:00:00,0.0,481.0,319.0,0.0,4.0,0.0,0.0,0.0,0.0,0.0,2715.0
2022-10-15 01:00:00,0.0,485.0,321.0,0.0,6.0,0.0,0.0,0.0,0.0,0.0,2680.0
2022-10-15 02:00:00,0.0,489.0,152.0,0.0,64.0,0.0,0.0,0.0,0.0,0.0,2710.0
2022-10-15 03:00:00,0.0,509.0,135.0,0.0,46.0,0.0,0.0,0.0,0.0,0.0,2776.0
2022-10-15 04:00:00,0.0,499.0,133.0,0.0,58.0,0.0,0.0,0.0,0.0,0.0,2769.0
2022-10-15 05:00:00,0.0,475.0,135.0,0.0,111.0,0.0,0.0,0.0,0.0,0.0,2757.0
2022-10-15 06:00:00,0.0,456.0,133.0,0.0,147.0,0.0,0.0,0.0,1.0,0.0,2803.0
2022-10-15 07:00:00,0.0,453.0,135.0,0.0,290.0,0.0,0.0,0.0,83.0,0.0,2812.0
2022-10-15 08:00:00,0.0,488.0,135.0,0.0,276.0,0.0,0.0,0.0,384.0,0.0,2770.0
2022-10-15 09:00:00,0.0,524.0,224.0,0.0,238.0,0.0,0.0,0.0,706.0,0.0,2758.0
2022-10-15 10:00:00,0.0,474.0,374.0,0.0,303.0,0.0,0.0,0.0,957.0,0.0,2744.0
2022-10-15 11:00:00,0.0,465.0,345.0,0.0,223.0,0.0,0.0,0.0,1257.0,0.0,2685.0
2022-10-15 12:00:00,0.0,516.0,435.0,0.0,243.0,0.0,0.0,0.0,1414.0,0.0,2635.0
2022-10-15 13:00:00,0.0,538.0,367.0,0.0,238.0,0.0,0.0,0.0,1455.0,0.0,2559.0
2022-10-15 14:00:00,0.0,535.0,419.0,0.0,254.0,0.0,0.0,0.0,1274.0,0.0,2491.0
2022-10-15 15:00:00,0.0,543.0,573.0,0.0,208.0,0.0,0.0,0.0,920.0,0.0,2498.0
2022-10-15 16:00:00,0.0,546.0,678.0,0.0,285.0,0.0,0.0,0.0,466.0,0.0,2547.0
2022-10-15 17:00:00,0.0,573.0,954.0,0.0,800.0,0.0,0.0,0.0,67.0,0.0,2621.0
2022-10-15 18:00:00,0.0,583.0,1112.0,0.0,1144.0,0.0,0.0,0.0,0.0,0.0,2633.0
2022-10-15 19:00:00,0.0,577.0,1103.0,0.0,1169.0,0.0,0.0,0.0,0.0,0.0,2656.0
2022-10-15 20:00:00,0.0,545.0,1023.0,0.0,866.0,0.0,0.0,0.0,0.0,0.0,2626.0
2022-10-15 21:00:00,0.0,545.0,914.0,0.0,537.0,0.0,0.0,0.0,0.0,0.0,2624.0
2022-10-15 22:00:00,0.0,546.0,577.0,0.0,201.0,0.0,0.0,0.0,0.0,0.0,2636.0
2022-10-15 23:00:00,0.0,569.0,410.0,0.0,63.0,0.0,0.0,0.0,0.0,0.0,2585.0
2022-10-16 00:00:00,0.0,563.0,213.0,0.0,41.0,0.0,0.0,0.0,0.0,0.0,2565.0
2022-10-16 01:00:00,0.0,555.0,140.0,0.0,43.0,0.0,0.0,0.0,0.0,0.0,2524.0
2022-10-16 02:00:00,0.0,539.0,189.0,0.0,41.0,0.0,0.0,0.0,0.0,0.0,2573.0
2022-10-16 03:00:00,0.0,367.0,248.0,0.0,46.0,0.0,0.0,0.0,0.0,0.0,2580.0
2022-10-16 04:00:00,0.0,299.0,313.0,0.0,66.0,0.0,0.0,0.0,0.0,0.0,2542.0
2022-10-16 05:00:00,0.0,276.0,314.0,0.0,68.0,0.0,0.0,0.0,0.0,0.0,2605.0
2022-10-16 06:00:00,0.0,242.0,315.0,0.0,109.0,0.0,0.0,0.0,6.0,0.0,2620.0
2022-10-16 07:00:00,0.0,225.0,315.0,0.0,97.0,0.0,0.0,0.0,388.0,0.0,2571.0
2022-10-16 08:00:00,0.0,224.0,314.0,0.0,73.0,0.0,0.0,0.0,1267.0,0.0,2566.0
2022-10-16 09:00:00,0.0,212.0,314.0,0.0,73.0,0.0,0.0,0.0,2066.0,0.0,2580.0
2022-10-16 10:00:00,0.0,209.0,316.0,0.0,70.0,0.0,0.0,0.0,2555.0,0.0,2541.0
2022-10-16 11:00:00,0.0,209.0,343.0,0.0,80.0,0.0,0.0,0.0,2837.0,0.0,2408.0
2022-10-16 12:00:00,0.0,208.0,315.0,0.0,92.0,0.0,0.0,0.0,2894.0,0.0,2332.0
2022-10-16 13:00:00,0.0,210.0,316.0,0.0,63.0,0.0,0.0,0.0,2788.0,0.0,2339.0
2022-10-16 14:00:00,0.0,208.0,319.0,0.0,33.0,0.0,0.0,0.0,2451.0,0.0,2346.0
2022-10-16 15:00:00,0.0,211.0,373.0,0.0,45.0,0.0,0.0,0.0,1884.0,0.0,2298.0
2022-10-16 16:00:00,0.0,216.0,512.0,0.0,138.0,0.0,0.0,0.0,983.0,0.0,2278.0
2022-10-16 17:00:00,0.0,258.0,581.0,0.0,474.0,0.0,0.0,0.0,125.0,0.0,2231.0
2022-10-16 18:00:00,0.0,299.0,724.0,0.0,982.0,0.0,0.0,0.0,0.0,0.0,2301.0
2022-10-16 19:00:00,0.0,306.0,691.0,0.0,1082.0,0.0,0.0,0.0,0.0,0.0,2376.0
2022-10-16 20:00:00,0.0,311.0,668.0,0.0,959.0,0.0,0.0,0.0,0.0,0.0,2445.0
2022-10-16 21:00:00,0.0,282.0,575.0,0.0,455.0,0.0,0.0,0.0,0.0,0.0,2427.0
2022-10-16 22:00:00,0.0,260.0,590.0,0.0,126.0,0.0,0.0,0.0,0.0,0.0,2499.0
2022-10-16 23:00:00,0.0,278.0,556.0,0.0,66.0,0.0,0.0,0.0,0.0,0.0,2534.0
2022-10-17 00:00:00,0.0,258.0,453.0,0.0,47.0,0.0,0.0,0.0,0.0,0.0,2545.0
2022-10-17 01:00:00,0.0,216.0,317.0,0.0,33.0,0.0,0.0,0.0,0.0,0.0,2578.0
2022-10-17 02:00:00,0.0,206.0,318.0,0.0,26.0,0.0,0.0,0.0,0.0,0.0,2637.0
2022-10-17 03:00:00,0.0,208.0,325.0,0.0,30.0,0.0,0.0,0.0,0.0,0.0,2681.0
2022-10-17 04:00:00,0.0,210.0,381.0,0.0,77.0,0.0,0.0,0.0,0.0,0.0,2631.0
2022-10-17 05:00:00,0.0,264.0,389.0,0.0,115.0,0.0,0.0,0.0,0.0,0.0,2630.0
2022-10-17 06:00:00,0.0,307.0,350.0,0.0,145.0,0.0,0.0,0.0,9.0,0.0,2628.0
2022-10-17 07:00:00,0.0,317.0,448.0,0.0,518.0,0.0,0.0,0.0,464.0,0.0,2693.0
2022-10-17 08:00:00,0.0,326.0,372.0,0.0,398.0,0.0,0.0,0.0,1528.0,0.0,2622.0
2022-10-17 09:00:00,0.0,304.0,316.0,0.0,81.0,0.0,0.0,0.0,2426.0,0.0,2582.0
2022-10-17 10:00:00,0.0,247.0,319.0,0.0,59.0,0.0,0.0,0.0,3038.0,0.0,2558.0
2022-10-17 11:00:00,0.0,213.0,356.0,0.0,47.0,0.0,0.0,0.0,3264.0,0.0,2576.0
2022-10-17 12:00:00,0.0,200.0,399.0,0.0,68.0,0.0,0.0,0.0,3274.0,0.0,2582.0
2022-10-17 13:00:00,0.0,197.0,463.0,0.0,30.0,0.0,0.0,0.0,3088.0,0.0,2542.0
2022-10-17 14:00:00,0.0,196.0,513.0,0.0,63.0,0.0,0.0,0.0,2689.0,0.0,2517.0
2022-10-17 15:00:00,0.0,187.0,526.0,0.0,65.0,0.0,0.0,0.0,2022.0,0.0,2553.0
2022-10-17 16:00:00,0.0,185.0,525.0,0.0,203.0,0.0,0.0,0.0,1022.0,0.0,2501.0
2022-10-17 17:00:00,0.0,194.0,550.0,0.0,769.0,0.0,0.0,0.0,123.0,0.0,2477.0
2022-10-17 18:00:00,0.0,208.0,674.0,0.0,1469.0,0.0,0.0,0.0,0.0,0.0,2537.0
2022-10-17 19:00:00,0.0,227.0,785.0,0.0,1277.0,0.0,0.0,0.0,0.0,0.0,2696.0
2022-10-17 20:00:00,0.0,238.0,706.0,0.0,945.0,0.0,0.0,0.0,0.0,0.0,2793.0
2022-10-17 21:00:00,0.0,217.0,715.0,0.0,435.0,0.0,0.0,0.0,0.0,0.0,2759.0
2022-10-17 22:00:00,0.0,211.0,836.0,0.0,258.0,0.0,0.0,0.0,0.0,0.0,2739.0
2022-10-17 23:00:00,0.0,217.0,728.0,0.0,59.0,0.0,0.0,0.0,0.0,0.0,2844.0
2022-10-18 00:00:00,0.0,208.0,704.0,0.0,25.0,0.0,0.0,0.0,0.0,0.0,2823.0
2022-10-18 01:00:00,0.0,198.0,576.0,0.0,44.0,0.0,0.0,0.0,0.0,0.0,2740.0
2022-10-18 02:00:00,0.0,207.0,578.0,0.0,41.0,0.0,0.0,0.0,0.0,0.0,2735.0
2022-10-18 03:00:00,0.0,224.0,591.0,0.0,27.0,0.0,0.0,0.0,0.0,0.0,2686.0
2022-10-18 04:00:00,0.0,238.0,576.0,0.0,46.0,0.0,0.0,0.0,0.0,0.0,2708.0
2022-10-18 05:00:00,0.0,241.0,714.0,0.0,72.0,0.0,0.0,0.0,0.0,0.0,2771.0
2022-10-18 06:00:00,0.0,246.0,792.0,0.0,132.0,0.0,0.0,0.0,6.0,0.0,2736.0
2022-10-18 07:00:00,0.0,254.0,723.0,0.0,193.0,0.0,0.0,0.0,429.0,0.0,2768.0
2022-10-18 08:00:00,0.0,226.0,528.0,0.0,142.0,0.0,0.0,0.0,1421.0,0.0,2730.0
2022-10-18 09:00:00,0.0,221.0,524.0,0.0,140.0,0.0,0.0,0.0,2189.0,0.0,2654.0
2022-10-18 10:00:00,0.0,200.0,505.0,0.0,73.0,0.0,0.0,0.0,2733.0,0.0,2672.0
2022-10-18 11:00:00,0.0,182.0,499.0,0.0,52.0,0.0,0.0,0.0,3030.0,0.0,2680.0
2022-10-18 12:00:00,0.0,180.0,506.0,0.0,59.0,0.0,0.0,0.0,3167.0,0.0,2544.0
2022-10-18 13:00:00,0.0,187.0,494.0,0.0,24.0,0.0,0.0,0.0,3064.0,0.0,2333.0
2022-10-18 14:00:00,0.0,197.0,519.0,0.0,55.0,0.0,0.0,0.0,2674.0,0.0,2150.0
2022-10-18 15:00:00,0.0,197.0,673.0,0.0,104.0,0.0,0.0,0.0,1990.0,0.0,2053.0
2022-10-18 16:00:00,0.0,200.0,938.0,0.0,224.0,0.0,0.0,0.0,1001.0,0.0,1990.0
2022-10-18 17:00:00,0.0,202.0,1231.0,0.0,702.0,0.0,0.0,0.0,113.0,0.0,1993.0
2022-10-18 18:00:00,0.0,207.0,1291.0,0.0,1086.0,0.0,0.0,0.0,0.0,0.0,2004.0
2022-10-18 19:00:00,0.0,234.0,1280.0,0.0,1145.0,0.0,0.0,0.0,0.0,0.0,2005.0
2022-10-18 20:00:00,0.0,303.0,1149.0,0.0,899.0,0.0,0.0,0.0,0.0,0.0,1966.0
2022-10-18 21:00:00,0.0,357.0,928.0,0.0,551.0,0.0,0.0,0.0,0.0,0.0,1966.0
2022-10-18 22:00:00,0.0,352.0,905.0,0.0,314.0,0.0,0.0,0.0,0.0,0.0,1986.0
2022-10-18 23:00:00,0.0,360.0,774.0,0.0,154.0,0.0,0.0,0.0,0.0,0.0,1983.0
2022-10-19 00:00:00,0.0,364.0,699.0,0.0,54.0,0.0,0.0,0.0,0.0,0.0,1863.0
2022-10-19 01:00:00,0.0,365.0,688.0,0.0,54.0,0.0,0.0,0.0,0.0,0.0,1797.0
2022-10-19 02:00:00,0.0,381.0,573.0,0.0,52.0,0.0,0.0,0.0,0.0,0.0,1720.0
2022-10-19 03:00:00,0.0,387.0,519.0,0.0,52.0,0.0,0.0,0.0,0.0,0.0,1662.0
2022-10-19 04:00:00,0.0,377.0,610.0,0.0,59.0,0.0,0.0,0.0,0.0,0.0,1585.0
2022-10-19 05:00:00,0.0,376.0,828.0,0.0,194.0,0.0,0.0,0.0,0.0,0.0,1480.0
2022-10-19 06:00:00,0.0,371.0,1180.0,0.0,300.0,0.0,0.0,0.0,4.0,0.0,1309.0
2022-10-19 07:00:00,0.0,456.0,1125.0,0.0,292.0,0.0,0.0,0.0,417.0,0.0,1171.0
2022-10-19 08:00:00,0.0,497.0,839.0,0.0,126.0,0.0,0.0,0.0,1399.0,0.0,1050.0
2022-10-19 09:00:00,0.0,516.0,693.0,0.0,70.0,0.0,0.0,0.0,2162.0,0.0,949.0
2022-10-19 10:00:00,0.0,517.0,501.0,0.0,67.0,0.0,0.0,0.0,2642.0,0.0,892.0
2022-10-19 11:00:00,0.0,522.0,490.0,0.0,70.0,0.0,0.0,0.0,2884.0,0.0,804.0
2022-10-19 12:00:00,0.0,512.0,329.0,0.0,70.0,0.0,0.0,0.0,2923.0,0.0,776.0
2022-10-19 13:00:00,0.0,512.0,328.0,0.0,48.0,0.0,0.0,0.0,2760.0,0.0,653.0
2022-10-19 14:00:00,0.0,513.0,377.0,0.0,112.0,0.0,0.0,0.0,2388.0,0.0,486.0
2022-10-19 15:00:00,0.0,511.0,589.0,0.0,107.0,0.0,0.0,0.0,1792.0,0.0,391.0
2022-10-19 16:00:00,0.0,512.0,950.0,0.0,351.0,0.0,0.0,0.0,895.0,0.0,365.0
2022-10-19 17:00:00,0.0,513.0,1324.0,0.0,1040.0,0.0,0.0,0.0,95.0,0.0,366.0
2022-10-19 18:00:00,0.0,517.0,1834.0,0.0,1232.0,0.0,0.0,0.0,0.0,0.0,353.0
2022-10-19 19:00:00,0.0,518.0,1955.0,0.0,1148.0,0.0,0.0,0.0,0.0,0.0,358.0
2022-10-19 20:00:00,0.0,516.0,1848.0,0.0,824.0,0.0,0.0,0.0,0.0,0.0,422.0
2022-10-19 21:00:00,0.0,380.0,1831.0,0.0,398.0,0.0,0.0,0.0,0.0,0.0,510.0
2022-10-19 22:00:00,0.0,366.0,1705.0,0.0,193.0,0.0,0.0,0.0,0.0,0.0,586.0
2022-10-19 23:00:00,0.0,366.0,1435.0,0.0,49.0,0.0,0.0,0.0,0.0,0.0,716.0
2022-10-20 00:00:00,0.0,375.0,988.0,0.0,57.0,0.0,0.0,0.0,0.0,0.0,832.0
2022-10-20 01:00:00,0.0,491.0,674.0,0.0,107.0,0.0,0.0,0.0,0.0,0.0,946.0
2022-10-20 02:00:00,0.0,519.0,526.0,0.0,80.0,0.0,0.0,0.0,0.0,0.0,1197.0
2022-10-20 03:00:00,0.0,520.0,509.0,0.0,80.0,0.0,0.0,0.0,0.0,0.0,1464.0
2022-10-20 04:00:00,0.0,533.0,534.0,0.0,65.0,0.0,0.0,0.0,0.0,0.0,1564.0
2022-10-20 05:00:00,0.0,532.0,537.0,0.0,112.0,0.0,0.0,0.0,0.0,0.0,1649.0
2022-10-20 06:00:00,0.0,527.0,633.0,0.0,359.0,0.0,0.0,0.0,3.0,0.0,1640.0
2022-10-20 07:00:00,0.0,529.0,574.0,0.0,421.0,0.0,0.0,0.0,372.0,0.0,1601.0
2022-10-20 08:00:00,0.0,557.0,611.0,0.0,78.0,0.0,0.0,0.0,1322.0,0.0,1580.0
2022-10-20 09:00:00,0.0,556.0,539.0,0.0,46.0,0.0,0.0,0.0,2091.0,0.0,1556.0
2022-10-20 10:00:00,0.0,536.0,506.0,0.0,55.0,0.0,0.0,0.0,2573.0,0.0,1581.0
2022-10-20 11:00:00,0.0,533.0,526.0,0.0,59.0,0.0,0.0,0.0,2807.0,0.0,1591.0
2022-10-20 12:00:00,0.0,531.0,604.0,0.0,95.0,0.0,0.0,0.0,2829.0,0.0,1583.0
2022-10-20 13:00:00,0.0,532.0,589.0,0.0,46.0,0.0,0.0,0.0,2667.0,0.0,1555.0
2022-10-20 14:00:00,0.0,536.0,537.0,0.0,39.0,0.0,0.0,0.0,2313.0,0.0,1583.0
2022-10-20 15:00:00,0.0,534.0,660.0,0.0,83.0,0.0,0.0,0.0,1706.0,0.0,1529.0
2022-10-20 16:00:00,0.0,538.0,916.0,0.0,238.0,0.0,0.0,0.0,809.0,0.0,1522.0
2022-10-20 17:00:00,0.0,594.0,1081.0,0.0,566.0,0.0,0.0,0.0,79.0,0.0,1493.0
2022-10-20 18:00:00,0.0,677.0,1269.0,0.0,897.0,0.0,0.0,0.0,0.0,0.0,1563.0
2022-10-20 19:00:00,0.0,680.0,1398.0,0.0,1053.0,0.0,0.0,0.0,0.0,0.0,1551.0
2022-10-20 20:00:00,0.0,680.0,1429.0,0.0,848.0,0.0,0.0,0.0,0.0,0.0,1511.0
2022-10-20 21:00:00,0.0,642.0,1400.0,0.0,348.0,0.0,0.0,0.0,0.0,0.0,1548.0
2022-10-20 22:00:00,0.0,639.0,1427.0,0.0,187.0,0.0,0.0,0.0,0.0,0.0,1613.0
2022-10-20 23:00:00,0.0,645.0,1132.0,0.0,58.0,0.0,0.0,0.0,0.0,0.0,1765.0
2022-10-21 00:00:00,0.0,596.0,848.0,0.0,24.0,0.0,0.0,0.0,0.0,0.0,1944.0
2022-10-21 01:00:00,0.0,562.0,519.0,0.0,24.0,0.0,0.0,0.0,0.0,0.0,1995.0
2022-10-21 02:00:00,0.0,543.0,584.0,0.0,24.0,0.0,0.0,0.0,0.0,0.0,1961.0
2022-10-21 03:00:00,0.0,546.0,561.0,0.0,25.0,0.0,0.0,0.0,0.0,0.0,1982.0
2022-10-21 04:00:00,0.0,546.0,678.0,0.0,85.0,0.0,0.0,0.0,0.0,0.0,1931.0
2022-10-21 05:00:00,0.0,550.0,757.0,0.0,151.0,0.0,0.0,0.0,0.0,0.0,1956.0
2022-10-21 06:00:00,0.0,572.0,1047.0,0.0,460.0,0.0,0.0,0.0,2.0,0.0,1953.0
2022-10-21 07:00:00,0.0,607.0,1164.0,0.0,472.0,0.0,0.0,0.0,270.0,0.0,1871.0
2022-10-21 08:00:00,0.0,670.0,1058.0,0.0,392.0,0.0,0.0,0.0,1021.0,0.0,1815.0
2022-10-21 09:00:00,0.0,699.0,1011.0,0.0,427.0,0.0,0.0,0.0,1648.0,0.0,1691.0
2022-10-21 10:00:00,0.0,688.0,1000.0,0.0,430.0,0.0,0.0,0.0,2039.0,0.0,1639.0
2022-10-21 11:00:00,0.0,669.0,1037.0,0.0,325.0,0.0,0.0,0.0,2267.0,0.0,1635.0
2022-10-21 12:00:00,0.0,504.0,962.0,0.0,201.0,0.0,0.0,0.0,2438.0,0.0,1640.0
2022-10-21 13:00:00,0.0,437.0,1011.0,0.0,218.0,0.0,0.0,0.0,2397.0,0.0,1575.0
2022-10-21 14:00:00,0.0,414.0,1047.0,0.0,138.0,0.0,0.0,0.0,2067.0,0.0,1544.0
2022-10-21 15:00:00,0.0,393.0,1201.0,0.0,188.0,0.0,0.0,0.0,1515.0,0.0,1501.0
2022-10-21 16:00:00,0.0,445.0,1485.0,0.0,297.0,0.0,0.0,0.0,716.0,0.0,1440.0
2022-10-21 17:00:00,0.0,457.0,1792.0,0.0,470.0,0.0,0.0,0.0,62.0,0.0,1349.0
2022-10-21 18:00:00,0.0,460.0,1803.0,0.0,773.0,0.0,0.0,0.0,0.0,0.0,1300.0
2022-10-21 19:00:00,0.0,459.0,1786.0,0.0,820.0,0.0,0.0,0.0,0.0,0.0,1248.0
2022-10-21 20:00:00,0.0,455.0,1701.0,0.0,563.0,0.0,0.0,0.0,0.0,0.0,1231.0
2022-10-21 21:00:00,0.0,453.0,1565.0,0.0,238.0,0.0,0.0,0.0,0.0,0.0,1273.0
2022-10-21 22:00:00,0.0,439.0,1419.0,0.0,139.0,0.0,0.0,0.0,0.0,0.0,1363.0
2022-10-21 23:00:00,0.0,436.0,1266.0,0.0,36.0,0.0,0.0,0.0,0.0,0.0,1364.0
2022-10-22 00:00:00,0.0,429.0,1039.0,0.0,52.0,0.0,0.0,0.0,0.0,0.0,1260.0
2022-10-22 01:00:00,0.0,432.0,801.0,0.0,77.0,0.0,0.0,0.0,0.0,0.0,1194.0
2022-10-22 02:00:00,0.0,423.0,728.0,0.0,66.0,0.0,0.0,0.0,0.0,0.0,1172.0
2022-10-22 03:00:00,0.0,421.0,652.0,0.0,89.0,0.0,0.0,0.0,0.0,0.0,1076.0
2022-10-22 04:00:00,0.0,427.0,715.0,0.0,88.0,0.0,0.0,0.0,0.0,0.0,922.0
2022-10-22 05:00:00,0.0,415.0,630.0,0.0,165.0,0.0,0.0,0.0,0.0,0.0,926.0
2022-10-22 06:00:00,0.0,396.0,714.0,0.0,246.0,0.0,0.0,0.0,2.0,0.0,859.0
2022-10-22 07:00:00,0.0,410.0,778.0,0.0,318.0,0.0,0.0,0.0,284.0,0.0,733.0
2022-10-22 08:00:00,0.0,423.0,717.0,0.0,247.0,0.0,0.0,0.0,1069.0,0.0,568.0
2022-10-22 09:00:00,0.0,417.0,676.0,0.0,186.0,0.0,0.0,0.0,1745.0,0.0,512.0
2022-10-22 10:00:00,0.0,396.0,663.0,0.0,142.0,0.0,0.0,0.0,2216.0,0.0,413.0
2022-10-22 11:00:00,0.0,395.0,659.0,0.0,142.0,0.0,0.0,0.0,2464.0,0.0,293.0
2022-10-22 12:00:00,0.0,391.0,696.0,0.0,145.0,0.0,0.0,0.0,2505.0,0.0,197.0
2022-10-22 13:00:00,0.0,393.0,705.0,0.0,151.0,0.0,0.0,0.0,2372.0,0.0,178.0
2022-10-22 14:00:00,0.0,392.0,753.0,0.0,160.0,0.0,0.0,0.0,1989.0,0.0,195.0
2022-10-22 15:00:00,0.0,393.0,954.0,0.0,152.0,0.0,0.0,0.0,1437.0,0.0,190.0
2022-10-22 16:00:00,0.0,395.0,1163.0,0.0,306.0,0.0,0.0,0.0,639.0,0.0,172.0
2022-10-22 17:00:00,0.0,436.0,1550.0,0.0,654.0,0.0,0.0,0.0,55.0,0.0,167.0
2022-10-22 18:00:00,0.0,454.0,1711.0,0.0,1165.0,0.0,0.0,0.0,0.0,0.0,174.0
2022-10-22 19:00:00,0.0,455.0,1754.0,0.0,1024.0,0.0,0.0,0.0,0.0,0.0,179.0
2022-10-22 20:00:00,0.0,452.0,1663.0,0.0,734.0,0.0,0.0,0.0,0.0,0.0,212.0
2022-10-22 21:00:00,0.0,449.0,1546.0,0.0,400.0,0.0,0.0,0.0,0.0,0.0,264.0
2022-10-22 22:00:00,0.0,407.0,1535.0,0.0,121.0,0.0,0.0,0.0,0.0,0.0,327.0
2022-10-22 23:00:00,0.0,400.0,1289.0,0.0,71.0,0.0,0.0,0.0,0.0,0.0,363.0
2022-10-23 00:00:00,0.0,376.0,1113.0,0.0,50.0,0.0,0.0,0.0,0.0,0.0,423.0
2022-10-23 01:00:00,0.0,385.0,972.0,0.0,51.0,0.0,0.0,0.0,0.0,0.0,447.0
2022-10-23 02:00:00,0.0,387.0,903.0,0.0,64.0,0.0,0.0,0.0,0.0,0.0,451.0
2022-10-23 03:00:00,0.0,373.0,809.0,0.0,50.0,0.0,0.0,0.0,0.0,0.0,432.0
2022-10-23 04:00:00,0.0,369.0,805.0,0.0,51.0,0.0,0.0,0.0,0.0,0.0,433.0
2022-10-23 05:00:00,0.0,365.0,803.0,0.0,76.0,0.0,0.0,0.0,0.0,0.0,429.0
2022-10-23 06:00:00,0.0,360.0,777.0,0.0,189.0,0.0,0.0,0.0,2.0,0.0,435.0
2022-10-23 07:00:00,0.0,353.0,632.0,0.0,295.0,0.0,0.0,0.0,254.0,0.0,439.0
2022-10-23 08:00:00,0.0,272.0,615.0,0.0,239.0,0.0,0.0,0.0,1122.0,0.0,436.0
2022-10-23 09:00:00,0.0,219.0,635.0,0.0,79.0,0.0,0.0,0.0,1906.0,0.0,381.0
2022-10-23 10:00:00,0.0,217.0,621.0,0.0,88.0,0.0,0.0,0.0,2375.0,0.0,391.0
2022-10-23 11:00:00,0.0,284.0,627.0,0.0,81.0,0.0,0.0,0.0,2659.0,0.0,375.0
2022-10-23 12:00:00,0.0,314.0,637.0,0.0,70.0,0.0,0.0,0.0,2687.0,0.0,373.0
2022-10-23 13:00:00,0.0,344.0,609.0,0.0,51.0,0.0,0.0,0.0,2518.0,0.0,380.0
2022-10-23 14:00:00,0.0,346.0,641.0,0.0,51.0,0.0,0.0,0.0,2142.0,0.0,378.0
2022-10-23 15:00:00,0.0,339.0,672.0,0.0,83.0,0.0,0.0,0.0,1516.0,0.0,386.0
2022-10-23 16:00:00,0.0,340.0,909.0,0.0,97.0,0.0,0.0,0.0,647.0,0.0,403.0
2022-10-23 17:00:00,0.0,378.0,1633.0,0.0,374.0,0.0,0.0,0.0,52.0,0.0,433.0
2022-10-23 18:00:00,0.0,423.0,2040.0,0.0,826.0,0.0,0.0,0.0,0.0,0.0,414.0
2022-10-23 19:00:00,0.0,422.0,2118.0,0.0,1061.0,0.0,0.0,0.0,0.0,0.0,393.0
2022-10-23 20:00:00,0.0,427.0,2150.0,0.0,829.0,0.0,0.0,0.0,0.0,0.0,372.0
2022-10-23 21:00:00,0.0,414.0,1942.0,0.0,522.0,0.0,0.0,0.0,0.0,0.0,359.0
2022-10-23 22:00:00,0.0,399.0,1762.0,0.0,368.0,0.0,0.0,0.0,0.0,0.0,346.0
2022-10-23 23:00:00,0.0,395.0,1496.0,0.0,149.0,0.0,0.0,0.0,0.0,0.0,348.0
2022-10-24 00:00:00,0.0,385.0,1370.0,0.0,51.0,0.0,0.0,0.0,0.0,0.0,371.0
2022-10-24 01:00:00,0.0,381.0,1146.0,0.0,51.0,0.0,0.0,0.0,0.0,0.0,380.0
2022-10-24 02:00:00,0.0,375.0,1143.0,0.0,51.0,0.0,0.0,0.0,0.0,0.0,396.0
2022-10-24 03:00:00,0.0,387.0,1138.0,0.0,51.0,0.0,0.0,0.0,0.0,0.0,447.0
2022-10-24 04:00:00,0.0,388.0,1159.0,0.0,52.0,0.0,0.0,0.0,0.0,0.0,431.0
2022-10-24 05:00:00,0.0,418.0,1582.0,0.0,110.0,0.0,0.0,0.0,0.0,0.0,444.0
2022-10-24 06:00:00,0.0,454.0,2192.0,0.0,432.0,0.0,0.0,0.0,3.0,0.0,428.0
2022-10-24 07:00:00,0.0,456.0,2463.0,0.0,467.0,0.0,0.0,0.0,316.0,0.0,416.0
2022-10-24 08:00:00,0.0,452.0,2088.0,0.0,172.0,0.0,0.0,0.0,1284.0,0.0,336.0
2022-10-24 09:00:00,0.0,408.0,1802.0,0.0,94.0,0.0,0.0,0.0,2172.0,0.0,235.0
2022-10-24 10:00:00,0.0,374.0,1800.0,0.0,98.0,0.0,0.0,0.0,2756.0,0.0,182.0
2022-10-24 11:00:00,0.0,349.0,1769.0,0.0,97.0,0.0,0.0,0.0,3054.0,0.0,156.0
2022-10-24 12:00:00,0.0,347.0,1610.0,0.0,73.0,0.0,0.0,0.0,3100.0,0.0,158.0
2022-10-24 13:00:00,0.0,348.0,1616.0,0.0,47.0,0.0,0.0,0.0,2916.0,0.0,180.0
2022-10-24 14:00:00,0.0,347.0,1605.0,0.0,26.0,0.0,0.0,0.0,2474.0,0.0,188.0
2022-10-24 15:00:00,0.0,348.0,1841.0,0.0,61.0,0.0,0.0,0.0,1737.0,0.0,200.0
2022-10-24 16:00:00,0.0,363.0,2118.0,0.0,313.0,0.0,0.0,0.0,738.0,0.0,202.0
2022-10-24 17:00:00,0.0,410.0,2298.0,0.0,692.0,0.0,0.0,0.0,56.0,0.0,187.0
2022-10-24 18:00:00,0.0,422.0,2428.0,0.0,881.0,0.0,0.0,0.0,0.0,0.0,184.0
2022-10-24 19:00:00,0.0,429.0,2320.0,0.0,995.0,0.0,0.0,0.0,0.0,0.0,190.0
2022-10-24 20:00:00,0.0,456.0,2123.0,0.0,743.0,0.0,0.0,0.0,0.0,0.0,192.0
2022-10-24 21:00:00,0.0,509.0,2072.0,0.0,394.0,0.0,0.0,0.0,0.0,0.0,170.0
2022-10-24 22:00:00,0.0,555.0,2052.0,0.0,160.0,0.0,0.0,0.0,0.0,0.0,158.0
2022-10-24 23:00:00,0.0,574.0,1868.0,0.0,57.0,0.0,0.0,0.0,0.0,0.0,141.0
2022-10-25 00:00:00,0.0,583.0,1583.0,0.0,40.0,0.0,0.0,0.0,0.0,0.0,137.0
2022-10-25 01:00:00,0.0,580.0,1338.0,0.0,26.0,0.0,0.0,0.0,0.0,0.0,129.0
2022-10-25 02:00:00,0.0,572.0,1333.0,0.0,26.0,0.0,0.0,0.0,0.0,0.0,121.0
2022-10-25 03:00:00,0.0,570.0,1363.0,0.0,26.0,0.0,0.0,0.0,0.0,0.0,110.0
2022-10-25 04:00:00,0.0,576.0,1375.0,0.0,27.0,0.0,0.0,0.0,0.0,0.0,105.0
2022-10-25 05:00:00,0.0,592.0,1773.0,0.0,148.0,0.0,0.0,0.0,0.0,0.0,79.0
2022-10-25 06:00:00,0.0,624.0,2341.0,0.0,556.0,0.0,0.0,0.0,2.0,0.0,50.0
2022-10-25 07:00:00,0.0,646.0,2401.0,0.0,580.0,0.0,0.0,0.0,324.0,0.0,46.0
2022-10-25 08:00:00,0.0,662.0,2303.0,0.0,410.0,0.0,0.0,0.0,1334.0,0.0,44.0
2022-10-25 09:00:00,0.0,649.0,2169.0,0.0,261.0,0.0,0.0,0.0,2245.0,0.0,44.0
2022-10-25 10:00:00,0.0,657.0,1720.0,0.0,293.0,0.0,0.0,0.0,2832.0,0.0,45.0
2022-10-25 11:00:00,0.0,631.0,1540.0,0.0,103.0,0.0,0.0,0.0,3073.0,0.0,46.0
2022-10-25 12:00:00,0.0,601.0,1610.0,0.0,170.0,0.0,0.0,0.0,2554.0,0.0,43.0
2022-10-25 13:00:00,0.0,580.0,1498.0,0.0,113.0,0.0,0.0,0.0,2805.0,0.0,45.0
2022-10-25 14:00:00,0.0,554.0,1427.0,0.0,162.0,0.0,0.0,0.0,2571.0,0.0,50.0
2022-10-25 15:00:00,0.0,593.0,1502.0,0.0,271.0,0.0,0.0,0.0,1832.0,0.0,50.0
2022-10-25 16:00:00,0.0,627.0,1780.0,0.0,546.0,0.0,0.0,0.0,790.0,0.0,29.0
2022-10-25 17:00:00,0.0,667.0,2210.0,0.0,811.0,0.0,0.0,0.0,55.0,0.0,19.0
2022-10-25 18:00:00,0.0,657.0,2265.0,0.0,1147.0,0.0,0.0,0.0,0.0,0.0,20.0
2022-10-25 19:00:00,0.0,656.0,2216.0,0.0,1249.0,0.0,0.0,0.0,0.0,0.0,38.0
2022-10-25 20:00:00,0.0,652.0,2267.0,0.0,1199.0,0.0,0.0,0.0,0.0,0.0,54.0
2022-10-25 21:00:00,0.0,633.0,2110.0,0.0,469.0,0.0,0.0,0.0,0.0,0.0,68.0
2022-10-25 22:00:00,0.0,613.0,1949.0,0.0,334.0,0.0,0.0,0.0,0.0,0.0,60.0
2022-10-25 23:00:00,0.0,621.0,1728.0,0.0,179.0,0.0,0.0,0.0,0.0,0.0,70.0
2022-10-26 00:00:00,0.0,639.0,1529.0,0.0,120.0,0.0,0.0,0.0,0.0,0.0,81.0
2022-10-26 01:00:00,0.0,624.0,1487.0,0.0,88.0,0.0,0.0,0.0,0.0,0.0,113.0
2022-10-26 02:00:00,0.0,595.0,1438.0,0.0,45.0,0.0,0.0,0.0,0.0,0.0,138.0
2022-10-26 03:00:00,0.0,571.0,1380.0,0.0,45.0,0.0,0.0,0.0,0.0,0.0,211.0
2022-10-26 04:00:00,0.0,548.0,1443.0,0.0,58.0,0.0,0.0,0.0,0.0,0.0,260.0
2022-10-26 05:00:00,0.0,586.0,1563.0,0.0,128.0,0.0,0.0,0.0,0.0,0.0,327.0
2022-10-26 06:00:00,0.0,572.0,2031.0,0.0,320.0,0.0,0.0,0.0,2.0,0.0,365.0
2022-10-26 07:00:00,0.0,607.0,2218.0,0.0,453.0,0.0,0.0,0.0,310.0,0.0,347.0
2022-10-26 08:00:00,0.0,630.0,2068.0,0.0,404.0,0.0,0.0,0.0,1334.0,0.0,333.0
2022-10-26 09:00:00,0.0,619.0,1942.0,0.0,409.0,0.0,0.0,0.0,2234.0,0.0,272.0
2022-10-26 10:00:00,0.0,569.0,1445.0,0.0,171.0,0.0,0.0,0.0,2795.0,0.0,243.0
2022-10-26 11:00:00,0.0,512.0,1481.0,0.0,126.0,0.0,0.0,0.0,3075.0,0.0,192.0
2022-10-26 12:00:00,0.0,502.0,1484.0,0.0,137.0,0.0,0.0,0.0,3118.0,0.0,174.0
2022-10-26 13:00:00,0.0,539.0,1498.0,0.0,126.0,0.0,0.0,0.0,2921.0,0.0,162.0
2022-10-26 14:00:00,0.0,571.0,1563.0,0.0,120.0,0.0,0.0,0.0,2475.0,0.0,135.0
2022-10-26 15:00:00,0.0,571.0,1642.0,0.0,129.0,0.0,0.0,0.0,1722.0,0.0,158.0
2022-10-26 16:00:00,0.0,576.0,2152.0,0.0,333.0,0.0,0.0,0.0,700.0,0.0,179.0
2022-10-26 17:00:00,0.0,596.0,2364.0,0.0,719.0,0.0,0.0,0.0,46.0,0.0,176.0
2022-10-26 18:00:00,0.0,628.0,2531.0,0.0,1080.0,0.0,0.0,0.0,0.0,0.0,151.0
2022-10-26 19:00:00,0.0,655.0,2430.0,0.0,901.0,0.0,0.0,0.0,0.0,0.0,204.0
2022-10-26 20:00:00,0.0,654.0,2411.0,0.0,441.0,0.0,0.0,0.0,0.0,0.0,217.0
2022-10-26 21:00:00,0.0,660.0,2473.0,0.0,281.0,0.0,0.0,0.0,0.0,0.0,196.0
2022-10-26 22:00:00,0.0,660.0,2188.0,0.0,176.0,0.0,0.0,0.0,0.0,0.0,219.0
2022-10-26 23:00:00,0.0,641.0,1750.0,0.0,133.0,0.0,0.0,0.0,0.0,0.0,261.0
2022-10-27 00:00:00,0.0,617.0,1616.0,0.0,42.0,0.0,0.0,0.0,0.0,0.0,313.0
2022-10-27 01:00:00,0.0,617.0,1347.0,0.0,31.0,0.0,0.0,0.0,0.0,0.0,454.0
2022-10-27 02:00:00,0.0,617.0,1349.0,0.0,33.0,0.0,0.0,0.0,0.0,0.0,551.0
2022-10-27 03:00:00,0.0,620.0,1331.0,0.0,27.0,0.0,0.0,0.0,0.0,0.0,666.0
2022-10-27 04:00:00,0.0,614.0,1283.0,0.0,27.0,0.0,0.0,0.0,0.0,0.0,791.0
2022-10-27 05:00:00,0.0,568.0,1413.0,0.0,85.0,0.0,0.0,0.0,0.0,0.0,835.0
2022-10-27 06:00:00,0.0,600.0,1835.0,0.0,316.0,0.0,0.0,0.0,1.0,0.0,888.0
2022-10-27 07:00:00,0.0,658.0,1914.0,0.0,396.0,0.0,0.0,0.0,213.0,0.0,983.0
2022-10-27 08:00:00,0.0,674.0,1732.0,0.0,216.0,0.0,0.0,0.0,1032.0,0.0,1047.0
2022-10-27 09:00:00,0.0,639.0,1295.0,0.0,139.0,0.0,0.0,0.0,1830.0,0.0,1043.0
2022-10-27 10:00:00,0.0,560.0,1156.0,0.0,131.0,0.0,0.0,0.0,2331.0,0.0,1075.0
2022-10-27 11:00:00,0.0,520.0,1210.0,0.0,117.0,0.0,0.0,0.0,2576.0,0.0,1091.0
2022-10-27 12:00:00,0.0,551.0,1207.0,0.0,112.0,0.0,0.0,0.0,2609.0,0.0,1029.0
2022-10-27 13:00:00,0.0,588.0,1154.0,0.0,104.0,0.0,0.0,0.0,2401.0,0.0,1080.0
2022-10-27 14:00:00,0.0,582.0,1172.0,0.0,83.0,0.0,0.0,0.0,1991.0,0.0,1146.0
2022-10-27 15:00:00,0.0,561.0,1441.0,0.0,152.0,0.0,0.0,0.0,1349.0,0.0,1175.0
2022-10-27 16:00:00,0.0,598.0,1871.0,0.0,428.0,0.0,0.0,0.0,535.0,0.0,1258.0
2022-10-27 17:00:00,0.0,639.0,2099.0,0.0,929.0,0.0,0.0,0.0,35.0,0.0,1382.0
2022-10-27 18:00:00,0.0,646.0,2249.0,0.0,1055.0,0.0,0.0,0.0,0.0,0.0,1447.0
2022-10-27 19:00:00,0.0,644.0,2195.0,0.0,1036.0,0.0,0.0,0.0,0.0,0.0,1491.0
2022-10-27 20:00:00,0.0,645.0,1979.0,0.0,615.0,0.0,0.0,0.0,0.0,0.0,1524.0
2022-10-27 21:00:00,0.0,627.0,1725.0,0.0,288.0,0.0,0.0,0.0,0.0,0.0,1593.0
2022-10-27 22:00:00,0.0,627.0,1581.0,0.0,171.0,0.0,0.0,0.0,0.0,0.0,1648.0
2022-10-27 23:00:00,0.0,566.0,1260.0,0.0,60.0,0.0,0.0,0.0,0.0,0.0,1734.0
2022-10-28 00:00:00,0.0,368.0,1196.0,0.0,73.0,0.0,0.0,0.0,0.0,0.0,1798.0
2022-10-28 01:00:00,0.0,256.0,961.0,0.0,92.0,0.0,0.0,0.0,0.0,0.0,1825.0
2022-10-28 02:00:00,0.0,258.0,894.0,0.0,90.0,0.0,0.0,0.0,0.0,0.0,1879.0
2022-10-28 03:00:00,0.0,267.0,893.0,0.0,92.0,0.0,0.0,0.0,0.0,0.0,1934.0
2022-10-28 04:00:00,0.0,277.0,879.0,0.0,67.0,0.0,0.0,0.0,0.0,0.0,2070.0
2022-10-28 05:00:00,0.0,280.0,868.0,0.0,102.0,0.0,0.0,0.0,0.0,0.0,2215.0
2022-10-28 06:00:00,0.0,255.0,770.0,0.0,193.0,0.0,0.0,0.0,1.0,0.0,2355.0
2022-10-28 07:00:00,0.0,229.0,790.0,0.0,437.0,0.0,0.0,0.0,205.0,0.0,2358.0
2022-10-28 08:00:00,0.0,220.0,498.0,0.0,677.0,0.0,0.0,0.0,977.0,0.0,2293.0
2022-10-28 09:00:00,0.0,238.0,434.0,0.0,230.0,0.0,0.0,0.0,1660.0,0.0,2318.0
2022-10-28 10:00:00,0.0,233.0,452.0,0.0,233.0,0.0,0.0,0.0,2072.0,0.0,2356.0
2022-10-28 11:00:00,0.0,252.0,421.0,0.0,117.0,0.0,0.0,0.0,2321.0,0.0,2357.0
2022-10-28 12:00:00,0.0,287.0,473.0,0.0,184.0,0.0,0.0,0.0,2285.0,0.0,2360.0
2022-10-28 13:00:00,0.0,285.0,488.0,0.0,252.0,0.0,0.0,0.0,2149.0,0.0,2361.0
2022-10-28 14:00:00,0.0,283.0,540.0,0.0,237.0,0.0,0.0,0.0,1902.0,0.0,2336.0
2022-10-28 15:00:00,0.0,285.0,769.0,0.0,136.0,0.0,0.0,0.0,1391.0,0.0,2282.0
2022-10-28 16:00:00,0.0,284.0,1286.0,0.0,287.0,0.0,0.0,0.0,584.0,0.0,2222.0
2022-10-28 17:00:00,0.0,296.0,1607.0,0.0,637.0,0.0,0.0,0.0,31.0,0.0,2227.0
2022-10-28 18:00:00,0.0,297.0,1828.0,0.0,1026.0,0.0,0.0,0.0,0.0,0.0,2293.0
2022-10-28 19:00:00,0.0,297.0,1801.0,0.0,1036.0,0.0,0.0,0.0,0.0,0.0,2328.0
2022-10-28 20:00:00,0.0,297.0,1325.0,0.0,567.0,0.0,0.0,0.0,0.0,0.0,2410.0
2022-10-28 21:00:00,0.0,298.0,1220.0,0.0,294.0,0.0,0.0,0.0,0.0,0.0,2525.0
2022-10-28 22:00:00,0.0,298.0,1203.0,0.0,138.0,0.0,0.0,0.0,0.0,0.0,2578.0
2022-10-28 23:00:00,0.0,296.0,1070.0,0.0,99.0,0.0,0.0,0.0,0.0,0.0,2572.0
2022-10-29 00:00:00,0.0,257.0,953.0,0.0,67.0,0.0,0.0,0.0,0.0,0.0,2545.0
2022-10-29 01:00:00,0.0,216.0,473.0,0.0,67.0,0.0,0.0,0.0,0.0,0.0,2590.0
2022-10-29 02:00:00,0.0,211.0,417.0,0.0,40.0,0.0,0.0,0.0,0.0,0.0,2667.0
2022-10-29 03:00:00,0.0,216.0,418.0,0.0,41.0,0.0,0.0,0.0,0.0,0.0,2661.0
2022-10-29 04:00:00,0.0,219.0,417.0,0.0,41.0,0.0,0.0,0.0,0.0,0.0,2696.0
2022-10-29 05:00:00,0.0,230.0,431.0,0.0,73.0,0.0,0.0,0.0,0.0,0.0,2670.0
2022-10-29 06:00:00,0.0,248.0,530.0,0.0,155.0,0.0,0.0,0.0,1.0,0.0,2633.0
2022-10-29 07:00:00,0.0,249.0,619.0,0.0,158.0,0.0,0.0,0.0,226.0,0.0,2585.0
2022-10-29 08:00:00,0.0,240.0,542.0,0.0,112.0,0.0,0.0,0.0,1142.0,0.0,2550.0
2022-10-29 09:00:00,0.0,202.0,421.0,0.0,42.0,0.0,0.0,0.0,1908.0,0.0,2546.0
2022-10-29 10:00:00,0.0,190.0,258.0,0.0,55.0,0.0,0.0,0.0,2369.0,0.0,2419.0
2022-10-29 11:00:00,0.0,189.0,237.0,0.0,112.0,0.0,0.0,0.0,2604.0,0.0,2204.0
2022-10-29 12:00:00,0.0,190.0,270.0,0.0,114.0,0.0,0.0,0.0,2638.0,0.0,2270.0
2022-10-29 13:00:00,0.0,192.0,241.0,0.0,133.0,0.0,0.0,0.0,2484.0,0.0,2247.0
2022-10-29 14:00:00,0.0,213.0,294.0,0.0,153.0,0.0,0.0,0.0,2120.0,0.0,2127.0
2022-10-29 15:00:00,0.0,238.0,455.0,0.0,95.0,0.0,0.0,0.0,1495.0,0.0,2119.0
2022-10-29 16:00:00,0.0,226.0,747.0,0.0,200.0,0.0,0.0,0.0,614.0,0.0,2073.0
2022-10-29 17:00:00,0.0,264.0,1051.0,0.0,981.0,0.0,0.0,0.0,29.0,0.0,2005.0
2022-10-29 18:00:00,0.0,293.0,1195.0,0.0,1003.0,0.0,0.0,0.0,0.0,0.0,2073.0
2022-10-29 19:00:00,0.0,277.0,1125.0,0.0,1022.0,0.0,0.0,0.0,0.0,0.0,2061.0
2022-10-29 20:00:00,0.0,257.0,975.0,0.0,425.0,0.0,0.0,0.0,0.0,0.0,2074.0
2022-10-29 21:00:00,0.0,252.0,1109.0,0.0,223.0,0.0,0.0,0.0,0.0,0.0,2110.0
2022-10-29 22:00:00,0.0,254.0,1074.0,0.0,126.0,0.0,0.0,0.0,0.0,0.0,2078.0
2022-10-29 23:00:00,0.0,255.0,935.0,0.0,43.0,0.0,0.0,0.0,0.0,0.0,2123.0
2022-10-30 00:00:00,0.0,264.0,846.0,0.0,102.0,0.0,0.0,0.0,0.0,0.0,2174.0
2022-10-30 01:00:00,0.0,295.0,719.0,0.0,92.0,0.0,0.0,0.0,0.0,0.0,2168.0
2022-10-30 02:00:00,0.0,551.0,1234.0,0.0,169.0,0.0,0.0,0.0,0.0,0.0,4368.0
2022-10-30 03:00:00,0.0,205.0,619.0,0.0,86.0,0.0,0.0,0.0,0.0,0.0,2396.0
2022-10-30 04:00:00,0.0,193.0,638.0,0.0,119.0,0.0,0.0,0.0,0.0,0.0,2386.0
2022-10-30 05:00:00,0.0,194.0,691.0,0.0,195.0,0.0,0.0,0.0,0.0,0.0,2373.0
2022-10-30 06:00:00,0.0,201.0,726.0,0.0,254.0,0.0,0.0,0.0,248.0,0.0,2340.0
2022-10-30 07:00:00,0.0,200.0,624.0,0.0,217.0,0.0,0.0,0.0,983.0,0.0,2278.0
2022-10-30 08:00:00,0.0,215.0,643.0,0.0,227.0,0.0,0.0,0.0,1762.0,0.0,1968.0
2022-10-30 09:00:00,0.0,226.0,614.0,0.0,134.0,0.0,0.0,0.0,2296.0,0.0,1920.0
2022-10-30 10:00:00,0.0,197.0,604.0,0.0,129.0,0.0,0.0,0.0,2597.0,0.0,1930.0
2022-10-30 11:00:00,0.0,190.0,624.0,0.0,144.0,0.0,0.0,0.0,2669.0,0.0,1782.0
2022-10-30 12:00:00,0.0,183.0,608.0,0.0,97.0,0.0,0.0,0.0,2502.0,0.0,1592.0
2022-10-30 13:00:00,0.0,186.0,612.0,0.0,121.0,0.0,0.0,0.0,2122.0,0.0,1454.0
2022-10-30 14:00:00,0.0,198.0,875.0,0.0,243.0,0.0,0.0,0.0,1454.0,0.0,1297.0
2022-10-30 15:00:00,0.0,229.0,1089.0,0.0,245.0,0.0,0.0,0.0,597.0,0.0,1183.0
2022-10-30 16:00:00,0.0,241.0,1272.0,0.0,599.0,0.0,0.0,0.0,73.0,0.0,1140.0
2022-10-30 17:00:00,0.0,262.0,1589.0,0.0,915.0,0.0,0.0,0.0,0.0,0.0,1123.0
2022-10-30 18:00:00,0.0,277.0,1538.0,0.0,754.0,0.0,0.0,0.0,0.0,0.0,1094.0
2022-10-30 19:00:00,0.0,280.0,1372.0,0.0,841.0,0.0,0.0,0.0,0.0,0.0,1064.0
2022-10-30 20:00:00,0.0,280.0,1047.0,0.0,431.0,0.0,0.0,0.0,0.0,0.0,1056.0
2022-10-30 21:00:00,0.0,278.0,989.0,0.0,230.0,0.0,0.0,0.0,0.0,0.0,1113.0
2022-10-30 22:00:00,0.0,242.0,1083.0,0.0,157.0,0.0,0.0,0.0,0.0,0.0,1139.0
2022-10-30 23:00:00,0.0,225.0,1000.0,0.0,68.0,0.0,0.0,0.0,0.0,0.0,1130.0
2022-10-31 00:00:00,0.0,205.0,1064.0,0.0,96.0,0.0,0.0,0.0,0.0,0.0,1022.0
2022-10-31 01:00:00,0.0,242.0,1040.0,0.0,94.0,0.0,0.0,0.0,0.0,0.0,1043.0
2022-10-31 02:00:00,0.0,248.0,873.0,0.0,80.0,0.0,0.0,0.0,0.0,0.0,1098.0
2022-10-31 03:00:00,0.0,247.0,871.0,0.0,53.0,0.0,0.0,0.0,0.0,0.0,1111.0
2022-10-31 04:00:00,0.0,247.0,864.0,0.0,54.0,0.0,0.0,0.0,0.0,0.0,1172.0
2022-10-31 05:00:00,0.0,250.0,900.0,0.0,136.0,0.0,0.0,0.0,0.0,0.0,1374.0
2022-10-31 06:00:00,0.0,247.0,982.0,0.0,181.0,0.0,0.0,0.0,227.0,0.0,1382.0
2022-10-31 07:00:00,0.0,249.0,1089.0,0.0,197.0,0.0,0.0,0.0,909.0,0.0,1344.0
2022-10-31 08:00:00,0.0,252.0,1183.0,0.0,117.0,0.0,0.0,0.0,1648.0,0.0,1278.0
2022-10-31 09:00:00,0.0,247.0,1122.0,0.0,81.0,0.0,0.0,0.0,2168.0,0.0,1224.0
2022-10-31 10:00:00,0.0,222.0,1063.0,0.0,69.0,0.0,0.0,0.0,2462.0,0.0,1271.0
2022-10-31 11:00:00,0.0,213.0,1064.0,0.0,70.0,0.0,0.0,0.0,2528.0,0.0,1433.0
2022-10-31 12:00:00,0.0,216.0,1069.0,0.0,66.0,0.0,0.0,0.0,2347.0,0.0,1419.0
2022-10-31 13:00:00,0.0,217.0,1081.0,0.0,50.0,0.0,0.0,0.0,1964.0,0.0,1438.0
2022-10-31 14:00:00,0.0,217.0,1241.0,0.0,177.0,0.0,0.0,0.0,1308.0,0.0,1408.0
2022-10-31 15:00:00,0.0,216.0,1410.0,0.0,137.0,0.0,0.0,0.0,517.0,0.0,1384.0
2022-10-31 16:00:00,0.0,213.0,1615.0,0.0,338.0,0.0,0.0,0.0,61.0,0.0,1317.0
2022-10-31 17:00:00,0.0,211.0,1938.0,0.0,711.0,0.0,0.0,0.0,0.0,0.0,1421.0
2022-10-31 18:00:00,0.0,211.0,1771.0,0.0,906.0,0.0,0.0,0.0,0.0,0.0,1503.0
2022-10-31 19:00:00,0.0,215.0,1798.0,0.0,849.0,0.0,0.0,0.0,0.0,0.0,1598.0
2022-10-31 20:00:00,0.0,246.0,1418.0,0.0,489.0,0.0,0.0,0.0,0.0,0.0,1609.0
2022-10-31 21:00:00,0.0,221.0,1418.0,0.0,135.0,0.0,0.0,0.0,0.0,0.0,1645.0
2022-10-31 22:00:00,0.0,221.0,1406.0,0.0,104.0,0.0,0.0,0.0,0.0,0.0,1633.0
2022-10-31 23:00:00,0.0,228.0,1437.0,0.0,49.0,0.0,0.0,0.0,0.0,0.0,1604.0
2022-11-01 00:00:00,0.0,196.0,1148.0,0.0,60.0,0.0,0.0,0.0,0.0,0.0,1675.0
2022-11-01 01:00:00,0.0,184.0,767.0,0.0,73.0,0.0,0.0,0.0,0.0,0.0,1707.0
2022-11-01 02:00:00,0.0,187.0,611.0,0.0,70.0,0.0,0.0,0.0,0.0,0.0,1777.0
2022-11-01 03:00:00,0.0,187.0,598.0,0.0,55.0,0.0,0.0,0.0,0.0,0.0,1819.0
2022-11-01 04:00:00,0.0,179.0,634.0,0.0,74.0,0.0,0.0,0.0,0.0,0.0,1812.0
2022-11-01 05:00:00,0.0,168.0,632.0,0.0,159.0,0.0,0.0,0.0,0.0,0.0,1779.0
2022-11-01 06:00:00,0.0,173.0,967.0,0.0,198.0,0.0,0.0,0.0,225.0,0.0,1751.0
2022-11-01 07:00:00,0.0,188.0,1169.0,0.0,210.0,0.0,0.0,0.0,1154.0,0.0,1684.0
2022-11-01 08:00:00,0.0,194.0,1157.0,0.0,111.0,0.0,0.0,0.0,2061.0,0.0,1667.0
2022-11-01 09:00:00,0.0,193.0,1193.0,0.0,127.0,0.0,0.0,0.0,2580.0,0.0,1673.0
2022-11-01 10:00:00,0.0,211.0,1208.0,0.0,137.0,0.0,0.0,0.0,2856.0,0.0,1746.0
2022-11-01 11:00:00,0.0,200.0,1226.0,0.0,113.0,0.0,0.0,0.0,2894.0,0.0,1702.0
2022-11-01 12:00:00,0.0,193.0,1174.0,0.0,148.0,0.0,0.0,0.0,2716.0,0.0,1684.0
2022-11-01 13:00:00,0.0,194.0,1231.0,0.0,147.0,0.0,0.0,0.0,2291.0,0.0,1625.0
2022-11-01 14:00:00,0.0,205.0,1179.0,0.0,104.0,0.0,0.0,0.0,1572.0,0.0,1571.0
2022-11-01 15:00:00,0.0,298.0,1301.0,0.0,71.0,0.0,0.0,0.0,578.0,0.0,1463.0
2022-11-01 16:00:00,0.0,409.0,1625.0,0.0,302.0,0.0,0.0,0.0,23.0,0.0,1314.0
2022-11-01 17:00:00,0.0,457.0,1786.0,0.0,758.0,0.0,0.0,0.0,0.0,0.0,1169.0
2022-11-01 18:00:00,0.0,485.0,1601.0,0.0,996.0,0.0,0.0,0.0,0.0,0.0,1031.0
2022-11-01 19:00:00,0.0,499.0,1605.0,0.0,961.0,0.0,0.0,0.0,0.0,0.0,969.0
2022-11-01 20:00:00,0.0,495.0,1404.0,0.0,409.0,0.0,0.0,0.0,0.0,0.0,941.0
2022-11-01 21:00:00,0.0,469.0,1359.0,0.0,194.0,0.0,0.0,0.0,0.0,0.0,954.0
2022-11-01 22:00:00,0.0,460.0,1150.0,0.0,177.0,0.0,0.0,0.0,0.0,0.0,997.0
2022-11-01 23:00:00,0.0,459.0,1113.0,0.0,60.0,0.0,0.0,0.0,0.0,0.0,1008.0
2022-11-02 00:00:00,0.0,429.0,1060.0,0.0,3.0,0.0,0.0,0.0,0.0,0.0,987.0
2022-11-02 01:00:00,0.0,441.0,891.0,0.0,24.0,0.0,0.0,0.0,0.0,0.0,957.0
2022-11-02 02:00:00,0.0,437.0,891.0,0.0,30.0,0.0,0.0,0.0,0.0,0.0,850.0
2022-11-02 03:00:00,0.0,429.0,889.0,0.0,30.0,0.0,0.0,0.0,0.0,0.0,818.0
2022-11-02 04:00:00,0.0,438.0,935.0,0.0,32.0,0.0,0.0,0.0,0.0,0.0,777.0
2022-11-02 05:00:00,0.0,443.0,1061.0,0.0,85.0,0.0,0.0,0.0,0.0,0.0,747.0
2022-11-02 06:00:00,0.0,459.0,1625.0,0.0,165.0,0.0,0.0,0.0,220.0,0.0,673.0
2022-11-02 07:00:00,0.0,473.0,1831.0,0.0,107.0,0.0,0.0,0.0,1140.0,0.0,442.0
2022-11-02 08:00:00,0.0,485.0,1894.0,0.0,78.0,0.0,0.0,0.0,2055.0,0.0,271.0
2022-11-02 09:00:00,0.0,468.0,1791.0,0.0,80.0,0.0,0.0,0.0,2574.0,0.0,191.0
2022-11-02 10:00:00,0.0,452.0,1565.0,0.0,81.0,0.0,0.0,0.0,2830.0,0.0,157.0
2022-11-02 11:00:00,0.0,451.0,1610.0,0.0,106.0,0.0,0.0,0.0,2862.0,0.0,144.0
2022-11-02 12:00:00,0.0,446.0,1712.0,0.0,115.0,0.0,0.0,0.0,2663.0,0.0,140.0
2022-11-02 13:00:00,0.0,450.0,1677.0,0.0,90.0,0.0,0.0,0.0,2216.0,0.0,165.0
2022-11-02 14:00:00,0.0,458.0,2046.0,0.0,119.0,0.0,0.0,0.0,1486.0,0.0,182.0
2022-11-02 15:00:00,0.0,483.0,2396.0,0.0,399.0,0.0,0.0,0.0,527.0,0.0,170.0
2022-11-02 16:00:00,0.0,525.0,2755.0,0.0,465.0,0.0,0.0,0.0,20.0,0.0,197.0
2022-11-02 17:00:00,0.0,534.0,3042.0,0.0,746.0,0.0,0.0,0.0,0.0,0.0,204.0
2022-11-02 18:00:00,0.0,536.0,3035.0,0.0,771.0,0.0,0.0,0.0,0.0,0.0,194.0
2022-11-02 19:00:00,0.0,537.0,2843.0,0.0,805.0,0.0,0.0,0.0,0.0,0.0,197.0
2022-11-02 20:00:00,0.0,517.0,2615.0,0.0,313.0,0.0,0.0,0.0,0.0,0.0,194.0
2022-11-02 21:00:00,0.0,502.0,2379.0,0.0,170.0,0.0,0.0,0.0,0.0,0.0,224.0
2022-11-02 22:00:00,0.0,521.0,2030.0,0.0,116.0,0.0,0.0,0.0,0.0,0.0,261.0
2022-11-02 23:00:00,0.0,481.0,1706.0,0.0,26.0,0.0,0.0,0.0,0.0,0.0,329.0
2022-11-03 00:00:00,0.0,495.0,1631.0,0.0,26.0,0.0,0.0,0.0,0.0,0.0,362.0
2022-11-03 01:00:00,0.0,495.0,1143.0,0.0,26.0,0.0,0.0,0.0,0.0,0.0,346.0
2022-11-03 02:00:00,0.0,512.0,1096.0,0.0,26.0,0.0,0.0,0.0,0.0,0.0,319.0
2022-11-03 03:00:00,0.0,515.0,1152.0,0.0,26.0,0.0,0.0,0.0,0.0,0.0,303.0
2022-11-03 04:00:00,0.0,513.0,1251.0,0.0,26.0,0.0,0.0,0.0,0.0,0.0,302.0
2022-11-03 05:00:00,0.0,530.0,1452.0,0.0,53.0,0.0,0.0,0.0,0.0,0.0,295.0
2022-11-03 06:00:00,0.0,538.0,1725.0,0.0,129.0,0.0,0.0,0.0,122.0,0.0,298.0
2022-11-03 07:00:00,0.0,505.0,2002.0,0.0,106.0,0.0,0.0,0.0,713.0,0.0,272.0
2022-11-03 08:00:00,0.0,514.0,2087.0,0.0,60.0,0.0,0.0,0.0,1644.0,0.0,172.0
2022-11-03 09:00:00,0.0,517.0,1870.0,0.0,65.0,0.0,0.0,0.0,2076.0,0.0,113.0
2022-11-03 10:00:00,0.0,513.0,1725.0,0.0,74.0,0.0,0.0,0.0,2299.0,0.0,81.0
2022-11-03 11:00:00,0.0,484.0,1765.0,0.0,95.0,0.0,0.0,0.0,2329.0,0.0,73.0
2022-11-03 12:00:00,0.0,482.0,1852.0,0.0,99.0,0.0,0.0,0.0,2173.0,0.0,71.0
2022-11-03 13:00:00,0.0,501.0,1884.0,0.0,79.0,0.0,0.0,0.0,1798.0,0.0,79.0
2022-11-03 14:00:00,0.0,549.0,2126.0,0.0,92.0,0.0,0.0,0.0,1193.0,0.0,77.0
2022-11-03 15:00:00,0.0,549.0,2567.0,0.0,249.0,0.0,0.0,0.0,411.0,0.0,59.0
2022-11-03 16:00:00,0.0,550.0,3179.0,0.0,505.0,0.0,0.0,0.0,15.0,0.0,69.0
2022-11-03 17:00:00,0.0,548.0,3249.0,0.0,762.0,0.0,0.0,0.0,0.0,0.0,110.0
2022-11-03 18:00:00,0.0,544.0,3132.0,0.0,775.0,0.0,0.0,0.0,0.0,0.0,125.0
2022-11-03 19:00:00,0.0,543.0,3044.0,0.0,697.0,0.0,0.0,0.0,0.0,0.0,127.0
2022-11-03 20:00:00,0.0,548.0,2645.0,0.0,275.0,0.0,0.0,0.0,0.0,0.0,130.0
2022-11-03 21:00:00,0.0,543.0,2315.0,0.0,182.0,0.0,0.0,0.0,0.0,0.0,129.0
2022-11-03 22:00:00,0.0,546.0,2040.0,0.0,130.0,0.0,0.0,0.0,0.0,0.0,118.0
2022-11-03 23:00:00,0.0,531.0,1908.0,0.0,34.0,0.0,0.0,0.0,0.0,0.0,114.0
2022-11-04 00:00:00,0.0,534.0,1581.0,0.0,3.0,0.0,0.0,0.0,0.0,0.0,102.0
2022-11-04 01:00:00,0.0,495.0,1410.0,0.0,3.0,0.0,0.0,0.0,0.0,0.0,106.0
2022-11-04 02:00:00,0.0,488.0,1345.0,0.0,3.0,0.0,0.0,0.0,0.0,0.0,103.0
2022-11-04 03:00:00,0.0,511.0,1385.0,0.0,3.0,0.0,0.0,0.0,0.0,0.0,113.0
2022-11-04 04:00:00,0.0,530.0,1413.0,0.0,4.0,0.0,0.0,0.0,0.0,0.0,150.0
2022-11-04 05:00:00,0.0,533.0,1715.0,0.0,36.0,0.0,0.0,0.0,0.0,0.0,162.0
2022-11-04 06:00:00,0.0,534.0,1954.0,0.0,125.0,0.0,0.0,0.0,100.0,0.0,173.0
2022-11-04 07:00:00,0.0,528.0,2079.0,0.0,170.0,0.0,0.0,0.0,598.0,0.0,160.0
2022-11-04 08:00:00,0.0,498.0,2189.0,0.0,244.0,0.0,0.0,0.0,1467.0,0.0,162.0
2022-11-04 09:00:00,0.0,491.0,2136.0,0.0,230.0,0.0,0.0,0.0,1925.0,0.0,187.0
2022-11-04 10:00:00,0.0,506.0,1775.0,0.0,210.0,0.0,0.0,0.0,2149.0,0.0,241.0
2022-11-04 11:00:00,0.0,549.0,1695.0,0.0,153.0,0.0,0.0,0.0,2202.0,0.0,305.0
2022-11-04 12:00:00,0.0,553.0,1824.0,0.0,83.0,0.0,0.0,0.0,2058.0,0.0,377.0
2022-11-04 13:00:00,0.0,551.0,2107.0,0.0,68.0,0.0,0.0,0.0,1657.0,0.0,464.0
2022-11-04 14:00:00,0.0,556.0,2329.0,0.0,74.0,0.0,0.0,0.0,1047.0,0.0,548.0
2022-11-04 15:00:00,0.0,555.0,2166.0,0.0,83.0,0.0,0.0,0.0,360.0,0.0,619.0
2022-11-04 16:00:00,0.0,547.0,2526.0,0.0,431.0,0.0,0.0,0.0,14.0,0.0,712.0
2022-11-04 17:00:00,0.0,541.0,2561.0,0.0,572.0,0.0,0.0,0.0,0.0,0.0,785.0
2022-11-04 18:00:00,0.0,542.0,2511.0,0.0,581.0,0.0,0.0,0.0,0.0,0.0,877.0
2022-11-04 19:00:00,0.0,543.0,2400.0,0.0,675.0,0.0,0.0,0.0,0.0,0.0,927.0
2022-11-04 20:00:00,0.0,543.0,2263.0,0.0,282.0,0.0,0.0,0.0,0.0,0.0,939.0
2022-11-04 21:00:00,0.0,558.0,2071.0,0.0,213.0,0.0,0.0,0.0,0.0,0.0,931.0
2022-11-04 22:00:00,0.0,562.0,1832.0,0.0,330.0,0.0,0.0,0.0,0.0,0.0,894.0
2022-11-04 23:00:00,0.0,540.0,1754.0,0.0,182.0,0.0,0.0,0.0,0.0,0.0,813.0
2022-11-05 00:00:00,0.0,399.0,1398.0,0.0,3.0,0.0,0.0,0.0,0.0,0.0,831.0
2022-11-05 01:00:00,0.0,255.0,1192.0,0.0,3.0,0.0,0.0,0.0,0.0,0.0,853.0
2022-11-05 02:00:00,0.0,256.0,987.0,0.0,3.0,0.0,0.0,0.0,0.0,0.0,846.0
2022-11-05 03:00:00,0.0,240.0,768.0,0.0,3.0,0.0,0.0,0.0,0.0,0.0,850.0
2022-11-05 04:00:00,0.0,245.0,794.0,0.0,3.0,0.0,0.0,0.0,0.0,0.0,847.0
2022-11-05 05:00:00,0.0,236.0,870.0,0.0,30.0,0.0,0.0,0.0,0.0,0.0,880.0
2022-11-05 06:00:00,0.0,226.0,858.0,0.0,80.0,0.0,0.0,0.0,95.0,0.0,957.0
2022-11-05 07:00:00,0.0,240.0,942.0,0.0,154.0,0.0,0.0,0.0,513.0,0.0,941.0
2022-11-05 08:00:00,0.0,247.0,868.0,0.0,92.0,0.0,0.0,0.0,1243.0,0.0,982.0
2022-11-05 09:00:00,0.0,237.0,923.0,0.0,35.0,0.0,0.0,0.0,1601.0,0.0,1184.0
2022-11-05 10:00:00,0.0,229.0,837.0,0.0,34.0,0.0,0.0,0.0,1764.0,0.0,1364.0
2022-11-05 11:00:00,0.0,230.0,1089.0,0.0,57.0,0.0,0.0,0.0,1695.0,0.0,1516.0
2022-11-05 12:00:00,0.0,232.0,1150.0,0.0,56.0,0.0,0.0,0.0,1573.0,0.0,1656.0
2022-11-05 13:00:00,0.0,231.0,1332.0,0.0,55.0,0.0,0.0,0.0,1247.0,0.0,1743.0
2022-11-05 14:00:00,0.0,235.0,1286.0,0.0,30.0,0.0,0.0,0.0,687.0,0.0,1829.0
2022-11-05 15:00:00,0.0,234.0,1267.0,0.0,3.0,0.0,0.0,0.0,162.0,0.0,1948.0
2022-11-05 16:00:00,0.0,242.0,1655.0,0.0,23.0,0.0,0.0,0.0,2.0,0.0,2087.0
2022-11-05 17:00:00,0.0,257.0,1888.0,0.0,670.0,0.0,0.0,0.0,0.0,0.0,2103.0
2022-11-05 18:00:00,0.0,263.0,1626.0,0.0,838.0,0.0,0.0,0.0,0.0,0.0,1994.0
2022-11-05 19:00:00,0.0,263.0,1578.0,0.0,460.0,0.0,0.0,0.0,0.0,0.0,1902.0
2022-11-05 20:00:00,0.0,247.0,1429.0,0.0,307.0,0.0,0.0,0.0,0.0,0.0,1880.0
2022-11-05 21:00:00,0.0,228.0,1193.0,0.0,109.0,0.0,0.0,0.0,0.0,0.0,1928.0
2022-11-05 22:00:00,0.0,205.0,825.0,0.0,31.0,0.0,0.0,0.0,0.0,0.0,1957.0
2022-11-05 23:00:00,0.0,189.0,755.0,0.0,3.0,0.0,0.0,0.0,0.0,0.0,1904.0
2022-11-06 00:00:00,0.0,190.0,927.0,0.0,31.0,0.0,0.0,0.0,0.0,0.0,1774.0
2022-11-06 01:00:00,0.0,189.0,888.0,0.0,31.0,0.0,0.0,0.0,0.0,0.0,1692.0
2022-11-06 02:00:00,0.0,190.0,733.0,0.0,31.0,0.0,0.0,0.0,0.0,0.0,1667.0
2022-11-06 03:00:00,0.0,194.0,702.0,0.0,31.0,0.0,0.0,0.0,0.0,0.0,1677.0
2022-11-06 04:00:00,0.0,188.0,716.0,0.0,31.0,0.0,0.0,0.0,0.0,0.0,1563.0
2022-11-06 05:00:00,0.0,189.0,726.0,0.0,57.0,0.0,0.0,0.0,0.0,0.0,1462.0
2022-11-06 06:00:00,0.0,199.0,723.0,0.0,119.0,0.0,0.0,0.0,0.0,0.0,1310.0
2022-11-06 07:00:00,0.0,206.0,888.0,0.0,140.0,0.0,0.0,0.0,1.0,0.0,1251.0
2022-11-06 08:00:00,0.0,227.0,1159.0,0.0,193.0,0.0,0.0,0.0,2.0,0.0,1067.0
2022-11-06 09:00:00,0.0,227.0,1163.0,0.0,334.0,0.0,0.0,0.0,4.0,0.0,824.0
2022-11-06 10:00:00,0.0,214.0,1087.0,0.0,336.0,0.0,0.0,0.0,6.0,0.0,691.0
2022-11-06 11:00:00,0.0,213.0,1418.0,0.0,344.0,0.0,0.0,0.0,3.0,0.0,481.0
2022-11-06 12:00:00,0.0,214.0,1418.0,0.0,147.0,0.0,0.0,0.0,3.0,0.0,510.0
2022-11-06 13:00:00,0.0,216.0,1334.0,0.0,80.0,0.0,0.0,0.0,2.0,0.0,530.0
2022-11-06 14:00:00,0.0,217.0,1436.0,0.0,55.0,0.0,0.0,0.0,1.0,0.0,545.0
2022-11-06 15:00:00,0.0,215.0,1831.0,0.0,61.0,0.0,0.0,0.0,0.0,0.0,518.0
2022-11-06 16:00:00,0.0,216.0,2163.0,0.0,272.0,0.0,0.0,0.0,0.0,0.0,499.0
2022-11-06 17:00:00,0.0,217.0,2528.0,0.0,617.0,0.0,0.0,0.0,0.0,0.0,421.0
2022-11-06 18:00:00,0.0,216.0,2510.0,0.0,855.0,0.0,0.0,0.0,0.0,0.0,450.0
2022-11-06 19:00:00,0.0,217.0,2434.0,0.0,688.0,0.0,0.0,0.0,0.0,0.0,423.0
2022-11-06 20:00:00,0.0,218.0,2444.0,0.0,367.0,0.0,0.0,0.0,0.0,0.0,400.0
2022-11-06 21:00:00,0.0,216.0,2171.0,0.0,143.0,0.0,0.0,0.0,0.0,0.0,466.0
2022-11-06 22:00:00,0.0,214.0,2025.0,0.0,93.0,0.0,0.0,0.0,0.0,0.0,580.0
2022-11-06 23:00:00,0.0,204.0,1445.0,0.0,33.0,0.0,0.0,0.0,0.0,0.0,790.0
2022-11-07 00:00:00,0.0,186.0,1095.0,0.0,4.0,0.0,0.0,0.0,0.0,0.0,916.0
2022-11-07 01:00:00,0.0,186.0,723.0,0.0,39.0,0.0,0.0,0.0,0.0,0.0,1120.0
2022-11-07 02:00:00,0.0,188.0,718.0,0.0,68.0,0.0,0.0,0.0,0.0,0.0,1367.0
2022-11-07 03:00:00,0.0,191.0,944.0,0.0,73.0,0.0,0.0,0.0,0.0,0.0,1357.0
2022-11-07 04:00:00,0.0,205.0,858.0,0.0,71.0,0.0,0.0,0.0,0.0,0.0,1522.0
2022-11-07 05:00:00,0.0,215.0,1002.0,0.0,93.0,0.0,0.0,0.0,0.0,0.0,1660.0
2022-11-07 06:00:00,0.0,221.0,1811.0,0.0,252.0,0.0,0.0,0.0,64.0,0.0,1643.0
2022-11-07 07:00:00,0.0,220.0,1868.0,0.0,276.0,0.0,0.0,0.0,634.0,0.0,1551.0
2022-11-07 08:00:00,0.0,224.0,1962.0,0.0,214.0,0.0,0.0,0.0,1268.0,0.0,1436.0
2022-11-07 09:00:00,0.0,226.0,1885.0,0.0,180.0,0.0,0.0,0.0,1694.0,0.0,1521.0
2022-11-07 10:00:00,0.0,225.0,1702.0,0.0,139.0,0.0,0.0,0.0,1929.0,0.0,1468.0
2022-11-07 11:00:00,0.0,227.0,1556.0,0.0,58.0,0.0,0.0,0.0,2002.0,0.0,1394.0
2022-11-07 12:00:00,0.0,230.0,1672.0,0.0,65.0,0.0,0.0,0.0,1839.0,0.0,1357.0
2022-11-07 13:00:00,0.0,227.0,1733.0,0.0,44.0,0.0,0.0,0.0,1519.0,0.0,1349.0
2022-11-07 14:00:00,0.0,226.0,2205.0,0.0,87.0,0.0,0.0,0.0,1010.0,0.0,1289.0
2022-11-07 15:00:00,0.0,228.0,2656.0,0.0,185.0,0.0,0.0,0.0,331.0,0.0,1291.0
2022-11-07 16:00:00,0.0,229.0,2720.0,0.0,306.0,0.0,0.0,0.0,9.0,0.0,1308.0
2022-11-07 17:00:00,0.0,226.0,2875.0,0.0,597.0,0.0,0.0,0.0,0.0,0.0,1265.0
2022-11-07 18:00:00,0.0,227.0,2793.0,0.0,706.0,0.0,0.0,0.0,0.0,0.0,1189.0
2022-11-07 19:00:00,0.0,227.0,2776.0,0.0,689.0,0.0,0.0,0.0,0.0,0.0,1161.0
2022-11-07 20:00:00,0.0,224.0,2752.0,0.0,449.0,0.0,0.0,0.0,0.0,0.0,1087.0
2022-11-07 21:00:00,0.0,228.0,2460.0,0.0,185.0,0.0,0.0,0.0,0.0,0.0,1058.0
2022-11-07 22:00:00,0.0,226.0,2143.0,0.0,149.0,0.0,0.0,0.0,0.0,0.0,988.0
2022-11-07 23:00:00,0.0,226.0,1603.0,0.0,77.0,0.0,0.0,0.0,0.0,0.0,973.0
2022-11-08 00:00:00,0.0,214.0,1419.0,0.0,53.0,0.0,0.0,0.0,0.0,0.0,921.0
2022-11-08 01:00:00,0.0,212.0,1222.0,0.0,53.0,0.0,0.0,0.0,0.0,0.0,841.0
2022-11-08 02:00:00,0.0,210.0,1158.0,0.0,53.0,0.0,0.0,0.0,0.0,0.0,817.0
2022-11-08 03:00:00,0.0,216.0,1171.0,0.0,53.0,0.0,0.0,0.0,0.0,0.0,841.0
2022-11-08 04:00:00,0.0,204.0,1113.0,0.0,55.0,0.0,0.0,0.0,0.0,0.0,904.0
2022-11-08 05:00:00,0.0,200.0,1344.0,0.0,118.0,0.0,0.0,0.0,0.0,0.0,911.0
2022-11-08 06:00:00,0.0,213.0,1749.0,0.0,318.0,0.0,0.0,0.0,106.0,0.0,882.0
2022-11-08 07:00:00,0.0,221.0,1840.0,0.0,477.0,0.0,0.0,0.0,815.0,0.0,859.0
2022-11-08 08:00:00,0.0,228.0,1800.0,0.0,452.0,0.0,0.0,0.0,1648.0,0.0,768.0
2022-11-08 09:00:00,0.0,228.0,1775.0,0.0,363.0,0.0,0.0,0.0,2213.0,0.0,638.0
2022-11-08 10:00:00,0.0,228.0,1681.0,0.0,339.0,0.0,0.0,0.0,2526.0,0.0,586.0
2022-11-08 11:00:00,0.0,226.0,1869.0,0.0,236.0,0.0,0.0,0.0,2567.0,0.0,618.0
2022-11-08 12:00:00,0.0,237.0,1731.0,0.0,193.0,0.0,0.0,0.0,2414.0,0.0,606.0
2022-11-08 13:00:00,0.0,352.0,1791.0,0.0,96.0,0.0,0.0,0.0,2036.0,0.0,621.0
2022-11-08 14:00:00,0.0,451.0,1974.0,0.0,149.0,0.0,0.0,0.0,1336.0,0.0,574.0
2022-11-08 15:00:00,0.0,482.0,2481.0,0.0,318.0,0.0,0.0,0.0,413.0,0.0,560.0
2022-11-08 16:00:00,0.0,508.0,2805.0,0.0,784.0,0.0,0.0,0.0,10.0,0.0,548.0
2022-11-08 17:00:00,0.0,520.0,2854.0,0.0,931.0,0.0,0.0,0.0,0.0,0.0,534.0
2022-11-08 18:00:00,0.0,521.0,2770.0,0.0,1105.0,0.0,0.0,0.0,0.0,0.0,507.0
2022-11-08 19:00:00,0.0,507.0,2721.0,0.0,943.0,0.0,0.0,0.0,0.0,0.0,518.0
2022-11-08 20:00:00,0.0,505.0,2334.0,0.0,585.0,0.0,0.0,0.0,0.0,0.0,553.0
2022-11-08 21:00:00,0.0,517.0,2112.0,0.0,208.0,0.0,0.0,0.0,0.0,0.0,494.0
2022-11-08 22:00:00,0.0,524.0,1860.0,0.0,159.0,0.0,0.0,0.0,0.0,0.0,504.0
2022-11-08 23:00:00,0.0,527.0,1742.0,0.0,81.0,0.0,0.0,0.0,0.0,0.0,507.0
2022-11-09 00:00:00,0.0,509.0,1564.0,0.0,55.0,0.0,0.0,0.0,0.0,0.0,521.0
2022-11-09 01:00:00,0.0,510.0,1699.0,0.0,55.0,0.0,0.0,0.0,0.0,0.0,533.0
2022-11-09 02:00:00,0.0,506.0,1700.0,0.0,55.0,0.0,0.0,0.0,0.0,0.0,587.0
2022-11-09 03:00:00,0.0,501.0,1675.0,0.0,55.0,0.0,0.0,0.0,0.0,0.0,587.0
2022-11-09 04:00:00,0.0,503.0,1706.0,0.0,55.0,0.0,0.0,0.0,0.0,0.0,615.0
2022-11-09 05:00:00,0.0,503.0,1886.0,0.0,198.0,0.0,0.0,0.0,0.0,0.0,557.0
2022-11-09 06:00:00,0.0,509.0,2228.0,0.0,591.0,0.0,0.0,0.0,80.0,0.0,569.0
2022-11-09 07:00:00,0.0,509.0,2365.0,0.0,860.0,0.0,0.0,0.0,577.0,0.0,590.0
2022-11-09 08:00:00,0.0,506.0,2242.0,0.0,880.0,0.0,0.0,0.0,1177.0,0.0,567.0
2022-11-09 09:00:00,0.0,502.0,2297.0,0.0,733.0,0.0,0.0,0.0,1625.0,0.0,525.0
2022-11-09 10:00:00,0.0,505.0,2243.0,0.0,636.0,0.0,0.0,0.0,1904.0,0.0,470.0
2022-11-09 11:00:00,0.0,502.0,2291.0,0.0,603.0,0.0,0.0,0.0,2033.0,0.0,462.0
2022-11-09 12:00:00,0.0,491.0,2293.0,0.0,570.0,0.0,0.0,0.0,1977.0,0.0,513.0
2022-11-09 13:00:00,0.0,493.0,2518.0,0.0,678.0,0.0,0.0,0.0,1707.0,0.0,501.0
2022-11-09 14:00:00,0.0,486.0,2703.0,0.0,398.0,0.0,0.0,0.0,1149.0,0.0,524.0
2022-11-09 15:00:00,0.0,487.0,2934.0,0.0,691.0,0.0,0.0,0.0,356.0,0.0,559.0
2022-11-09 16:00:00,0.0,493.0,2900.0,0.0,1140.0,0.0,0.0,0.0,8.0,0.0,599.0
2022-11-09 17:00:00,0.0,488.0,2951.0,0.0,1187.0,0.0,0.0,0.0,0.0,0.0,557.0
2022-11-09 18:00:00,0.0,491.0,3032.0,0.0,1005.0,0.0,0.0,0.0,0.0,0.0,494.0
2022-11-09 19:00:00,0.0,500.0,3095.0,0.0,838.0,0.0,0.0,0.0,0.0,0.0,499.0
2022-11-09 20:00:00,0.0,493.0,2882.0,0.0,523.0,0.0,0.0,0.0,0.0,0.0,530.0
2022-11-09 21:00:00,0.0,497.0,2769.0,0.0,200.0,0.0,0.0,0.0,0.0,0.0,598.0
2022-11-09 22:00:00,0.0,496.0,2457.0,0.0,144.0,0.0,0.0,0.0,0.0,0.0,645.0
2022-11-09 23:00:00,0.0,499.0,2055.0,0.0,82.0,0.0,0.0,0.0,0.0,0.0,644.0
2022-11-10 00:00:00,0.0,501.0,2183.0,0.0,58.0,0.0,0.0,0.0,0.0,0.0,645.0
2022-11-10 01:00:00,0.0,476.0,1994.0,0.0,58.0,0.0,0.0,0.0,0.0,0.0,670.0
2022-11-10 02:00:00,0.0,504.0,1851.0,0.0,58.0,0.0,0.0,0.0,0.0,0.0,669.0
2022-11-10 03:00:00,0.0,503.0,1852.0,0.0,58.0,0.0,0.0,0.0,0.0,0.0,689.0
2022-11-10 04:00:00,0.0,505.0,2119.0,0.0,58.0,0.0,0.0,0.0,0.0,0.0,703.0
2022-11-10 05:00:00,0.0,504.0,2313.0,0.0,275.0,0.0,0.0,0.0,0.0,0.0,694.0
2022-11-10 06:00:00,0.0,507.0,2591.0,0.0,550.0,0.0,0.0,0.0,97.0,0.0,717.0
2022-11-10 07:00:00,0.0,508.0,2528.0,0.0,402.0,0.0,0.0,0.0,737.0,0.0,621.0
2022-11-10 08:00:00,0.0,509.0,2656.0,0.0,348.0,0.0,0.0,0.0,1545.0,0.0,553.0
2022-11-10 09:00:00,0.0,511.0,2534.0,0.0,284.0,0.0,0.0,0.0,2192.0,0.0,506.0
2022-11-10 10:00:00,0.0,511.0,2344.0,0.0,264.0,0.0,0.0,0.0,2498.0,0.0,531.0
2022-11-10 11:00:00,0.0,511.0,2410.0,0.0,279.0,0.0,0.0,0.0,2579.0,0.0,481.0
2022-11-10 12:00:00,0.0,512.0,2339.0,0.0,290.0,0.0,0.0,0.0,2439.0,0.0,464.0
2022-11-10 13:00:00,0.0,527.0,2467.0,0.0,244.0,0.0,0.0,0.0,2057.0,0.0,430.0
2022-11-10 14:00:00,0.0,521.0,2667.0,0.0,335.0,0.0,0.0,0.0,1345.0,0.0,391.0
2022-11-10 15:00:00,0.0,527.0,2848.0,0.0,447.0,0.0,0.0,0.0,406.0,0.0,401.0
2022-11-10 16:00:00,0.0,540.0,3058.0,0.0,822.0,0.0,0.0,0.0,8.0,0.0,465.0
2022-11-10 17:00:00,0.0,549.0,3089.0,0.0,1119.0,0.0,0.0,0.0,0.0,0.0,492.0
2022-11-10 18:00:00,0.0,547.0,3135.0,0.0,938.0,0.0,0.0,0.0,0.0,0.0,484.0
2022-11-10 19:00:00,0.0,546.0,3126.0,0.0,744.0,0.0,0.0,0.0,0.0,0.0,495.0
2022-11-10 20:00:00,0.0,547.0,3086.0,0.0,466.0,0.0,0.0,0.0,0.0,0.0,502.0
2022-11-10 21:00:00,0.0,530.0,2946.0,0.0,390.0,0.0,0.0,0.0,0.0,0.0,456.0
2022-11-10 22:00:00,0.0,537.0,2793.0,0.0,312.0,0.0,0.0,0.0,0.0,0.0,475.0
2022-11-10 23:00:00,0.0,532.0,2448.0,0.0,158.0,0.0,0.0,0.0,0.0,0.0,543.0
2022-11-11 00:00:00,0.0,523.0,1865.0,0.0,20.0,0.0,0.0,0.0,0.0,0.0,675.0
2022-11-11 01:00:00,0.0,523.0,1380.0,0.0,31.0,0.0,0.0,0.0,0.0,0.0,800.0
2022-11-11 02:00:00,0.0,523.0,1372.0,0.0,31.0,0.0,0.0,0.0,0.0,0.0,868.0
2022-11-11 03:00:00,0.0,522.0,1221.0,0.0,31.0,0.0,0.0,0.0,0.0,0.0,1036.0
2022-11-11 04:00:00,0.0,526.0,1133.0,0.0,33.0,0.0,0.0,0.0,0.0,0.0,1170.0
2022-11-11 05:00:00,0.0,521.0,1556.0,0.0,88.0,0.0,0.0,0.0,0.0,0.0,1259.0
2022-11-11 06:00:00,0.0,525.0,1898.0,0.0,249.0,0.0,0.0,0.0,65.0,0.0,1301.0
2022-11-11 07:00:00,0.0,524.0,2117.0,0.0,210.0,0.0,0.0,0.0,683.0,0.0,1267.0
2022-11-11 08:00:00,0.0,499.0,1672.0,0.0,179.0,0.0,0.0,0.0,1392.0,0.0,1277.0
2022-11-11 09:00:00,0.0,463.0,1426.0,0.0,165.0,0.0,0.0,0.0,1784.0,0.0,1259.0
2022-11-11 10:00:00,0.0,428.0,1318.0,0.0,65.0,0.0,0.0,0.0,1921.0,0.0,1250.0
2022-11-11 11:00:00,0.0,440.0,1405.0,0.0,56.0,0.0,0.0,0.0,1845.0,0.0,1171.0
2022-11-11 12:00:00,0.0,468.0,1644.0,0.0,75.0,0.0,0.0,0.0,1708.0,0.0,1163.0
2022-11-11 13:00:00,0.0,491.0,1639.0,0.0,96.0,0.0,0.0,0.0,1457.0,0.0,1089.0
2022-11-11 14:00:00,0.0,476.0,1962.0,0.0,155.0,0.0,0.0,0.0,968.0,0.0,1025.0
2022-11-11 15:00:00,0.0,510.0,2531.0,0.0,347.0,0.0,0.0,0.0,284.0,0.0,1047.0
2022-11-11 16:00:00,0.0,559.0,2617.0,0.0,651.0,0.0,0.0,0.0,5.0,0.0,1288.0
2022-11-11 17:00:00,0.0,557.0,2542.0,0.0,865.0,0.0,0.0,0.0,0.0,0.0,1499.0
2022-11-11 18:00:00,0.0,535.0,2196.0,0.0,680.0,0.0,0.0,0.0,0.0,0.0,1716.0
2022-11-11 19:00:00,0.0,522.0,2191.0,0.0,381.0,0.0,0.0,0.0,0.0,0.0,1912.0
2022-11-11 20:00:00,0.0,526.0,1857.0,0.0,314.0,0.0,0.0,0.0,0.0,0.0,1992.0
2022-11-11 21:00:00,0.0,510.0,1541.0,0.0,189.0,0.0,0.0,0.0,0.0,0.0,2080.0
2022-11-11 22:00:00,0.0,479.0,1359.0,0.0,152.0,0.0,0.0,0.0,0.0,0.0,2005.0
2022-11-11 23:00:00,0.0,478.0,1008.0,0.0,68.0,0.0,0.0,0.0,0.0,0.0,1981.0
2022-11-12 00:00:00,0.0,444.0,744.0,0.0,45.0,0.0,0.0,0.0,0.0,0.0,1904.0
2022-11-12 01:00:00,0.0,433.0,514.0,0.0,39.0,0.0,0.0,0.0,0.0,0.0,1906.0
2022-11-12 02:00:00,0.0,424.0,470.0,0.0,43.0,0.0,0.0,0.0,0.0,0.0,1986.0
2022-11-12 03:00:00,0.0,436.0,391.0,0.0,43.0,0.0,0.0,0.0,0.0,0.0,2034.0
2022-11-12 04:00:00,0.0,445.0,462.0,0.0,57.0,0.0,0.0,0.0,0.0,0.0,2058.0
2022-11-12 05:00:00,0.0,446.0,475.0,0.0,57.0,0.0,0.0,0.0,0.0,0.0,2213.0
2022-11-12 06:00:00,0.0,456.0,553.0,0.0,60.0,0.0,0.0,0.0,15.0,0.0,2167.0
2022-11-12 07:00:00,0.0,491.0,815.0,0.0,207.0,0.0,0.0,0.0,165.0,0.0,2191.0
2022-11-12 08:00:00,0.0,518.0,1109.0,0.0,313.0,0.0,0.0,0.0,340.0,0.0,2116.0
2022-11-12 09:00:00,0.0,519.0,1136.0,0.0,341.0,0.0,0.0,0.0,454.0,0.0,2104.0
2022-11-12 10:00:00,0.0,518.0,1160.0,0.0,427.0,0.0,0.0,0.0,532.0,0.0,2002.0
2022-11-12 11:00:00,0.0,522.0,1157.0,0.0,380.0,0.0,0.0,0.0,625.0,0.0,1995.0
2022-11-12 12:00:00,0.0,528.0,1331.0,0.0,290.0,0.0,0.0,0.0,516.0,0.0,1985.0
2022-11-12 13:00:00,0.0,541.0,1479.0,0.0,184.0,0.0,0.0,0.0,369.0,0.0,1956.0
2022-11-12 14:00:00,0.0,543.0,1643.0,0.0,94.0,0.0,0.0,0.0,185.0,0.0,2011.0
2022-11-12 15:00:00,0.0,537.0,1745.0,0.0,93.0,0.0,0.0,0.0,44.0,0.0,2019.0
2022-11-12 16:00:00,0.0,541.0,2108.0,0.0,352.0,0.0,0.0,0.0,0.0,0.0,1992.0
2022-11-12 17:00:00,0.0,533.0,2330.0,0.0,895.0,0.0,0.0,0.0,0.0,0.0,1844.0
2022-11-12 18:00:00,0.0,539.0,2315.0,0.0,876.0,0.0,0.0,0.0,0.0,0.0,1712.0
2022-11-12 19:00:00,0.0,425.0,2203.0,0.0,782.0,0.0,0.0,0.0,0.0,0.0,1512.0
2022-11-12 20:00:00,0.0,388.0,1946.0,0.0,624.0,0.0,0.0,0.0,0.0,0.0,1452.0
2022-11-12 21:00:00,0.0,518.0,1400.0,0.0,159.0,0.0,0.0,0.0,0.0,0.0,1417.0
2022-11-12 22:00:00,0.0,518.0,1172.0,0.0,154.0,0.0,0.0,0.0,0.0,0.0,1308.0
2022-11-12 23:00:00,0.0,528.0,966.0,0.0,40.0,0.0,0.0,0.0,0.0,0.0,1240.0
2022-11-13 00:00:00,0.0,512.0,757.0,0.0,29.0,0.0,0.0,0.0,0.0,0.0,1291.0
2022-11-13 01:00:00,0.0,470.0,479.0,0.0,52.0,0.0,0.0,0.0,0.0,0.0,1196.0
2022-11-13 02:00:00,0.0,465.0,482.0,0.0,45.0,0.0,0.0,0.0,0.0,0.0,1121.0
2022-11-13 03:00:00,0.0,459.0,530.0,0.0,51.0,0.0,0.0,0.0,0.0,0.0,1050.0
2022-11-13 04:00:00,0.0,481.0,516.0,0.0,63.0,0.0,0.0,0.0,0.0,0.0,1015.0
2022-11-13 05:00:00,0.0,478.0,487.0,0.0,93.0,0.0,0.0,0.0,0.0,0.0,999.0
2022-11-13 06:00:00,0.0,471.0,523.0,0.0,213.0,0.0,0.0,0.0,43.0,0.0,923.0
2022-11-13 07:00:00,0.0,459.0,600.0,0.0,182.0,0.0,0.0,0.0,430.0,0.0,863.0
2022-11-13 08:00:00,0.0,473.0,650.0,0.0,97.0,0.0,0.0,0.0,921.0,0.0,804.0
2022-11-13 09:00:00,0.0,438.0,781.0,0.0,112.0,0.0,0.0,0.0,1251.0,0.0,627.0
2022-11-13 10:00:00,0.0,448.0,944.0,0.0,221.0,0.0,0.0,0.0,1382.0,0.0,534.0
2022-11-13 11:00:00,0.0,464.0,986.0,0.0,338.0,0.0,0.0,0.0,1393.0,0.0,484.0
2022-11-13 12:00:00,0.0,508.0,1117.0,0.0,432.0,0.0,0.0,0.0,1262.0,0.0,434.0
2022-11-13 13:00:00,0.0,534.0,1010.0,0.0,487.0,0.0,0.0,0.0,991.0,0.0,457.0
2022-11-13 14:00:00,0.0,525.0,1258.0,0.0,305.0,0.0,0.0,0.0,616.0,0.0,597.0
2022-11-13 15:00:00,0.0,489.0,1756.0,0.0,152.0,0.0,0.0,0.0,153.0,0.0,758.0
2022-11-13 16:00:00,0.0,533.0,2237.0,0.0,266.0,0.0,0.0,0.0,2.0,0.0,903.0
2022-11-13 17:00:00,0.0,529.0,2427.0,0.0,542.0,0.0,0.0,0.0,0.0,0.0,969.0
2022-11-13 18:00:00,0.0,536.0,2386.0,0.0,581.0,0.0,0.0,0.0,0.0,0.0,1077.0
2022-11-13 19:00:00,0.0,536.0,2152.0,0.0,362.0,0.0,0.0,0.0,0.0,0.0,1147.0
2022-11-13 20:00:00,0.0,531.0,2017.0,0.0,218.0,0.0,0.0,0.0,0.0,0.0,1179.0
2022-11-13 21:00:00,0.0,516.0,1508.0,0.0,165.0,0.0,0.0,0.0,0.0,0.0,1172.0
2022-11-13 22:00:00,0.0,511.0,1070.0,0.0,108.0,0.0,0.0,0.0,0.0,0.0,1241.0
2022-11-13 23:00:00,0.0,503.0,1131.0,0.0,3.0,0.0,0.0,0.0,0.0,0.0,1151.0
2022-11-14 00:00:00,0.0,516.0,1197.0,0.0,3.0,0.0,0.0,0.0,0.0,0.0,1028.0
2022-11-14 01:00:00,0.0,518.0,1153.0,0.0,3.0,0.0,0.0,0.0,0.0,0.0,925.0
2022-11-14 02:00:00,0.0,510.0,1091.0,0.0,3.0,0.0,0.0,0.0,0.0,0.0,930.0
2022-11-14 03:00:00,0.0,518.0,968.0,0.0,3.0,0.0,0.0,0.0,0.0,0.0,1049.0
2022-11-14 04:00:00,0.0,503.0,933.0,0.0,4.0,0.0,0.0,0.0,0.0,0.0,1130.0
2022-11-14 05:00:00,0.0,517.0,1164.0,0.0,39.0,0.0,0.0,0.0,0.0,0.0,1115.0
2022-11-14 06:00:00,0.0,521.0,1686.0,0.0,240.0,0.0,0.0,0.0,74.0,0.0,1103.0
2022-11-14 07:00:00,0.0,518.0,2017.0,0.0,228.0,0.0,0.0,0.0,661.0,0.0,1080.0
2022-11-14 08:00:00,0.0,518.0,1937.0,0.0,104.0,0.0,0.0,0.0,1416.0,0.0,1038.0
2022-11-14 09:00:00,0.0,513.0,1673.0,0.0,93.0,0.0,0.0,0.0,1957.0,0.0,1051.0
2022-11-14 10:00:00,0.0,511.0,1463.0,0.0,93.0,0.0,0.0,0.0,2257.0,0.0,1040.0
2022-11-14 11:00:00,0.0,507.0,1457.0,0.0,117.0,0.0,0.0,0.0,2355.0,0.0,1015.0
2022-11-14 12:00:00,0.0,492.0,1565.0,0.0,133.0,0.0,0.0,0.0,2245.0,0.0,989.0
2022-11-14 13:00:00,0.0,485.0,1463.0,0.0,89.0,0.0,0.0,0.0,1898.0,0.0,973.0
2022-11-14 14:00:00,0.0,481.0,1850.0,0.0,135.0,0.0,0.0,0.0,1206.0,0.0,945.0
2022-11-14 15:00:00,0.0,496.0,2339.0,0.0,291.0,0.0,0.0,0.0,317.0,0.0,950.0
2022-11-14 16:00:00,0.0,522.0,2592.0,0.0,391.0,0.0,0.0,0.0,5.0,0.0,946.0
2022-11-14 17:00:00,0.0,523.0,2715.0,0.0,655.0,0.0,0.0,0.0,0.0,0.0,950.0
2022-11-14 18:00:00,0.0,524.0,2741.0,0.0,734.0,0.0,0.0,0.0,0.0,0.0,960.0
2022-11-14 19:00:00,0.0,520.0,2757.0,0.0,447.0,0.0,0.0,0.0,0.0,0.0,982.0
2022-11-14 20:00:00,0.0,519.0,2746.0,0.0,202.0,0.0,0.0,0.0,0.0,0.0,979.0
2022-11-14 21:00:00,0.0,522.0,2169.0,0.0,86.0,0.0,0.0,0.0,0.0,0.0,941.0
2022-11-14 22:00:00,0.0,525.0,1922.0,0.0,104.0,0.0,0.0,0.0,0.0,0.0,878.0
2022-11-14 23:00:00,0.0,527.0,1513.0,0.0,14.0,0.0,0.0,0.0,0.0,0.0,918.0
2022-11-15 00:00:00,0.0,522.0,1310.0,0.0,3.0,0.0,0.0,0.0,0.0,0.0,934.0
2022-11-15 01:00:00,0.0,518.0,1341.0,0.0,3.0,0.0,0.0,0.0,0.0,0.0,945.0
2022-11-15 02:00:00,0.0,501.0,1264.0,0.0,3.0,0.0,0.0,0.0,0.0,0.0,974.0
2022-11-15 03:00:00,0.0,497.0,1267.0,0.0,3.0,0.0,0.0,0.0,0.0,0.0,975.0
2022-11-15 04:00:00,0.0,507.0,1353.0,0.0,3.0,0.0,0.0,0.0,0.0,0.0,951.0
2022-11-15 05:00:00,0.0,526.0,1619.0,0.0,68.0,0.0,0.0,0.0,0.0,0.0,919.0
2022-11-15 06:00:00,0.0,530.0,2310.0,0.0,253.0,0.0,0.0,0.0,31.0,0.0,823.0
2022-11-15 07:00:00,0.0,530.0,2694.0,0.0,333.0,0.0,0.0,0.0,342.0,0.0,708.0
2022-11-15 08:00:00,0.0,529.0,2973.0,0.0,515.0,0.0,0.0,0.0,694.0,0.0,545.0
2022-11-15 09:00:00,0.0,526.0,2930.0,0.0,604.0,0.0,0.0,0.0,991.0,0.0,421.0
2022-11-15 10:00:00,0.0,524.0,2904.0,0.0,694.0,0.0,0.0,0.0,1199.0,0.0,359.0
2022-11-15 11:00:00,0.0,525.0,2953.0,0.0,464.0,0.0,0.0,0.0,1248.0,0.0,336.0
2022-11-15 12:00:00,0.0,525.0,2869.0,0.0,265.0,0.0,0.0,0.0,1214.0,0.0,299.0
2022-11-15 13:00:00,0.0,521.0,3049.0,0.0,234.0,0.0,0.0,0.0,974.0,0.0,271.0
2022-11-15 14:00:00,0.0,492.0,3206.0,0.0,242.0,0.0,0.0,0.0,612.0,0.0,223.0
2022-11-15 15:00:00,0.0,487.0,3071.0,0.0,488.0,0.0,0.0,0.0,165.0,0.0,181.0
2022-11-15 16:00:00,0.0,490.0,3159.0,0.0,867.0,0.0,0.0,0.0,2.0,0.0,232.0
2022-11-15 17:00:00,0.0,486.0,3213.0,0.0,994.0,0.0,0.0,0.0,0.0,0.0,231.0
2022-11-15 18:00:00,0.0,479.0,3113.0,0.0,773.0,0.0,0.0,0.0,0.0,0.0,200.0
2022-11-15 19:00:00,0.0,482.0,3161.0,0.0,480.0,0.0,0.0,0.0,0.0,0.0,180.0
2022-11-15 20:00:00,0.0,527.0,2993.0,0.0,370.0,0.0,0.0,0.0,0.0,0.0,205.0
2022-11-15 21:00:00,0.0,602.0,2803.0,0.0,145.0,0.0,0.0,0.0,0.0,0.0,273.0
2022-11-15 22:00:00,0.0,662.0,2423.0,0.0,167.0,0.0,0.0,0.0,0.0,0.0,317.0
2022-11-15 23:00:00,0.0,692.0,1761.0,0.0,32.0,0.0,0.0,0.0,0.0,0.0,429.0
2022-11-16 00:00:00,0.0,730.0,1463.0,0.0,3.0,0.0,0.0,0.0,0.0,0.0,560.0
2022-11-16 01:00:00,0.0,734.0,1091.0,0.0,22.0,0.0,0.0,0.0,0.0,0.0,616.0
2022-11-16 02:00:00,0.0,752.0,1065.0,0.0,28.0,0.0,0.0,0.0,0.0,0.0,629.0
2022-11-16 03:00:00,0.0,745.0,1030.0,0.0,28.0,0.0,0.0,0.0,0.0,0.0,692.0
2022-11-16 04:00:00,0.0,748.0,1109.0,0.0,29.0,0.0,0.0,0.0,0.0,0.0,754.0
2022-11-16 05:00:00,0.0,739.0,1143.0,0.0,112.0,0.0,0.0,0.0,0.0,0.0,752.0
2022-11-16 06:00:00,0.0,713.0,1885.0,0.0,424.0,0.0,0.0,0.0,66.0,0.0,712.0
2022-11-16 07:00:00,0.0,735.0,2437.0,0.0,560.0,0.0,0.0,0.0,618.0,0.0,674.0
2022-11-16 08:00:00,0.0,754.0,2148.0,0.0,292.0,0.0,0.0,0.0,1406.0,0.0,755.0
2022-11-16 09:00:00,0.0,759.0,1848.0,0.0,270.0,0.0,0.0,0.0,2077.0,0.0,734.0
2022-11-16 10:00:00,0.0,752.0,1854.0,0.0,233.0,0.0,0.0,0.0,2493.0,0.0,806.0
2022-11-16 11:00:00,0.0,754.0,1762.0,0.0,218.0,0.0,0.0,0.0,2529.0,0.0,874.0
2022-11-16 12:00:00,0.0,781.0,1984.0,0.0,224.0,0.0,0.0,0.0,2289.0,0.0,1007.0
2022-11-16 13:00:00,0.0,780.0,2177.0,0.0,208.0,0.0,0.0,0.0,1797.0,0.0,1136.0
2022-11-16 14:00:00,0.0,795.0,2236.0,0.0,300.0,0.0,0.0,0.0,1026.0,0.0,1300.0
2022-11-16 15:00:00,0.0,810.0,2228.0,0.0,232.0,0.0,0.0,0.0,245.0,0.0,1511.0
2022-11-16 16:00:00,0.0,812.0,2237.0,0.0,491.0,0.0,0.0,0.0,2.0,0.0,1687.0
2022-11-16 17:00:00,0.0,810.0,2346.0,0.0,649.0,0.0,0.0,0.0,0.0,0.0,1764.0
2022-11-16 18:00:00,0.0,809.0,2127.0,0.0,565.0,0.0,0.0,0.0,0.0,0.0,1805.0
2022-11-16 19:00:00,0.0,814.0,2140.0,0.0,357.0,0.0,0.0,0.0,0.0,0.0,1886.0
2022-11-16 20:00:00,0.0,814.0,2171.0,0.0,322.0,0.0,0.0,0.0,0.0,0.0,1892.0
2022-11-16 21:00:00,0.0,812.0,2027.0,0.0,221.0,0.0,0.0,0.0,0.0,0.0,1826.0
2022-11-16 22:00:00,0.0,803.0,1683.0,0.0,127.0,0.0,0.0,0.0,0.0,0.0,1790.0
2022-11-16 23:00:00,0.0,785.0,1329.0,0.0,3.0,0.0,0.0,0.0,0.0,0.0,1809.0
2022-11-17 00:00:00,0.0,741.0,1185.0,0.0,14.0,0.0,0.0,0.0,0.0,0.0,1746.0
2022-11-17 01:00:00,0.0,679.0,820.0,0.0,37.0,0.0,0.0,0.0,0.0,0.0,1773.0
2022-11-17 02:00:00,0.0,664.0,794.0,0.0,3.0,0.0,0.0,0.0,0.0,0.0,1861.0
2022-11-17 03:00:00,0.0,634.0,718.0,0.0,3.0,0.0,0.0,0.0,0.0,0.0,1985.0
2022-11-17 04:00:00,0.0,656.0,791.0,0.0,3.0,0.0,0.0,0.0,0.0,0.0,2035.0
2022-11-17 05:00:00,0.0,732.0,873.0,0.0,85.0,0.0,0.0,0.0,0.0,0.0,2094.0
2022-11-17 06:00:00,0.0,852.0,1344.0,0.0,162.0,0.0,0.0,0.0,33.0,0.0,2139.0
2022-11-17 07:00:00,0.0,912.0,1713.0,0.0,140.0,0.0,0.0,0.0,319.0,0.0,2072.0
2022-11-17 08:00:00,0.0,933.0,1905.0,0.0,162.0,0.0,0.0,0.0,571.0,0.0,2044.0
2022-11-17 09:00:00,0.0,937.0,2060.0,0.0,264.0,0.0,0.0,0.0,754.0,0.0,2174.0
2022-11-17 10:00:00,0.0,934.0,1727.0,0.0,186.0,0.0,0.0,0.0,1008.0,0.0,2376.0
2022-11-17 11:00:00,0.0,937.0,1724.0,0.0,158.0,0.0,0.0,0.0,1036.0,0.0,2390.0
2022-11-17 12:00:00,0.0,938.0,1737.0,0.0,157.0,0.0,0.0,0.0,1048.0,0.0,2396.0
2022-11-17 13:00:00,0.0,909.0,1667.0,0.0,161.0,0.0,0.0,0.0,860.0,0.0,2375.0
2022-11-17 14:00:00,0.0,949.0,2126.0,0.0,213.0,0.0,0.0,0.0,538.0,0.0,2187.0
2022-11-17 15:00:00,0.0,950.0,2300.0,0.0,289.0,0.0,0.0,0.0,164.0,0.0,2050.0
2022-11-17 16:00:00,0.0,915.0,2361.0,0.0,603.0,0.0,0.0,0.0,2.0,0.0,1895.0
2022-11-17 17:00:00,0.0,881.0,2776.0,0.0,708.0,0.0,0.0,0.0,0.0,0.0,1696.0
2022-11-17 18:00:00,0.0,906.0,2882.0,0.0,583.0,0.0,0.0,0.0,0.0,0.0,1608.0
2022-11-17 19:00:00,0.0,925.0,2835.0,0.0,405.0,0.0,0.0,0.0,0.0,0.0,1333.0
2022-11-17 20:00:00,0.0,957.0,2704.0,0.0,282.0,0.0,0.0,0.0,0.0,0.0,1311.0
2022-11-17 21:00:00,0.0,961.0,2448.0,0.0,197.0,0.0,0.0,0.0,0.0,0.0,1252.0
2022-11-17 22:00:00,0.0,956.0,1743.0,0.0,132.0,0.0,0.0,0.0,0.0,0.0,1218.0
2022-11-17 23:00:00,0.0,955.0,1293.0,0.0,44.0,0.0,0.0,0.0,0.0,0.0,1201.0
2022-11-18 00:00:00,0.0,887.0,1075.0,0.0,29.0,0.0,0.0,0.0,0.0,0.0,1162.0
2022-11-18 01:00:00,0.0,721.0,908.0,0.0,32.0,0.0,0.0,0.0,0.0,0.0,1111.0
2022-11-18 02:00:00,0.0,711.0,757.0,0.0,32.0,0.0,0.0,0.0,0.0,0.0,1200.0
2022-11-18 03:00:00,0.0,681.0,798.0,0.0,32.0,0.0,0.0,0.0,0.0,0.0,1199.0
2022-11-18 04:00:00,0.0,662.0,961.0,0.0,36.0,0.0,0.0,0.0,0.0,0.0,1105.0
2022-11-18 05:00:00,0.0,731.0,1246.0,0.0,206.0,0.0,0.0,0.0,0.0,0.0,894.0
2022-11-18 06:00:00,0.0,765.0,1955.0,0.0,444.0,0.0,0.0,0.0,30.0,0.0,857.0
2022-11-18 07:00:00,0.0,768.0,2125.0,0.0,336.0,0.0,0.0,0.0,546.0,0.0,1100.0
2022-11-18 08:00:00,0.0,757.0,1967.0,0.0,233.0,0.0,0.0,0.0,1252.0,0.0,1267.0
2022-11-18 09:00:00,0.0,722.0,1652.0,0.0,166.0,0.0,0.0,0.0,1613.0,0.0,1386.0
2022-11-18 10:00:00,0.0,558.0,1273.0,0.0,190.0,0.0,0.0,0.0,1804.0,0.0,1526.0
2022-11-18 11:00:00,0.0,521.0,1235.0,0.0,106.0,0.0,0.0,0.0,1716.0,0.0,1794.0
2022-11-18 12:00:00,0.0,524.0,1523.0,0.0,77.0,0.0,0.0,0.0,1514.0,0.0,2016.0
2022-11-18 13:00:00,0.0,502.0,1565.0,0.0,55.0,0.0,0.0,0.0,1171.0,0.0,2052.0
2022-11-18 14:00:00,0.0,496.0,1790.0,0.0,124.0,0.0,0.0,0.0,745.0,0.0,1995.0
2022-11-18 15:00:00,0.0,496.0,2227.0,0.0,219.0,0.0,0.0,0.0,195.0,0.0,2040.0
2022-11-18 16:00:00,0.0,487.0,2343.0,0.0,529.0,0.0,0.0,0.0,2.0,0.0,2236.0
2022-11-18 17:00:00,0.0,558.0,2240.0,0.0,960.0,0.0,0.0,0.0,0.0,0.0,2214.0
2022-11-18 18:00:00,0.0,607.0,2305.0,0.0,499.0,0.0,0.0,0.0,0.0,0.0,2201.0
2022-11-18 19:00:00,0.0,588.0,2062.0,0.0,290.0,0.0,0.0,0.0,0.0,0.0,2362.0
2022-11-18 20:00:00,0.0,499.0,1651.0,0.0,240.0,0.0,0.0,0.0,0.0,0.0,2360.0
2022-11-18 21:00:00,0.0,506.0,1414.0,0.0,80.0,0.0,0.0,0.0,0.0,0.0,2380.0
2022-11-18 22:00:00,0.0,432.0,1071.0,0.0,55.0,0.0,0.0,0.0,0.0,0.0,2397.0
2022-11-18 23:00:00,0.0,337.0,1101.0,0.0,6.0,0.0,0.0,0.0,0.0,0.0,2218.0
2022-11-19 00:00:00,0.0,229.0,983.0,0.0,23.0,0.0,0.0,0.0,0.0,0.0,2163.0
2022-11-19 01:00:00,0.0,174.0,507.0,0.0,20.0,0.0,0.0,0.0,0.0,0.0,2104.0
2022-11-19 02:00:00,0.0,173.0,549.0,0.0,23.0,0.0,0.0,0.0,0.0,0.0,2031.0
2022-11-19 03:00:00,0.0,173.0,669.0,0.0,51.0,0.0,0.0,0.0,0.0,0.0,1899.0
2022-11-19 04:00:00,0.0,167.0,718.0,0.0,81.0,0.0,0.0,0.0,0.0,0.0,1765.0
2022-11-19 05:00:00,0.0,167.0,698.0,0.0,108.0,0.0,0.0,0.0,0.0,0.0,1744.0
2022-11-19 06:00:00,0.0,168.0,783.0,0.0,256.0,0.0,0.0,0.0,36.0,0.0,1685.0
2022-11-19 07:00:00,0.0,172.0,908.0,0.0,188.0,0.0,0.0,0.0,465.0,0.0,1672.0
2022-11-19 08:00:00,0.0,172.0,1354.0,0.0,15.0,0.0,0.0,0.0,1038.0,0.0,1689.0
2022-11-19 09:00:00,0.0,175.0,1081.0,0.0,24.0,0.0,0.0,0.0,1492.0,0.0,1693.0
2022-11-19 10:00:00,0.0,176.0,985.0,0.0,35.0,0.0,0.0,0.0,1655.0,0.0,1650.0
2022-11-19 11:00:00,0.0,177.0,1197.0,0.0,60.0,0.0,0.0,0.0,1645.0,0.0,1693.0
2022-11-19 12:00:00,0.0,174.0,1572.0,0.0,158.0,0.0,0.0,0.0,1405.0,0.0,1759.0
2022-11-19 13:00:00,0.0,177.0,1508.0,0.0,174.0,0.0,0.0,0.0,1083.0,0.0,1867.0
2022-11-19 14:00:00,0.0,177.0,1580.0,0.0,223.0,0.0,0.0,0.0,620.0,0.0,1923.0
2022-11-19 15:00:00,0.0,178.0,1885.0,0.0,215.0,0.0,0.0,0.0,149.0,0.0,1880.0
2022-11-19 16:00:00,0.0,173.0,2461.0,0.0,596.0,0.0,0.0,0.0,1.0,0.0,1877.0
2022-11-19 17:00:00,0.0,180.0,2727.0,0.0,760.0,0.0,0.0,0.0,0.0,0.0,1925.0
2022-11-19 18:00:00,0.0,184.0,2740.0,0.0,436.0,0.0,0.0,0.0,0.0,0.0,1960.0
2022-11-19 19:00:00,0.0,179.0,2589.0,0.0,285.0,0.0,0.0,0.0,0.0,0.0,1997.0
2022-11-19 20:00:00,0.0,181.0,2097.0,0.0,133.0,0.0,0.0,0.0,0.0,0.0,2090.0
2022-11-19 21:00:00,0.0,181.0,1763.0,0.0,88.0,0.0,0.0,0.0,0.0,0.0,2223.0
2022-11-19 22:00:00,0.0,182.0,1203.0,0.0,144.0,0.0,0.0,0.0,0.0,0.0,2332.0
2022-11-19 23:00:00,0.0,182.0,795.0,0.0,34.0,0.0,0.0,0.0,0.0,0.0,2412.0
2022-11-20 00:00:00,0.0,167.0,471.0,0.0,5.0,0.0,0.0,0.0,0.0,0.0,2429.0
2022-11-20 01:00:00,0.0,164.0,440.0,0.0,5.0,0.0,0.0,0.0,0.0,0.0,2484.0
2022-11-20 02:00:00,0.0,163.0,426.0,0.0,5.0,0.0,0.0,0.0,0.0,0.0,2434.0
2022-11-20 03:00:00,0.0,165.0,421.0,0.0,5.0,0.0,0.0,0.0,0.0,0.0,2424.0
2022-11-20 04:00:00,0.0,164.0,425.0,0.0,5.0,0.0,0.0,0.0,0.0,0.0,2410.0
2022-11-20 05:00:00,0.0,168.0,429.0,0.0,49.0,0.0,0.0,0.0,0.0,0.0,2427.0
2022-11-20 06:00:00,0.0,166.0,421.0,0.0,61.0,0.0,0.0,0.0,15.0,0.0,2405.0
2022-11-20 07:00:00,0.0,178.0,510.0,0.0,109.0,0.0,0.0,0.0,212.0,0.0,2420.0
2022-11-20 08:00:00,0.0,192.0,607.0,0.0,65.0,0.0,0.0,0.0,449.0,0.0,2525.0
2022-11-20 09:00:00,0.0,190.0,628.0,0.0,74.0,0.0,0.0,0.0,599.0,0.0,2540.0
2022-11-20 10:00:00,0.0,189.0,658.0,0.0,209.0,0.0,0.0,0.0,729.0,0.0,2541.0
2022-11-20 11:00:00,0.0,196.0,713.0,0.0,393.0,0.0,0.0,0.0,666.0,0.0,2561.0
2022-11-20 12:00:00,0.0,203.0,722.0,0.0,568.0,0.0,0.0,0.0,546.0,0.0,2455.0
2022-11-20 13:00:00,0.0,211.0,669.0,0.0,320.0,0.0,0.0,0.0,538.0,0.0,2395.0
2022-11-20 14:00:00,0.0,216.0,721.0,0.0,255.0,0.0,0.0,0.0,407.0,0.0,2346.0
2022-11-20 15:00:00,0.0,208.0,901.0,0.0,128.0,0.0,0.0,0.0,98.0,0.0,2416.0
2022-11-20 16:00:00,0.0,219.0,1322.0,0.0,470.0,0.0,0.0,0.0,1.0,0.0,2550.0
2022-11-20 17:00:00,0.0,223.0,1418.0,0.0,634.0,0.0,0.0,0.0,0.0,0.0,2770.0
2022-11-20 18:00:00,0.0,225.0,1452.0,0.0,566.0,0.0,0.0,0.0,0.0,0.0,2778.0
2022-11-20 19:00:00,0.0,224.0,1482.0,0.0,438.0,0.0,0.0,0.0,0.0,0.0,2825.0
2022-11-20 20:00:00,0.0,222.0,1247.0,0.0,288.0,0.0,0.0,0.0,0.0,0.0,2741.0
2022-11-20 21:00:00,0.0,220.0,1028.0,0.0,234.0,0.0,0.0,0.0,0.0,0.0,2812.0
2022-11-20 22:00:00,0.0,209.0,711.0,0.0,111.0,0.0,0.0,0.0,0.0,0.0,2842.0
2022-11-20 23:00:00,0.0,213.0,599.0,0.0,22.0,0.0,0.0,0.0,0.0,0.0,2752.0
2022-11-21 00:00:00,0.0,210.0,658.0,0.0,5.0,0.0,0.0,0.0,0.0,0.0,2664.0
2022-11-21 01:00:00,0.0,223.0,725.0,0.0,5.0,0.0,0.0,0.0,0.0,0.0,2717.0
2022-11-21 02:00:00,0.0,206.0,741.0,0.0,5.0,0.0,0.0,0.0,0.0,0.0,2706.0
2022-11-21 03:00:00,0.0,212.0,722.0,0.0,5.0,0.0,0.0,0.0,0.0,0.0,2688.0
2022-11-21 04:00:00,0.0,213.0,835.0,0.0,6.0,0.0,0.0,0.0,0.0,0.0,2426.0
2022-11-21 05:00:00,0.0,213.0,923.0,0.0,55.0,0.0,0.0,0.0,0.0,0.0,2294.0
2022-11-21 06:00:00,0.0,224.0,1478.0,0.0,183.0,0.0,0.0,0.0,24.0,0.0,2280.0
2022-11-21 07:00:00,0.0,223.0,1847.0,0.0,231.0,0.0,0.0,0.0,341.0,0.0,2153.0
2022-11-21 08:00:00,0.0,221.0,2082.0,0.0,434.0,0.0,0.0,0.0,772.0,0.0,2106.0
2022-11-21 09:00:00,0.0,220.0,1777.0,0.0,269.0,0.0,0.0,0.0,1198.0,0.0,2092.0
2022-11-21 10:00:00,0.0,222.0,1754.0,0.0,34.0,0.0,0.0,0.0,1313.0,0.0,2186.0
2022-11-21 11:00:00,0.0,225.0,1968.0,0.0,59.0,0.0,0.0,0.0,1198.0,0.0,2369.0
2022-11-21 12:00:00,0.0,223.0,2088.0,0.0,84.0,0.0,0.0,0.0,1153.0,0.0,2326.0
2022-11-21 13:00:00,0.0,224.0,1910.0,0.0,22.0,0.0,0.0,0.0,1055.0,0.0,2185.0
2022-11-21 14:00:00,0.0,265.0,2144.0,0.0,214.0,0.0,0.0,0.0,756.0,0.0,2102.0
2022-11-21 15:00:00,0.0,272.0,2548.0,0.0,605.0,0.0,0.0,0.0,204.0,0.0,2083.0
2022-11-21 16:00:00,0.0,271.0,2549.0,0.0,956.0,0.0,0.0,0.0,2.0,0.0,2009.0
2022-11-21 17:00:00,0.0,269.0,2653.0,0.0,909.0,0.0,0.0,0.0,0.0,0.0,1782.0
2022-11-21 18:00:00,0.0,265.0,2490.0,0.0,519.0,0.0,0.0,0.0,0.0,0.0,1736.0
2022-11-21 19:00:00,0.0,265.0,2322.0,0.0,372.0,0.0,0.0,0.0,0.0,0.0,1901.0
2022-11-21 20:00:00,0.0,262.0,2298.0,0.0,203.0,0.0,0.0,0.0,0.0,0.0,1809.0
2022-11-21 21:00:00,0.0,262.0,1741.0,0.0,92.0,0.0,0.0,0.0,0.0,0.0,1740.0
2022-11-21 22:00:00,0.0,262.0,1759.0,0.0,145.0,0.0,0.0,0.0,0.0,0.0,1662.0
2022-11-21 23:00:00,0.0,246.0,1271.0,0.0,7.0,0.0,0.0,0.0,0.0,0.0,1554.0
2022-11-22 00:00:00,0.0,207.0,862.0,0.0,32.0,0.0,0.0,0.0,0.0,0.0,1505.0
2022-11-22 01:00:00,0.0,218.0,690.0,0.0,33.0,0.0,0.0,0.0,0.0,0.0,1241.0
2022-11-22 02:00:00,0.0,209.0,688.0,0.0,5.0,0.0,0.0,0.0,0.0,0.0,1135.0
2022-11-22 03:00:00,0.0,201.0,660.0,0.0,5.0,0.0,0.0,0.0,0.0,0.0,1073.0
2022-11-22 04:00:00,0.0,192.0,702.0,0.0,6.0,0.0,0.0,0.0,0.0,0.0,1038.0
2022-11-22 05:00:00,0.0,206.0,918.0,0.0,59.0,0.0,0.0,0.0,0.0,0.0,1027.0
2022-11-22 06:00:00,0.0,218.0,1568.0,0.0,216.0,0.0,0.0,0.0,46.0,0.0,1040.0
2022-11-22 07:00:00,0.0,221.0,2277.0,0.0,517.0,0.0,0.0,0.0,461.0,0.0,1041.0
2022-11-22 08:00:00,0.0,220.0,2474.0,0.0,604.0,0.0,0.0,0.0,798.0,0.0,988.0
2022-11-22 09:00:00,0.0,216.0,2374.0,0.0,826.0,0.0,0.0,0.0,960.0,0.0,965.0
2022-11-22 10:00:00,0.0,220.0,2338.0,0.0,474.0,0.0,0.0,0.0,1202.0,0.0,952.0
2022-11-22 11:00:00,0.0,223.0,2148.0,0.0,263.0,0.0,0.0,0.0,1149.0,0.0,1247.0
2022-11-22 12:00:00,0.0,230.0,2329.0,0.0,109.0,0.0,0.0,0.0,960.0,0.0,1610.0
2022-11-22 13:00:00,0.0,239.0,2414.0,0.0,33.0,0.0,0.0,0.0,655.0,0.0,1827.0
2022-11-22 14:00:00,0.0,244.0,2323.0,0.0,103.0,0.0,0.0,0.0,313.0,0.0,2196.0
2022-11-22 15:00:00,0.0,269.0,2307.0,0.0,126.0,0.0,0.0,0.0,72.0,0.0,2338.0
2022-11-22 16:00:00,0.0,277.0,2422.0,0.0,922.0,0.0,0.0,0.0,0.0,0.0,2464.0
2022-11-22 17:00:00,0.0,276.0,2527.0,0.0,1019.0,0.0,0.0,0.0,0.0,0.0,2513.0
2022-11-22 18:00:00,0.0,277.0,2569.0,0.0,1015.0,0.0,0.0,0.0,0.0,0.0,2590.0
2022-11-22 19:00:00,0.0,276.0,2630.0,0.0,764.0,0.0,0.0,0.0,0.0,0.0,2604.0
2022-11-22 20:00:00,0.0,274.0,2390.0,0.0,665.0,0.0,0.0,0.0,0.0,0.0,2679.0
2022-11-22 21:00:00,0.0,271.0,1723.0,0.0,311.0,0.0,0.0,0.0,0.0,0.0,2649.0
2022-11-22 22:00:00,0.0,265.0,1132.0,0.0,64.0,0.0,0.0,0.0,0.0,0.0,2742.0
2022-11-22 23:00:00,0.0,247.0,1146.0,0.0,27.0,0.0,0.0,0.0,0.0,0.0,2698.0
2022-11-23 00:00:00,0.0,237.0,790.0,0.0,31.0,0.0,0.0,0.0,0.0,0.0,2663.0
2022-11-23 01:00:00,0.0,204.0,569.0,0.0,31.0,0.0,0.0,0.0,0.0,0.0,2607.0
2022-11-23 02:00:00,0.0,200.0,735.0,0.0,31.0,0.0,0.0,0.0,0.0,0.0,2378.0
2022-11-23 03:00:00,0.0,202.0,742.0,0.0,4.0,0.0,0.0,0.0,0.0,0.0,2293.0
2022-11-23 04:00:00,0.0,199.0,895.0,0.0,4.0,0.0,0.0,0.0,0.0,0.0,2098.0
2022-11-23 05:00:00,0.0,201.0,924.0,0.0,137.0,0.0,0.0,0.0,0.0,0.0,1910.0
2022-11-23 06:00:00,0.0,202.0,1128.0,0.0,381.0,0.0,0.0,0.0,5.0,0.0,1960.0
2022-11-23 07:00:00,0.0,210.0,1313.0,0.0,1039.0,0.0,0.0,0.0,207.0,0.0,1756.0
2022-11-23 08:00:00,0.0,219.0,1585.0,0.0,723.0,0.0,0.0,0.0,701.0,0.0,1769.0
2022-11-23 09:00:00,0.0,227.0,1529.0,0.0,350.0,0.0,0.0,0.0,1144.0,0.0,1609.0
2022-11-23 10:00:00,0.0,229.0,1039.0,0.0,153.0,0.0,0.0,0.0,1420.0,0.0,1583.0
2022-11-23 11:00:00,0.0,199.0,1027.0,0.0,177.0,0.0,0.0,0.0,1450.0,0.0,1656.0
2022-11-23 12:00:00,0.0,209.0,1115.0,0.0,154.0,0.0,0.0,0.0,1284.0,0.0,1838.0
2022-11-23 13:00:00,0.0,215.0,1377.0,0.0,154.0,0.0,0.0,0.0,987.0,0.0,1784.0
2022-11-23 14:00:00,0.0,239.0,1920.0,0.0,317.0,0.0,0.0,0.0,576.0,0.0,1627.0
2022-11-23 15:00:00,0.0,341.0,2347.0,0.0,457.0,0.0,0.0,0.0,161.0,0.0,1344.0
2022-11-23 16:00:00,0.0,436.0,2383.0,0.0,928.0,0.0,0.0,0.0,1.0,0.0,1261.0
2022-11-23 17:00:00,0.0,510.0,2433.0,0.0,1081.0,0.0,0.0,0.0,0.0,0.0,1211.0
2022-11-23 18:00:00,0.0,526.0,2452.0,0.0,1114.0,0.0,0.0,0.0,0.0,0.0,1082.0
2022-11-23 19:00:00,0.0,526.0,2459.0,0.0,785.0,0.0,0.0,0.0,0.0,0.0,983.0
2022-11-23 20:00:00,0.0,527.0,2406.0,0.0,593.0,0.0,0.0,0.0,0.0,0.0,968.0
2022-11-23 21:00:00,0.0,520.0,1884.0,0.0,354.0,0.0,0.0,0.0,0.0,0.0,1002.0
2022-11-23 22:00:00,0.0,513.0,1555.0,0.0,405.0,0.0,0.0,0.0,0.0,0.0,1054.0
2022-11-23 23:00:00,0.0,513.0,1582.0,0.0,45.0,0.0,0.0,0.0,0.0,0.0,1076.0
2022-11-24 00:00:00,0.0,496.0,1478.0,0.0,6.0,0.0,0.0,0.0,0.0,0.0,1027.0
2022-11-24 01:00:00,0.0,504.0,1415.0,0.0,6.0,0.0,0.0,0.0,0.0,0.0,946.0
2022-11-24 02:00:00,0.0,506.0,1425.0,0.0,6.0,0.0,0.0,0.0,0.0,0.0,825.0
2022-11-24 03:00:00,0.0,499.0,1391.0,0.0,6.0,0.0,0.0,0.0,0.0,0.0,801.0
2022-11-24 04:00:00,0.0,531.0,1384.0,0.0,8.0,0.0,0.0,0.0,0.0,0.0,761.0
2022-11-24 05:00:00,0.0,588.0,1585.0,0.0,89.0,0.0,0.0,0.0,0.0,0.0,663.0
2022-11-24 06:00:00,0.0,602.0,1990.0,0.0,512.0,0.0,0.0,0.0,30.0,0.0,589.0
2022-11-24 07:00:00,0.0,616.0,2197.0,0.0,432.0,0.0,0.0,0.0,581.0,0.0,553.0
2022-11-24 08:00:00,0.0,637.0,2144.0,0.0,300.0,0.0,0.0,0.0,1376.0,0.0,538.0
2022-11-24 09:00:00,0.0,647.0,1697.0,0.0,171.0,0.0,0.0,0.0,1851.0,0.0,545.0
2022-11-24 10:00:00,0.0,655.0,1544.0,0.0,173.0,0.0,0.0,0.0,2074.0,0.0,553.0
2022-11-24 11:00:00,0.0,657.0,1375.0,0.0,198.0,0.0,0.0,0.0,2089.0,0.0,614.0
2022-11-24 12:00:00,0.0,660.0,1616.0,0.0,203.0,0.0,0.0,0.0,1887.0,0.0,755.0
2022-11-24 13:00:00,0.0,674.0,1562.0,0.0,130.0,0.0,0.0,0.0,1486.0,0.0,918.0
2022-11-24 14:00:00,0.0,664.0,1596.0,0.0,181.0,0.0,0.0,0.0,878.0,0.0,1024.0
2022-11-24 15:00:00,0.0,677.0,2135.0,0.0,285.0,0.0,0.0,0.0,215.0,0.0,1012.0
2022-11-24 16:00:00,0.0,682.0,2311.0,0.0,872.0,0.0,0.0,0.0,1.0,0.0,1084.0
2022-11-24 17:00:00,0.0,681.0,2393.0,0.0,1176.0,0.0,0.0,0.0,0.0,0.0,980.0
2022-11-24 18:00:00,0.0,707.0,2246.0,0.0,1064.0,0.0,0.0,0.0,0.0,0.0,1009.0
2022-11-24 19:00:00,0.0,705.0,2141.0,0.0,774.0,0.0,0.0,0.0,0.0,0.0,1171.0
2022-11-24 20:00:00,0.0,696.0,2033.0,0.0,500.0,0.0,0.0,0.0,0.0,0.0,1241.0
2022-11-24 21:00:00,0.0,690.0,1796.0,0.0,276.0,0.0,0.0,0.0,0.0,0.0,1267.0
2022-11-24 22:00:00,0.0,688.0,1389.0,0.0,208.0,0.0,0.0,0.0,0.0,0.0,1326.0
2022-11-24 23:00:00,0.0,673.0,1072.0,0.0,29.0,0.0,0.0,0.0,0.0,0.0,1383.0
2022-11-25 00:00:00,0.0,634.0,989.0,0.0,5.0,0.0,0.0,0.0,0.0,0.0,1466.0
2022-11-25 01:00:00,0.0,621.0,683.0,0.0,5.0,0.0,0.0,0.0,0.0,0.0,1612.0
2022-11-25 02:00:00,0.0,580.0,596.0,0.0,5.0,0.0,0.0,0.0,0.0,0.0,1687.0
2022-11-25 03:00:00,0.0,580.0,654.0,0.0,5.0,0.0,0.0,0.0,0.0,0.0,1730.0
2022-11-25 04:00:00,0.0,578.0,599.0,0.0,5.0,0.0,0.0,0.0,0.0,0.0,1852.0
2022-11-25 05:00:00,0.0,604.0,737.0,0.0,97.0,0.0,0.0,0.0,0.0,0.0,1821.0
2022-11-25 06:00:00,0.0,688.0,1231.0,0.0,458.0,0.0,0.0,0.0,26.0,0.0,1730.0
2022-11-25 07:00:00,0.0,722.0,1428.0,0.0,633.0,0.0,0.0,0.0,583.0,0.0,1660.0
2022-11-25 08:00:00,0.0,755.0,1256.0,0.0,337.0,0.0,0.0,0.0,1439.0,0.0,1641.0
2022-11-25 09:00:00,0.0,726.0,1134.0,0.0,224.0,0.0,0.0,0.0,1993.0,0.0,1703.0
2022-11-25 10:00:00,0.0,641.0,958.0,0.0,154.0,0.0,0.0,0.0,2274.0,0.0,1779.0
2022-11-25 11:00:00,0.0,606.0,951.0,0.0,59.0,0.0,0.0,0.0,2320.0,0.0,1729.0
2022-11-25 12:00:00,0.0,593.0,989.0,0.0,68.0,0.0,0.0,0.0,2200.0,0.0,1697.0
2022-11-25 13:00:00,0.0,590.0,1213.0,0.0,58.0,0.0,0.0,0.0,1830.0,0.0,1601.0
2022-11-25 14:00:00,0.0,639.0,2170.0,0.0,44.0,0.0,0.0,0.0,1132.0,0.0,1441.0
2022-11-25 15:00:00,0.0,729.0,2839.0,0.0,416.0,0.0,0.0,0.0,275.0,0.0,1319.0
2022-11-25 16:00:00,0.0,752.0,2803.0,0.0,653.0,0.0,0.0,0.0,1.0,0.0,1177.0
2022-11-25 17:00:00,0.0,748.0,2780.0,0.0,896.0,0.0,0.0,0.0,0.0,0.0,1007.0
2022-11-25 18:00:00,0.0,738.0,2856.0,0.0,851.0,0.0,0.0,0.0,0.0,0.0,885.0
2022-11-25 19:00:00,0.0,720.0,2797.0,0.0,716.0,0.0,0.0,0.0,0.0,0.0,771.0
2022-11-25 20:00:00,0.0,709.0,2839.0,0.0,443.0,0.0,0.0,0.0,0.0,0.0,697.0
2022-11-25 21:00:00,0.0,715.0,2701.0,0.0,170.0,0.0,0.0,0.0,0.0,0.0,612.0
2022-11-25 22:00:00,0.0,717.0,2426.0,0.0,155.0,0.0,0.0,0.0,0.0,0.0,577.0
2022-11-25 23:00:00,0.0,714.0,2142.0,0.0,5.0,0.0,0.0,0.0,0.0,0.0,572.0
2022-11-26 00:00:00,0.0,713.0,1859.0,0.0,5.0,0.0,0.0,0.0,0.0,0.0,536.0
2022-11-26 01:00:00,0.0,714.0,1671.0,0.0,5.0,0.0,0.0,0.0,0.0,0.0,512.0
2022-11-26 02:00:00,0.0,717.0,1554.0,0.0,6.0,0.0,0.0,0.0,0.0,0.0,511.0
2022-11-26 03:00:00,0.0,685.0,1286.0,0.0,30.0,0.0,0.0,0.0,0.0,0.0,537.0
2022-11-26 04:00:00,0.0,674.0,1182.0,0.0,30.0,0.0,0.0,0.0,0.0,0.0,606.0
2022-11-26 05:00:00,0.0,675.0,1217.0,0.0,98.0,0.0,0.0,0.0,0.0,0.0,582.0
2022-11-26 06:00:00,0.0,709.0,1570.0,0.0,228.0,0.0,0.0,0.0,30.0,0.0,563.0
2022-11-26 07:00:00,0.0,716.0,1630.0,0.0,143.0,0.0,0.0,0.0,484.0,0.0,582.0
2022-11-26 08:00:00,0.0,718.0,1854.0,0.0,106.0,0.0,0.0,0.0,1103.0,0.0,612.0
2022-11-26 09:00:00,0.0,711.0,1862.0,0.0,112.0,0.0,0.0,0.0,1463.0,0.0,534.0
2022-11-26 10:00:00,0.0,711.0,1834.0,0.0,115.0,0.0,0.0,0.0,1471.0,0.0,519.0
2022-11-26 11:00:00,0.0,711.0,1907.0,0.0,158.0,0.0,0.0,0.0,1466.0,0.0,505.0
2022-11-26 12:00:00,0.0,719.0,2132.0,0.0,168.0,0.0,0.0,0.0,1281.0,0.0,467.0
2022-11-26 13:00:00,0.0,751.0,2291.0,0.0,294.0,0.0,0.0,0.0,992.0,0.0,354.0
2022-11-26 14:00:00,0.0,774.0,2335.0,0.0,547.0,0.0,0.0,0.0,581.0,0.0,390.0
2022-11-26 15:00:00,0.0,773.0,2363.0,0.0,977.0,0.0,0.0,0.0,118.0,0.0,552.0
2022-11-26 16:00:00,0.0,756.0,2499.0,0.0,1125.0,0.0,0.0,0.0,0.0,0.0,807.0
2022-11-26 17:00:00,0.0,761.0,2420.0,0.0,968.0,0.0,0.0,0.0,0.0,0.0,1189.0
2022-11-26 18:00:00,0.0,762.0,2160.0,0.0,807.0,0.0,0.0,0.0,0.0,0.0,1511.0
2022-11-26 19:00:00,0.0,752.0,1940.0,0.0,607.0,0.0,0.0,0.0,0.0,0.0,1829.0
2022-11-26 20:00:00,0.0,710.0,1461.0,0.0,286.0,0.0,0.0,0.0,0.0,0.0,2114.0
2022-11-26 21:00:00,0.0,674.0,1161.0,0.0,109.0,0.0,0.0,0.0,0.0,0.0,2333.0
2022-11-26 22:00:00,0.0,635.0,1149.0,0.0,65.0,0.0,0.0,0.0,0.0,0.0,2400.0
2022-11-26 23:00:00,0.0,472.0,710.0,0.0,26.0,0.0,0.0,0.0,0.0,0.0,2502.0
2022-11-27 00:00:00,0.0,384.0,621.0,0.0,6.0,0.0,0.0,0.0,0.0,0.0,2569.0
2022-11-27 01:00:00,0.0,361.0,470.0,0.0,5.0,0.0,0.0,0.0,0.0,0.0,2564.0
2022-11-27 02:00:00,0.0,355.0,425.0,0.0,5.0,0.0,0.0,0.0,0.0,0.0,2660.0
2022-11-27 03:00:00,0.0,354.0,425.0,0.0,5.0,0.0,0.0,0.0,0.0,0.0,2737.0
2022-11-27 04:00:00,0.0,361.0,425.0,0.0,6.0,0.0,0.0,0.0,0.0,0.0,2805.0
2022-11-27 05:00:00,0.0,365.0,424.0,0.0,34.0,0.0,0.0,0.0,0.0,0.0,2855.0
2022-11-27 06:00:00,0.0,360.0,444.0,0.0,36.0,0.0,0.0,0.0,12.0,0.0,2775.0
2022-11-27 07:00:00,0.0,377.0,485.0,0.0,221.0,0.0,0.0,0.0,202.0,0.0,2541.0
2022-11-27 08:00:00,0.0,377.0,403.0,0.0,217.0,0.0,0.0,0.0,517.0,0.0,2800.0
2022-11-27 09:00:00,0.0,374.0,341.0,0.0,308.0,0.0,0.0,0.0,789.0,0.0,2847.0
2022-11-27 10:00:00,0.0,373.0,430.0,0.0,326.0,0.0,0.0,0.0,883.0,0.0,2822.0
2022-11-27 11:00:00,0.0,378.0,581.0,0.0,350.0,0.0,0.0,0.0,925.0,0.0,2787.0
2022-11-27 12:00:00,0.0,382.0,638.0,0.0,217.0,0.0,0.0,0.0,799.0,0.0,2794.0
2022-11-27 13:00:00,0.0,399.0,799.0,0.0,99.0,0.0,0.0,0.0,563.0,0.0,2740.0
2022-11-27 14:00:00,0.0,435.0,1141.0,0.0,100.0,0.0,0.0,0.0,284.0,0.0,2723.0
2022-11-27 15:00:00,0.0,433.0,1269.0,0.0,147.0,0.0,0.0,0.0,55.0,0.0,2675.0
2022-11-27 16:00:00,0.0,446.0,1379.0,0.0,431.0,0.0,0.0,0.0,0.0,0.0,2630.0
2022-11-27 17:00:00,0.0,448.0,1581.0,0.0,662.0,0.0,0.0,0.0,0.0,0.0,2669.0
2022-11-27 18:00:00,0.0,441.0,1612.0,0.0,674.0,0.0,0.0,0.0,0.0,0.0,2633.0
2022-11-27 19:00:00,0.0,434.0,1625.0,0.0,659.0,0.0,0.0,0.0,0.0,0.0,2508.0
2022-11-27 20:00:00,0.0,427.0,1594.0,0.0,475.0,0.0,0.0,0.0,0.0,0.0,2481.0
2022-11-27 21:00:00,0.0,406.0,1450.0,0.0,327.0,0.0,0.0,0.0,0.0,0.0,2404.0
2022-11-27 22:00:00,0.0,388.0,1165.0,0.0,233.0,0.0,0.0,0.0,0.0,0.0,2348.0
2022-11-27 23:00:00,0.0,368.0,789.0,0.0,128.0,0.0,0.0,0.0,0.0,0.0,2280.0
2022-11-28 00:00:00,0.0,356.0,487.0,0.0,75.0,0.0,0.0,0.0,0.0,0.0,2073.0
2022-11-28 01:00:00,0.0,347.0,480.0,0.0,165.0,0.0,0.0,0.0,0.0,0.0,1881.0
2022-11-28 02:00:00,0.0,346.0,567.0,0.0,187.0,0.0,0.0,0.0,0.0,0.0,1649.0
2022-11-28 03:00:00,0.0,385.0,607.0,0.0,181.0,0.0,0.0,0.0,0.0,0.0,1588.0
2022-11-28 04:00:00,0.0,398.0,694.0,0.0,237.0,0.0,0.0,0.0,0.0,0.0,1473.0
2022-11-28 05:00:00,0.0,386.0,1075.0,0.0,389.0,0.0,0.0,0.0,0.0,0.0,1493.0
2022-11-28 06:00:00,0.0,389.0,1960.0,0.0,508.0,0.0,0.0,0.0,3.0,0.0,1495.0
2022-11-28 07:00:00,0.0,395.0,2364.0,0.0,780.0,0.0,0.0,0.0,110.0,0.0,1392.0
2022-11-28 08:00:00,0.0,405.0,2829.0,0.0,847.0,0.0,0.0,0.0,367.0,0.0,1462.0
2022-11-28 09:00:00,0.0,433.0,2889.0,0.0,926.0,0.0,0.0,0.0,664.0,0.0,1375.0
2022-11-28 10:00:00,0.0,448.0,3007.0,0.0,584.0,0.0,0.0,0.0,900.0,0.0,1398.0
2022-11-28 11:00:00,0.0,448.0,3200.0,0.0,459.0,0.0,0.0,0.0,925.0,0.0,1458.0
2022-11-28 12:00:00,0.0,453.0,3227.0,0.0,477.0,0.0,0.0,0.0,829.0,0.0,1498.0
2022-11-28 13:00:00,0.0,480.0,3240.0,0.0,635.0,0.0,0.0,0.0,650.0,0.0,1475.0
2022-11-28 14:00:00,0.0,508.0,3253.0,0.0,693.0,0.0,0.0,0.0,381.0,0.0,1504.0
2022-11-28 15:00:00,0.0,508.0,3302.0,0.0,867.0,0.0,0.0,0.0,100.0,0.0,1543.0
2022-11-28 16:00:00,0.0,511.0,3292.0,0.0,1268.0,0.0,0.0,0.0,1.0,0.0,1547.0
2022-11-28 17:00:00,0.0,521.0,3315.0,0.0,1384.0,0.0,0.0,0.0,0.0,0.0,1493.0
2022-11-28 18:00:00,0.0,515.0,3372.0,0.0,1023.0,0.0,0.0,0.0,0.0,0.0,1568.0
2022-11-28 19:00:00,0.0,508.0,3257.0,0.0,784.0,0.0,0.0,0.0,0.0,0.0,1614.0
2022-11-28 20:00:00,0.0,495.0,3169.0,0.0,701.0,0.0,0.0,0.0,0.0,0.0,1568.0
2022-11-28 21:00:00,0.0,481.0,3010.0,0.0,519.0,0.0,0.0,0.0,0.0,0.0,1564.0
2022-11-28 22:00:00,0.0,487.0,2569.0,0.0,234.0,0.0,0.0,0.0,0.0,0.0,1614.0
2022-11-28 23:00:00,0.0,458.0,1903.0,0.0,31.0,0.0,0.0,0.0,0.0,0.0,1588.0
2022-11-29 00:00:00,0.0,442.0,1787.0,0.0,4.0,0.0,0.0,0.0,0.0,0.0,1505.0
2022-11-29 01:00:00,0.0,449.0,1636.0,0.0,4.0,0.0,0.0,0.0,0.0,0.0,1460.0
2022-11-29 02:00:00,0.0,457.0,1532.0,0.0,4.0,0.0,0.0,0.0,0.0,0.0,1539.0
2022-11-29 03:00:00,0.0,450.0,1455.0,0.0,4.0,0.0,0.0,0.0,0.0,0.0,1610.0
2022-11-29 04:00:00,0.0,449.0,1566.0,0.0,4.0,0.0,0.0,0.0,0.0,0.0,1628.0
2022-11-29 05:00:00,0.0,451.0,1770.0,0.0,57.0,0.0,0.0,0.0,0.0,0.0,1578.0
2022-11-29 06:00:00,0.0,459.0,2313.0,0.0,268.0,0.0,0.0,0.0,6.0,0.0,1540.0
2022-11-29 07:00:00,0.0,462.0,2896.0,0.0,547.0,0.0,0.0,0.0,170.0,0.0,1407.0
2022-11-29 08:00:00,0.0,482.0,2956.0,0.0,1162.0,0.0,0.0,0.0,474.0,0.0,1365.0
2022-11-29 09:00:00,0.0,497.0,3044.0,0.0,1365.0,0.0,0.0,0.0,712.0,0.0,1300.0
2022-11-29 10:00:00,0.0,498.0,3265.0,0.0,1224.0,0.0,0.0,0.0,820.0,0.0,1187.0
2022-11-29 11:00:00,0.0,550.0,3233.0,0.0,1160.0,0.0,0.0,0.0,885.0,0.0,1135.0
2022-11-29 12:00:00,0.0,584.0,3243.0,0.0,1121.0,0.0,0.0,0.0,765.0,0.0,1180.0
2022-11-29 13:00:00,0.0,605.0,3407.0,0.0,1104.0,0.0,0.0,0.0,537.0,0.0,1064.0
2022-11-29 14:00:00,0.0,629.0,3444.0,0.0,1335.0,0.0,0.0,0.0,273.0,0.0,1108.0
2022-11-29 15:00:00,0.0,613.0,3377.0,0.0,1372.0,0.0,0.0,0.0,50.0,0.0,1123.0
2022-11-29 16:00:00,0.0,599.0,3292.0,0.0,1273.0,0.0,0.0,0.0,0.0,0.0,1193.0
2022-11-29 17:00:00,0.0,616.0,3370.0,0.0,1682.0,0.0,0.0,0.0,0.0,0.0,1375.0
2022-11-29 18:00:00,0.0,617.0,3449.0,0.0,1247.0,0.0,0.0,0.0,0.0,0.0,1498.0
2022-11-29 19:00:00,0.0,590.0,3307.0,0.0,1013.0,0.0,0.0,0.0,0.0,0.0,1460.0
2022-11-29 20:00:00,0.0,484.0,3300.0,0.0,677.0,0.0,0.0,0.0,0.0,0.0,1452.0
2022-11-29 21:00:00,0.0,443.0,3346.0,0.0,395.0,0.0,0.0,0.0,0.0,0.0,1333.0
2022-11-29 22:00:00,0.0,445.0,3160.0,0.0,331.0,0.0,0.0,0.0,0.0,0.0,1211.0
2022-11-29 23:00:00,0.0,459.0,2598.0,0.0,124.0,0.0,0.0,0.0,0.0,0.0,1179.0
2022-11-30 00:00:00,0.0,440.0,3051.0,0.0,186.0,0.0,0.0,0.0,0.0,0.0,1202.0
2022-11-30 01:00:00,0.0,440.0,3071.0,0.0,20.0,0.0,0.0,0.0,0.0,0.0,1087.0
2022-11-30 02:00:00,0.0,450.0,2972.0,0.0,4.0,0.0,0.0,0.0,0.0,0.0,1102.0
2022-11-30 03:00:00,0.0,437.0,2788.0,0.0,4.0,0.0,0.0,0.0,0.0,0.0,1340.0
2022-11-30 04:00:00,0.0,425.0,2985.0,0.0,5.0,0.0,0.0,0.0,0.0,0.0,1306.0
2022-11-30 05:00:00,0.0,400.0,3253.0,0.0,152.0,0.0,0.0,0.0,0.0,0.0,1307.0
2022-11-30 06:00:00,0.0,377.0,3398.0,0.0,499.0,0.0,0.0,0.0,1.0,0.0,1245.0
2022-11-30 07:00:00,0.0,410.0,3612.0,0.0,812.0,0.0,0.0,0.0,58.0,0.0,1258.0
2022-11-30 08:00:00,0.0,467.0,3756.0,0.0,794.0,0.0,0.0,0.0,220.0,0.0,1238.0
2022-11-30 09:00:00,0.0,515.0,3817.0,0.0,942.0,0.0,0.0,0.0,343.0,0.0,1190.0
2022-11-30 10:00:00,0.0,595.0,3862.0,0.0,1113.0,0.0,0.0,0.0,327.0,0.0,1164.0
2022-11-30 11:00:00,0.0,731.0,3861.0,0.0,1173.0,0.0,0.0,0.0,275.0,0.0,1086.0
2022-11-30 12:00:00,0.0,762.0,3862.0,0.0,1033.0,0.0,0.0,0.0,234.0,0.0,1107.0
2022-11-30 13:00:00,0.0,769.0,3857.0,0.0,904.0,0.0,0.0,0.0,176.0,0.0,1070.0
2022-11-30 14:00:00,0.0,757.0,3858.0,0.0,962.0,0.0,0.0,0.0,94.0,0.0,1010.0
2022-11-30 15:00:00,0.0,706.0,3846.0,0.0,812.0,0.0,0.0,0.0,22.0,0.0,943.0
2022-11-30 16:00:00,0.0,695.0,3828.0,0.0,975.0,0.0,0.0,0.0,0.0,0.0,984.0
2022-11-30 17:00:00,0.0,696.0,3847.0,0.0,1129.0,0.0,0.0,0.0,0.0,0.0,1053.0
2022-11-30 18:00:00,0.0,678.0,3776.0,0.0,807.0,0.0,0.0,0.0,0.0,0.0,1190.0
2022-11-30 19:00:00,0.0,679.0,3641.0,0.0,678.0,0.0,0.0,0.0,0.0,0.0,1258.0
2022-11-30 20:00:00,0.0,719.0,3576.0,0.0,583.0,0.0,0.0,0.0,0.0,0.0,1285.0
2022-11-30 21:00:00,0.0,728.0,3499.0,0.0,408.0,0.0,0.0,0.0,0.0,0.0,1319.0
2022-11-30 22:00:00,0.0,727.0,3451.0,0.0,231.0,0.0,0.0,0.0,0.0,0.0,1478.0
2022-11-30 23:00:00,0.0,708.0,2868.0,0.0,101.0,0.0,0.0,0.0,0.0,0.0,1587.0
2022-12-01 00:00:00,0.0,692.0,3242.0,0.0,227.0,0.0,0.0,0.0,0.0,0.0,1744.0
2022-12-01 01:00:00,0.0,684.0,3203.0,0.0,98.0,0.0,0.0,0.0,0.0,0.0,1681.0
2022-12-01 02:00:00,0.0,677.0,3154.0,0.0,46.0,0.0,0.0,0.0,0.0,0.0,1664.0
2022-12-01 03:00:00,0.0,676.0,3061.0,0.0,46.0,0.0,0.0,0.0,0.0,0.0,1665.0
2022-12-01 04:00:00,0.0,672.0,3232.0,0.0,61.0,0.0,0.0,0.0,0.0,0.0,1614.0
2022-12-01 05:00:00,0.0,704.0,3196.0,0.0,216.0,0.0,0.0,0.0,0.0,0.0,1714.0
2022-12-01 06:00:00,0.0,697.0,3371.0,0.0,481.0,0.0,0.0,0.0,6.0,0.0,1688.0
2022-12-01 07:00:00,0.0,727.0,3188.0,0.0,574.0,0.0,0.0,0.0,131.0,0.0,1683.0
2022-12-01 08:00:00,0.0,733.0,3123.0,0.0,444.0,0.0,0.0,0.0,373.0,0.0,1700.0
2022-12-01 09:00:00,0.0,651.0,3078.0,0.0,459.0,0.0,0.0,0.0,454.0,0.0,1692.0
2022-12-01 10:00:00,0.0,605.0,3460.0,0.0,342.0,0.0,0.0,0.0,388.0,0.0,1600.0
2022-12-01 11:00:00,0.0,597.0,3583.0,0.0,523.0,0.0,0.0,0.0,378.0,0.0,1466.0
2022-12-01 12:00:00,0.0,556.0,3608.0,0.0,608.0,0.0,0.0,0.0,331.0,0.0,1368.0
2022-12-01 13:00:00,0.0,557.0,3626.0,0.0,535.0,0.0,0.0,0.0,305.0,0.0,1380.0
2022-12-01 14:00:00,0.0,633.0,3621.0,0.0,580.0,0.0,0.0,0.0,210.0,0.0,1285.0
2022-12-01 15:00:00,0.0,685.0,3466.0,0.0,461.0,0.0,0.0,0.0,54.0,0.0,1219.0
2022-12-01 16:00:00,0.0,677.0,3580.0,0.0,460.0,0.0,0.0,0.0,0.0,0.0,1273.0
2022-12-01 17:00:00,0.0,680.0,3620.0,0.0,785.0,0.0,0.0,0.0,0.0,0.0,1205.0
2022-12-01 18:00:00,0.0,706.0,3789.0,0.0,764.0,0.0,0.0,0.0,0.0,0.0,1067.0
2022-12-01 19:00:00,0.0,709.0,3637.0,0.0,572.0,0.0,0.0,0.0,0.0,0.0,1050.0
2022-12-01 20:00:00,0.0,718.0,3787.0,0.0,368.0,0.0,0.0,0.0,0.0,0.0,959.0
2022-12-01 21:00:00,0.0,717.0,3860.0,0.0,276.0,0.0,0.0,0.0,0.0,0.0,777.0
2022-12-01 22:00:00,0.0,731.0,3895.0,0.0,340.0,0.0,0.0,0.0,0.0,0.0,576.0
2022-12-01 23:00:00,0.0,732.0,3659.0,0.0,204.0,0.0,0.0,0.0,0.0,0.0,541.0
2022-12-02 00:00:00,0.0,703.0,3518.0,0.0,37.0,0.0,0.0,0.0,0.0,0.0,571.0
2022-12-02 01:00:00,0.0,721.0,3429.0,0.0,33.0,0.0,0.0,0.0,0.0,0.0,559.0
2022-12-02 02:00:00,0.0,701.0,3316.0,0.0,33.0,0.0,0.0,0.0,0.0,0.0,492.0
2022-12-02 03:00:00,0.0,687.0,3362.0,0.0,5.0,0.0,0.0,0.0,0.0,0.0,442.0
2022-12-02 04:00:00,0.0,685.0,3555.0,0.0,4.0,0.0,0.0,0.0,0.0,0.0,417.0
2022-12-02 05:00:00,0.0,690.0,3718.0,0.0,71.0,0.0,0.0,0.0,0.0,0.0,332.0
2022-12-02 06:00:00,0.0,700.0,3969.0,0.0,284.0,0.0,0.0,0.0,10.0,0.0,288.0
2022-12-02 07:00:00,0.0,693.0,3659.0,0.0,427.0,0.0,0.0,0.0,342.0,0.0,258.0
2022-12-02 08:00:00,0.0,692.0,3538.0,0.0,283.0,0.0,0.0,0.0,1004.0,0.0,236.0
2022-12-02 09:00:00,0.0,691.0,3376.0,0.0,338.0,0.0,0.0,0.0,1527.0,0.0,193.0
2022-12-02 10:00:00,0.0,721.0,3262.0,0.0,300.0,0.0,0.0,0.0,1872.0,0.0,153.0
2022-12-02 11:00:00,0.0,785.0,3098.0,0.0,187.0,0.0,0.0,0.0,1929.0,0.0,118.0
2022-12-02 12:00:00,0.0,859.0,3243.0,0.0,59.0,0.0,0.0,0.0,1776.0,0.0,97.0
2022-12-02 13:00:00,0.0,863.0,3413.0,0.0,42.0,0.0,0.0,0.0,1340.0,0.0,78.0
2022-12-02 14:00:00,0.0,858.0,3642.0,0.0,163.0,0.0,0.0,0.0,766.0,0.0,83.0
2022-12-02 15:00:00,0.0,875.0,3860.0,0.0,869.0,0.0,0.0,0.0,169.0,0.0,62.0
2022-12-02 16:00:00,0.0,879.0,3693.0,0.0,1311.0,0.0,0.0,0.0,1.0,0.0,66.0
2022-12-02 17:00:00,0.0,885.0,3886.0,0.0,1311.0,0.0,0.0,0.0,0.0,0.0,65.0
2022-12-02 18:00:00,0.0,888.0,3967.0,0.0,1173.0,0.0,0.0,0.0,0.0,0.0,68.0
2022-12-02 19:00:00,0.0,886.0,3676.0,0.0,785.0,0.0,0.0,0.0,0.0,0.0,78.0
2022-12-02 20:00:00,0.0,887.0,3869.0,0.0,983.0,0.0,0.0,0.0,0.0,0.0,178.0
2022-12-02 21:00:00,0.0,890.0,3687.0,0.0,412.0,0.0,0.0,0.0,0.0,0.0,111.0
2022-12-02 22:00:00,0.0,885.0,3823.0,0.0,221.0,0.0,0.0,0.0,0.0,0.0,122.0
2022-12-02 23:00:00,0.0,877.0,3622.0,0.0,156.0,0.0,0.0,0.0,0.0,0.0,151.0
2022-12-03 00:00:00,0.0,853.0,3107.0,0.0,49.0,0.0,0.0,0.0,0.0,0.0,182.0
2022-12-03 01:00:00,0.0,877.0,2635.0,0.0,4.0,0.0,0.0,0.0,0.0,0.0,259.0
2022-12-03 02:00:00,0.0,868.0,2496.0,0.0,4.0,0.0,0.0,0.0,0.0,0.0,278.0
2022-12-03 03:00:00,0.0,888.0,2414.0,0.0,4.0,0.0,0.0,0.0,0.0,0.0,356.0
2022-12-03 04:00:00,0.0,891.0,2355.0,0.0,8.0,0.0,0.0,0.0,0.0,0.0,500.0
2022-12-03 05:00:00,0.0,879.0,2340.0,0.0,75.0,0.0,0.0,0.0,0.0,0.0,523.0
2022-12-03 06:00:00,0.0,896.0,2755.0,0.0,137.0,0.0,0.0,0.0,4.0,0.0,614.0
2022-12-03 07:00:00,0.0,882.0,3673.0,0.0,298.0,0.0,0.0,0.0,140.0,0.0,580.0
2022-12-03 08:00:00,0.0,880.0,3779.0,0.0,217.0,0.0,0.0,0.0,411.0,0.0,590.0
2022-12-03 09:00:00,0.0,876.0,3750.0,0.0,217.0,0.0,0.0,0.0,673.0,0.0,634.0
2022-12-03 10:00:00,0.0,880.0,3684.0,0.0,236.0,0.0,0.0,0.0,819.0,0.0,583.0
2022-12-03 11:00:00,0.0,876.0,3752.0,0.0,292.0,0.0,0.0,0.0,823.0,0.0,605.0
2022-12-03 12:00:00,0.0,897.0,3803.0,0.0,380.0,0.0,0.0,0.0,690.0,0.0,585.0
2022-12-03 13:00:00,0.0,906.0,3750.0,0.0,245.0,0.0,0.0,0.0,521.0,0.0,589.0
2022-12-03 14:00:00,0.0,872.0,3721.0,0.0,247.0,0.0,0.0,0.0,259.0,0.0,657.0
2022-12-03 15:00:00,0.0,866.0,3604.0,0.0,366.0,0.0,0.0,0.0,57.0,0.0,707.0
2022-12-03 16:00:00,0.0,864.0,3629.0,0.0,574.0,0.0,0.0,0.0,0.0,0.0,836.0
2022-12-03 17:00:00,0.0,871.0,3780.0,0.0,756.0,0.0,0.0,0.0,0.0,0.0,955.0
2022-12-03 18:00:00,0.0,871.0,3749.0,0.0,693.0,0.0,0.0,0.0,0.0,0.0,978.0
2022-12-03 19:00:00,0.0,861.0,3381.0,0.0,509.0,0.0,0.0,0.0,0.0,0.0,1048.0
2022-12-03 20:00:00,0.0,860.0,3016.0,0.0,279.0,0.0,0.0,0.0,0.0,0.0,1132.0
2022-12-03 21:00:00,0.0,857.0,2815.0,0.0,172.0,0.0,0.0,0.0,0.0,0.0,1183.0
2022-12-03 22:00:00,0.0,863.0,2477.0,0.0,124.0,0.0,0.0,0.0,0.0,0.0,1108.0
2022-12-03 23:00:00,0.0,820.0,2390.0,0.0,62.0,0.0,0.0,0.0,0.0,0.0,1008.0
2022-12-04 00:00:00,0.0,698.0,2043.0,0.0,4.0,0.0,0.0,0.0,0.0,0.0,1000.0
2022-12-04 01:00:00,0.0,674.0,1723.0,0.0,5.0,0.0,0.0,0.0,0.0,0.0,958.0
2022-12-04 02:00:00,0.0,688.0,1485.0,0.0,32.0,0.0,0.0,0.0,0.0,0.0,947.0
2022-12-04 03:00:00,0.0,650.0,1417.0,0.0,75.0,0.0,0.0,0.0,0.0,0.0,956.0
2022-12-04 04:00:00,0.0,654.0,1373.0,0.0,188.0,0.0,0.0,0.0,0.0,0.0,985.0
2022-12-04 05:00:00,0.0,648.0,1451.0,0.0,191.0,0.0,0.0,0.0,0.0,0.0,926.0
2022-12-04 06:00:00,0.0,648.0,1695.0,0.0,268.0,0.0,0.0,0.0,6.0,0.0,840.0
2022-12-04 07:00:00,0.0,647.0,1909.0,0.0,255.0,0.0,0.0,0.0,170.0,0.0,857.0
2022-12-04 08:00:00,0.0,639.0,2229.0,0.0,266.0,0.0,0.0,0.0,480.0,0.0,865.0
2022-12-04 09:00:00,0.0,643.0,2752.0,0.0,309.0,0.0,0.0,0.0,674.0,0.0,731.0
2022-12-04 10:00:00,0.0,656.0,2907.0,0.0,354.0,0.0,0.0,0.0,651.0,0.0,651.0
2022-12-04 11:00:00,0.0,657.0,2843.0,0.0,365.0,0.0,0.0,0.0,581.0,0.0,632.0
2022-12-04 12:00:00,0.0,681.0,3065.0,0.0,416.0,0.0,0.0,0.0,506.0,0.0,618.0
2022-12-04 13:00:00,0.0,668.0,3036.0,0.0,238.0,0.0,0.0,0.0,396.0,0.0,773.0
2022-12-04 14:00:00,0.0,627.0,2957.0,0.0,128.0,0.0,0.0,0.0,240.0,0.0,916.0
2022-12-04 15:00:00,0.0,638.0,3054.0,0.0,319.0,0.0,0.0,0.0,44.0,0.0,887.0
2022-12-04 16:00:00,0.0,643.0,3204.0,0.0,511.0,0.0,0.0,0.0,0.0,0.0,884.0
2022-12-04 17:00:00,0.0,637.0,3444.0,0.0,744.0,0.0,0.0,0.0,0.0,0.0,871.0
2022-12-04 18:00:00,0.0,631.0,3419.0,0.0,627.0,0.0,0.0,0.0,0.0,0.0,845.0
2022-12-04 19:00:00,0.0,638.0,3375.0,0.0,518.0,0.0,0.0,0.0,0.0,0.0,851.0
2022-12-04 20:00:00,0.0,640.0,3346.0,0.0,489.0,0.0,0.0,0.0,0.0,0.0,795.0
2022-12-04 21:00:00,0.0,637.0,3147.0,0.0,365.0,0.0,0.0,0.0,0.0,0.0,717.0
2022-12-04 22:00:00,0.0,636.0,2696.0,0.0,39.0,0.0,0.0,0.0,0.0,0.0,662.0
2022-12-04 23:00:00,0.0,634.0,2412.0,0.0,4.0,0.0,0.0,0.0,0.0,0.0,638.0
2022-12-05 00:00:00,0.0,648.0,3132.0,0.0,4.0,0.0,0.0,0.0,0.0,0.0,650.0
2022-12-05 01:00:00,0.0,646.0,2918.0,0.0,4.0,0.0,0.0,0.0,0.0,0.0,709.0
2022-12-05 02:00:00,0.0,632.0,3049.0,0.0,4.0,0.0,0.0,0.0,0.0,0.0,668.0
2022-12-05 03:00:00,0.0,514.0,3258.0,0.0,14.0,0.0,0.0,0.0,0.0,0.0,663.0
2022-12-05 04:00:00,0.0,407.0,3249.0,0.0,76.0,0.0,0.0,0.0,0.0,0.0,715.0
2022-12-05 05:00:00,0.0,409.0,3387.0,0.0,186.0,0.0,0.0,0.0,0.0,0.0,658.0
2022-12-05 06:00:00,0.0,407.0,3576.0,0.0,321.0,0.0,0.0,0.0,3.0,0.0,609.0
2022-12-05 07:00:00,0.0,412.0,3823.0,0.0,291.0,0.0,0.0,0.0,86.0,0.0,611.0
2022-12-05 08:00:00,0.0,416.0,3870.0,0.0,534.0,0.0,0.0,0.0,291.0,0.0,564.0
2022-12-05 09:00:00,0.0,414.0,3987.0,0.0,785.0,0.0,0.0,0.0,547.0,0.0,457.0
2022-12-05 10:00:00,0.0,416.0,3805.0,0.0,883.0,0.0,0.0,0.0,671.0,0.0,425.0
2022-12-05 11:00:00,0.0,418.0,3781.0,0.0,749.0,0.0,0.0,0.0,727.0,0.0,417.0
2022-12-05 12:00:00,0.0,419.0,3812.0,0.0,875.0,0.0,0.0,0.0,649.0,0.0,403.0
2022-12-05 13:00:00,0.0,395.0,3919.0,0.0,771.0,0.0,0.0,0.0,503.0,0.0,369.0
2022-12-05 14:00:00,0.0,396.0,3882.0,0.0,772.0,0.0,0.0,0.0,278.0,0.0,419.0
2022-12-05 15:00:00,0.0,401.0,3876.0,0.0,908.0,0.0,0.0,0.0,55.0,0.0,400.0
2022-12-05 16:00:00,0.0,404.0,3931.0,0.0,1150.0,0.0,0.0,0.0,0.0,0.0,403.0
2022-12-05 17:00:00,0.0,421.0,3935.0,0.0,1513.0,0.0,0.0,0.0,0.0,0.0,373.0
2022-12-05 18:00:00,0.0,432.0,3781.0,0.0,1445.0,0.0,0.0,0.0,0.0,0.0,424.0
2022-12-05 19:00:00,0.0,434.0,3695.0,0.0,1279.0,0.0,0.0,0.0,0.0,0.0,422.0
2022-12-05 20:00:00,0.0,432.0,3884.0,0.0,764.0,0.0,0.0,0.0,0.0,0.0,347.0
2022-12-05 21:00:00,0.0,435.0,3750.0,0.0,466.0,0.0,0.0,0.0,0.0,0.0,293.0
2022-12-05 22:00:00,0.0,441.0,3686.0,0.0,299.0,0.0,0.0,0.0,0.0,0.0,303.0
2022-12-05 23:00:00,0.0,441.0,3610.0,0.0,218.0,0.0,0.0,0.0,0.0,0.0,362.0
2022-12-06 00:00:00,0.0,436.0,3303.0,0.0,32.0,0.0,0.0,0.0,0.0,0.0,353.0
2022-12-06 01:00:00,0.0,425.0,3261.0,0.0,27.0,0.0,0.0,0.0,0.0,0.0,325.0
2022-12-06 02:00:00,0.0,434.0,3226.0,0.0,38.0,0.0,0.0,0.0,0.0,0.0,303.0
2022-12-06 03:00:00,0.0,443.0,3377.0,0.0,138.0,0.0,0.0,0.0,0.0,0.0,289.0
2022-12-06 04:00:00,0.0,442.0,3241.0,0.0,161.0,0.0,0.0,0.0,0.0,0.0,258.0
2022-12-06 05:00:00,0.0,431.0,3358.0,0.0,345.0,0.0,0.0,0.0,0.0,0.0,244.0
2022-12-06 06:00:00,0.0,444.0,3693.0,0.0,673.0,0.0,0.0,0.0,6.0,0.0,262.0
2022-12-06 07:00:00,0.0,569.0,3837.0,0.0,893.0,0.0,0.0,0.0,171.0,0.0,220.0
2022-12-06 08:00:00,0.0,640.0,3725.0,0.0,1167.0,0.0,0.0,0.0,547.0,0.0,185.0
2022-12-06 09:00:00,0.0,650.0,3755.0,0.0,977.0,0.0,0.0,0.0,942.0,0.0,149.0
2022-12-06 10:00:00,0.0,654.0,3683.0,0.0,563.0,0.0,0.0,0.0,1132.0,0.0,130.0
2022-12-06 11:00:00,0.0,674.0,3756.0,0.0,380.0,0.0,0.0,0.0,1108.0,0.0,103.0
2022-12-06 12:00:00,0.0,666.0,3799.0,0.0,462.0,0.0,0.0,0.0,915.0,0.0,102.0
2022-12-06 13:00:00,0.0,678.0,3779.0,0.0,669.0,0.0,0.0,0.0,594.0,0.0,95.0
2022-12-06 14:00:00,0.0,688.0,3750.0,0.0,844.0,0.0,0.0,0.0,319.0,0.0,101.0
2022-12-06 15:00:00,0.0,683.0,3783.0,0.0,1130.0,0.0,0.0,0.0,69.0,0.0,104.0
2022-12-06 16:00:00,0.0,678.0,3588.0,0.0,1066.0,0.0,0.0,0.0,0.0,0.0,119.0
2022-12-06 17:00:00,0.0,675.0,3814.0,0.0,988.0,0.0,0.0,0.0,0.0,0.0,161.0
2022-12-06 18:00:00,0.0,669.0,3945.0,0.0,831.0,0.0,0.0,0.0,0.0,0.0,208.0
2022-12-06 19:00:00,0.0,682.0,3899.0,0.0,706.0,0.0,0.0,0.0,0.0,0.0,197.0
2022-12-06 20:00:00,0.0,692.0,3863.0,0.0,632.0,0.0,0.0,0.0,0.0,0.0,183.0
2022-12-06 21:00:00,0.0,687.0,3506.0,0.0,451.0,0.0,0.0,0.0,0.0,0.0,231.0
2022-12-06 22:00:00,0.0,697.0,3254.0,0.0,374.0,0.0,0.0,0.0,0.0,0.0,255.0
2022-12-06 23:00:00,0.0,704.0,3240.0,0.0,246.0,0.0,0.0,0.0,0.0,0.0,312.0
2022-12-07 00:00:00,0.0,718.0,3201.0,0.0,63.0,0.0,0.0,0.0,0.0,0.0,346.0
2022-12-07 01:00:00,0.0,731.0,3041.0,0.0,27.0,0.0,0.0,0.0,0.0,0.0,415.0
2022-12-07 02:00:00,0.0,725.0,2828.0,0.0,25.0,0.0,0.0,0.0,0.0,0.0,490.0
2022-12-07 03:00:00,0.0,697.0,2904.0,0.0,32.0,0.0,0.0,0.0,0.0,0.0,476.0
2022-12-07 04:00:00,0.0,744.0,3028.0,0.0,32.0,0.0,0.0,0.0,0.0,0.0,514.0
2022-12-07 05:00:00,0.0,814.0,2979.0,0.0,216.0,0.0,0.0,0.0,0.0,0.0,546.0
2022-12-07 06:00:00,0.0,859.0,3438.0,0.0,428.0,0.0,0.0,0.0,4.0,0.0,539.0
2022-12-07 07:00:00,0.0,913.0,3736.0,0.0,457.0,0.0,0.0,0.0,128.0,0.0,581.0
2022-12-07 08:00:00,0.0,971.0,3680.0,0.0,423.0,0.0,0.0,0.0,414.0,0.0,664.0
2022-12-07 09:00:00,0.0,921.0,3693.0,0.0,508.0,0.0,0.0,0.0,716.0,0.0,616.0
2022-12-07 10:00:00,0.0,966.0,3605.0,0.0,428.0,0.0,0.0,0.0,1008.0,0.0,553.0
2022-12-07 11:00:00,0.0,1049.0,3625.0,0.0,239.0,0.0,0.0,0.0,1087.0,0.0,542.0
2022-12-07 12:00:00,0.0,1111.0,3660.0,0.0,398.0,0.0,0.0,0.0,974.0,0.0,491.0
2022-12-07 13:00:00,0.0,1157.0,3709.0,0.0,310.0,0.0,0.0,0.0,769.0,0.0,418.0
2022-12-07 14:00:00,0.0,1177.0,3636.0,0.0,396.0,0.0,0.0,0.0,415.0,0.0,481.0
2022-12-07 15:00:00,0.0,1166.0,3778.0,0.0,718.0,0.0,0.0,0.0,90.0,0.0,494.0
2022-12-07 16:00:00,0.0,1162.0,3718.0,0.0,890.0,0.0,0.0,0.0,0.0,0.0,536.0
2022-12-07 17:00:00,0.0,1162.0,3832.0,0.0,1284.0,0.0,0.0,0.0,0.0,0.0,540.0
2022-12-07 18:00:00,0.0,1185.0,3869.0,0.0,989.0,0.0,0.0,0.0,0.0,0.0,545.0
2022-12-07 19:00:00,0.0,1207.0,3929.0,0.0,779.0,0.0,0.0,0.0,0.0,0.0,600.0
2022-12-07 20:00:00,0.0,1205.0,3752.0,0.0,477.0,0.0,0.0,0.0,0.0,0.0,703.0
2022-12-07 21:00:00,0.0,1211.0,3403.0,0.0,254.0,0.0,0.0,0.0,0.0,0.0,826.0
2022-12-07 22:00:00,0.0,1201.0,3354.0,0.0,214.0,0.0,0.0,0.0,0.0,0.0,764.0
2022-12-07 23:00:00,0.0,1215.0,3198.0,0.0,76.0,0.0,0.0,0.0,0.0,0.0,731.0
2022-12-08 00:00:00,0.0,1138.0,3140.0,0.0,26.0,0.0,0.0,0.0,0.0,0.0,753.0
2022-12-08 01:00:00,0.0,1115.0,3056.0,0.0,43.0,0.0,0.0,0.0,0.0,0.0,754.0
2022-12-08 02:00:00,0.0,1079.0,3015.0,0.0,27.0,0.0,0.0,0.0,0.0,0.0,775.0
2022-12-08 03:00:00,0.0,1069.0,2981.0,0.0,38.0,0.0,0.0,0.0,0.0,0.0,706.0
2022-12-08 04:00:00,0.0,1129.0,2953.0,0.0,69.0,0.0,0.0,0.0,0.0,0.0,714.0
2022-12-08 05:00:00,0.0,1149.0,2944.0,0.0,207.0,0.0,0.0,0.0,0.0,0.0,696.0
2022-12-08 06:00:00,0.0,1105.0,2796.0,0.0,329.0,0.0,0.0,0.0,7.0,0.0,691.0
2022-12-08 07:00:00,0.0,925.0,3067.0,0.0,403.0,0.0,0.0,0.0,197.0,0.0,666.0
2022-12-08 08:00:00,0.0,896.0,2924.0,0.0,531.0,0.0,0.0,0.0,631.0,0.0,663.0
2022-12-08 09:00:00,0.0,890.0,2900.0,0.0,487.0,0.0,0.0,0.0,994.0,0.0,600.0
2022-12-08 10:00:00,0.0,930.0,2691.0,0.0,455.0,0.0,0.0,0.0,1218.0,0.0,644.0
2022-12-08 11:00:00,0.0,926.0,2857.0,0.0,530.0,0.0,0.0,0.0,1196.0,0.0,686.0
2022-12-08 12:00:00,0.0,938.0,2935.0,0.0,634.0,0.0,0.0,0.0,1095.0,0.0,701.0
2022-12-08 13:00:00,0.0,912.0,2949.0,0.0,545.0,0.0,0.0,0.0,829.0,0.0,741.0
2022-12-08 14:00:00,0.0,909.0,2923.0,0.0,414.0,0.0,0.0,0.0,464.0,0.0,875.0
2022-12-08 15:00:00,0.0,895.0,3050.0,0.0,537.0,0.0,0.0,0.0,116.0,0.0,852.0
2022-12-08 16:00:00,0.0,910.0,3139.0,0.0,629.0,0.0,0.0,0.0,1.0,0.0,886.0
2022-12-08 17:00:00,0.0,907.0,3503.0,0.0,927.0,0.0,0.0,0.0,0.0,0.0,888.0
2022-12-08 18:00:00,0.0,871.0,3490.0,0.0,981.0,0.0,0.0,0.0,0.0,0.0,924.0
2022-12-08 19:00:00,0.0,949.0,3528.0,0.0,840.0,0.0,0.0,0.0,0.0,0.0,1004.0
2022-12-08 20:00:00,0.0,1025.0,3433.0,0.0,805.0,0.0,0.0,0.0,0.0,0.0,1114.0
2022-12-08 21:00:00,0.0,1036.0,3365.0,0.0,384.0,0.0,0.0,0.0,0.0,0.0,1093.0
2022-12-08 22:00:00,0.0,1077.0,3311.0,0.0,216.0,0.0,0.0,0.0,0.0,0.0,1105.0
2022-12-08 23:00:00,0.0,1129.0,2981.0,0.0,174.0,0.0,0.0,0.0,0.0,0.0,1110.0
2022-12-09 00:00:00,0.0,1086.0,1903.0,0.0,0.0,0.0,0.0,0.0,0.0,0.0,1111.0
2022-12-09 01:00:00,0.0,992.0,1803.0,0.0,0.0,0.0,0.0,0.0,0.0,0.0,1098.0
2022-12-09 02:00:00,0.0,952.0,1808.0,0.0,0.0,0.0,0.0,0.0,0.0,0.0,1061.0
2022-12-09 03:00:00,0.0,938.0,1694.0,0.0,0.0,0.0,0.0,0.0,0.0,0.0,1106.0
2022-12-09 04:00:00,0.0,933.0,1800.0,0.0,2.0,0.0,0.0,0.0,0.0,0.0,1173.0
2022-12-09 05:00:00,0.0,955.0,2098.0,0.0,142.0,0.0,0.0,0.0,0.0,0.0,1230.0
2022-12-09 06:00:00,0.0,1050.0,2748.0,0.0,335.0,0.0,0.0,0.0,5.0,0.0,1220.0
2022-12-09 07:00:00,0.0,1159.0,3033.0,0.0,286.0,0.0,0.0,0.0,151.0,0.0,1279.0
2022-12-09 08:00:00,0.0,1174.0,3034.0,0.0,324.0,0.0,0.0,0.0,530.0,0.0,1306.0
2022-12-09 09:00:00,0.0,1186.0,3078.0,0.0,303.0,0.0,0.0,0.0,799.0,0.0,1355.0
2022-12-09 10:00:00,0.0,1167.0,3027.0,0.0,264.0,0.0,0.0,0.0,933.0,0.0,1381.0
2022-12-09 11:00:00,0.0,1010.0,2975.0,0.0,166.0,0.0,0.0,0.0,987.0,0.0,1502.0
2022-12-09 12:00:00,0.0,967.0,3132.0,0.0,148.0,0.0,0.0,0.0,825.0,0.0,1546.0
2022-12-09 13:00:00,0.0,966.0,3046.0,0.0,109.0,0.0,0.0,0.0,656.0,0.0,1624.0
2022-12-09 14:00:00,0.0,992.0,3237.0,0.0,156.0,0.0,0.0,0.0,364.0,0.0,1695.0
2022-12-09 15:00:00,0.0,994.0,3320.0,0.0,236.0,0.0,0.0,0.0,70.0,0.0,1707.0
2022-12-09 16:00:00,0.0,941.0,3500.0,0.0,463.0,0.0,0.0,0.0,0.0,0.0,1722.0
2022-12-09 17:00:00,0.0,949.0,3395.0,0.0,709.0,0.0,0.0,0.0,0.0,0.0,1807.0
2022-12-09 18:00:00,0.0,928.0,3294.0,0.0,819.0,0.0,0.0,0.0,0.0,0.0,1835.0
2022-12-09 19:00:00,0.0,944.0,3407.0,0.0,580.0,0.0,0.0,0.0,0.0,0.0,1894.0
2022-12-09 20:00:00,0.0,992.0,2887.0,0.0,266.0,0.0,0.0,0.0,0.0,0.0,1922.0
2022-12-09 21:00:00,0.0,984.0,2549.0,0.0,179.0,0.0,0.0,0.0,0.0,0.0,1958.0
2022-12-09 22:00:00,0.0,1011.0,2055.0,0.0,96.0,0.0,0.0,0.0,0.0,0.0,2020.0
2022-12-09 23:00:00,0.0,1044.0,1361.0,0.0,30.0,0.0,0.0,0.0,0.0,0.0,2102.0
2022-12-10 00:00:00,0.0,1054.0,955.0,0.0,0.0,0.0,0.0,0.0,0.0,0.0,2082.0
2022-12-10 01:00:00,0.0,1045.0,604.0,0.0,0.0,0.0,0.0,0.0,0.0,0.0,2196.0
2022-12-10 02:00:00,0.0,969.0,532.0,0.0,0.0,0.0,0.0,0.0,0.0,0.0,2272.0
2022-12-10 03:00:00,0.0,997.0,590.0,0.0,26.0,0.0,0.0,0.0,0.0,0.0,2185.0
2022-12-10 04:00:00,0.0,964.0,574.0,0.0,32.0,0.0,0.0,0.0,0.0,0.0,2235.0
2022-12-10 05:00:00,0.0,1035.0,851.0,0.0,195.0,0.0,0.0,0.0,0.0,0.0,2193.0
2022-12-10 06:00:00,0.0,1090.0,1062.0,0.0,198.0,0.0,0.0,0.0,1.0,0.0,2175.0
2022-12-10 07:00:00,0.0,1117.0,1671.0,0.0,328.0,0.0,0.0,0.0,58.0,0.0,2140.0
2022-12-10 08:00:00,0.0,1157.0,2042.0,0.0,333.0,0.0,0.0,0.0,191.0,0.0,2202.0
2022-12-10 09:00:00,0.0,1174.0,2208.0,0.0,243.0,0.0,0.0,0.0,325.0,0.0,2225.0
2022-12-10 10:00:00,0.0,1177.0,2456.0,0.0,162.0,0.0,0.0,0.0,407.0,0.0,2250.0
2022-12-10 11:00:00,0.0,1172.0,2519.0,0.0,224.0,0.0,0.0,0.0,438.0,0.0,2251.0
2022-12-10 12:00:00,0.0,1166.0,2577.0,0.0,354.0,0.0,0.0,0.0,350.0,0.0,2360.0
2022-12-10 13:00:00,0.0,1162.0,2384.0,0.0,279.0,0.0,0.0,0.0,346.0,0.0,2434.0
2022-12-10 14:00:00,0.0,1116.0,2262.0,0.0,291.0,0.0,0.0,0.0,234.0,0.0,2554.0
2022-12-10 15:00:00,0.0,1085.0,2399.0,0.0,357.0,0.0,0.0,0.0,51.0,0.0,2705.0
2022-12-10 16:00:00,0.0,1104.0,2365.0,0.0,555.0,0.0,0.0,0.0,0.0,0.0,2748.0
2022-12-10 17:00:00,0.0,1125.0,2396.0,0.0,763.0,0.0,0.0,0.0,0.0,0.0,2743.0
2022-12-10 18:00:00,0.0,1125.0,2268.0,0.0,977.0,0.0,0.0,0.0,0.0,0.0,2808.0
2022-12-10 19:00:00,0.0,1126.0,2197.0,0.0,791.0,0.0,0.0,0.0,0.0,0.0,2743.0
2022-12-10 20:00:00,0.0,1127.0,2046.0,0.0,553.0,0.0,0.0,0.0,0.0,0.0,2726.0
2022-12-10 21:00:00,0.0,1119.0,1555.0,0.0,401.0,0.0,0.0,0.0,0.0,0.0,2650.0
2022-12-10 22:00:00,0.0,982.0,809.0,0.0,353.0,0.0,0.0,0.0,0.0,0.0,2726.0
2022-12-10 23:00:00,0.0,970.0,587.0,0.0,303.0,0.0,0.0,0.0,0.0,0.0,2838.0
2022-12-11 00:00:00,0.0,799.0,273.0,0.0,191.0,0.0,0.0,0.0,0.0,0.0,2833.0
2022-12-11 01:00:00,0.0,656.0,321.0,0.0,292.0,0.0,0.0,0.0,0.0,0.0,2686.0
2022-12-11 02:00:00,0.0,561.0,274.0,0.0,211.0,0.0,0.0,0.0,0.0,0.0,2708.0
2022-12-11 03:00:00,0.0,535.0,376.0,0.0,265.0,0.0,0.0,0.0,0.0,0.0,2582.0
2022-12-11 04:00:00,0.0,468.0,528.0,0.0,398.0,0.0,0.0,0.0,0.0,0.0,2432.0
2022-12-11 05:00:00,0.0,480.0,526.0,0.0,588.0,0.0,0.0,0.0,0.0,0.0,2329.0
2022-12-11 06:00:00,0.0,477.0,498.0,0.0,786.0,0.0,0.0,0.0,0.0,0.0,2189.0
2022-12-11 07:00:00,0.0,563.0,571.0,0.0,595.0,0.0,0.0,0.0,68.0,0.0,2317.0
2022-12-11 08:00:00,0.0,609.0,520.0,0.0,602.0,0.0,0.0,0.0,348.0,0.0,2422.0
2022-12-11 09:00:00,0.0,616.0,489.0,0.0,457.0,0.0,0.0,0.0,698.0,0.0,2408.0
2022-12-11 10:00:00,0.0,559.0,633.0,0.0,342.0,0.0,0.0,0.0,874.0,0.0,2511.0
2022-12-11 11:00:00,0.0,545.0,718.0,0.0,422.0,0.0,0.0,0.0,604.0,0.0,2492.0
2022-12-11 12:00:00,0.0,595.0,909.0,0.0,560.0,0.0,0.0,0.0,494.0,0.0,2403.0
2022-12-11 13:00:00,0.0,632.0,710.0,0.0,463.0,0.0,0.0,0.0,440.0,0.0,2408.0
2022-12-11 14:00:00,0.0,654.0,835.0,0.0,411.0,0.0,0.0,0.0,357.0,0.0,2380.0
2022-12-11 15:00:00,0.0,666.0,1253.0,0.0,460.0,0.0,0.0,0.0,101.0,0.0,2323.0
2022-12-11 16:00:00,0.0,674.0,1936.0,0.0,806.0,0.0,0.0,0.0,0.0,0.0,2242.0
2022-12-11 17:00:00,0.0,680.0,2144.0,0.0,1131.0,0.0,0.0,0.0,0.0,0.0,1964.0
2022-12-11 18:00:00,0.0,697.0,2105.0,0.0,1190.0,0.0,0.0,0.0,0.0,0.0,1914.0
2022-12-11 19:00:00,0.0,701.0,1872.0,0.0,1014.0,0.0,0.0,0.0,0.0,0.0,2160.0
2022-12-11 20:00:00,0.0,704.0,1999.0,0.0,721.0,0.0,0.0,0.0,0.0,0.0,2168.0
2022-12-11 21:00:00,0.0,711.0,1581.0,0.0,554.0,0.0,0.0,0.0,0.0,0.0,2184.0
2022-12-11 22:00:00,0.0,725.0,1105.0,0.0,430.0,0.0,0.0,0.0,0.0,0.0,2134.0
2022-12-11 23:00:00,0.0,703.0,599.0,0.0,276.0,0.0,0.0,0.0,0.0,0.0,2070.0
2022-12-12 00:00:00,0.0,633.0,658.0,0.0,299.0,0.0,0.0,0.0,0.0,0.0,1979.0
2022-12-12 01:00:00,0.0,450.0,761.0,0.0,317.0,0.0,0.0,0.0,0.0,0.0,1879.0
2022-12-12 02:00:00,0.0,446.0,767.0,0.0,326.0,0.0,0.0,0.0,0.0,0.0,1883.0
2022-12-12 03:00:00,0.0,446.0,920.0,0.0,325.0,0.0,0.0,0.0,0.0,0.0,1708.0
2022-12-12 04:00:00,0.0,589.0,986.0,0.0,345.0,0.0,0.0,0.0,0.0,0.0,1646.0
2022-12-12 05:00:00,0.0,691.0,1622.0,0.0,483.0,0.0,0.0,0.0,0.0,0.0,1474.0
2022-12-12 06:00:00,0.0,710.0,2809.0,0.0,690.0,0.0,0.0,0.0,3.0,0.0,1333.0
2022-12-12 07:00:00,0.0,717.0,3100.0,0.0,825.0,0.0,0.0,0.0,200.0,0.0,1196.0
2022-12-12 08:00:00,0.0,695.0,3095.0,0.0,1004.0,0.0,0.0,0.0,751.0,0.0,1142.0
2022-12-12 09:00:00,0.0,691.0,3001.0,0.0,806.0,0.0,0.0,0.0,1256.0,0.0,1069.0
2022-12-12 10:00:00,0.0,682.0,3120.0,0.0,502.0,0.0,0.0,0.0,1490.0,0.0,1052.0
2022-12-12 11:00:00,0.0,676.0,2875.0,0.0,441.0,0.0,0.0,0.0,1518.0,0.0,1194.0
2022-12-12 12:00:00,0.0,665.0,3133.0,0.0,542.0,0.0,0.0,0.0,1189.0,0.0,1149.0
2022-12-12 13:00:00,0.0,667.0,3313.0,0.0,768.0,0.0,0.0,0.0,806.0,0.0,1057.0
2022-12-12 14:00:00,0.0,681.0,3411.0,0.0,1121.0,0.0,0.0,0.0,384.0,0.0,1045.0
2022-12-12 15:00:00,0.0,694.0,3455.0,0.0,889.0,0.0,0.0,0.0,69.0,0.0,1125.0
2022-12-12 16:00:00,0.0,702.0,3535.0,0.0,1090.0,0.0,0.0,0.0,0.0,0.0,1320.0
2022-12-12 17:00:00,0.0,706.0,3496.0,0.0,1595.0,0.0,0.0,0.0,0.0,0.0,1429.0
2022-12-12 18:00:00,0.0,702.0,3491.0,0.0,1533.0,0.0,0.0,0.0,0.0,0.0,1414.0
2022-12-12 19:00:00,0.0,711.0,3500.0,0.0,1208.0,0.0,0.0,0.0,0.0,0.0,1462.0
2022-12-12 20:00:00,0.0,721.0,3428.0,0.0,942.0,0.0,0.0,0.0,0.0,0.0,1627.0
2022-12-12 21:00:00,0.0,720.0,3199.0,0.0,655.0,0.0,0.0,0.0,0.0,0.0,1695.0
2022-12-12 22:00:00,0.0,730.0,2727.0,0.0,469.0,0.0,0.0,0.0,0.0,0.0,1861.0
2022-12-12 23:00:00,0.0,721.0,2419.0,0.0,313.0,0.0,0.0,0.0,0.0,0.0,1878.0
2022-12-13 00:00:00,0.0,685.0,2349.0,0.0,200.0,0.0,0.0,0.0,0.0,0.0,1850.0
2022-12-13 01:00:00,0.0,661.0,2497.0,0.0,200.0,0.0,0.0,0.0,0.0,0.0,1508.0
2022-12-13 02:00:00,0.0,671.0,2651.0,0.0,200.0,0.0,0.0,0.0,0.0,0.0,1256.0
2022-12-13 03:00:00,0.0,674.0,2797.0,0.0,201.0,0.0,0.0,0.0,0.0,0.0,1094.0
2022-12-13 04:00:00,0.0,653.0,2633.0,0.0,200.0,0.0,0.0,0.0,0.0,0.0,1117.0
2022-12-13 05:00:00,0.0,662.0,3024.0,0.0,338.0,0.0,0.0,0.0,0.0,0.0,963.0
2022-12-13 06:00:00,0.0,705.0,3036.0,0.0,596.0,0.0,0.0,0.0,1.0,0.0,887.0
2022-12-13 07:00:00,0.0,720.0,3739.0,0.0,808.0,0.0,0.0,0.0,57.0,0.0,840.0
2022-12-13 08:00:00,0.0,717.0,3762.0,0.0,1165.0,0.0,0.0,0.0,193.0,0.0,776.0
2022-12-13 09:00:00,0.0,722.0,3542.0,0.0,1230.0,0.0,0.0,0.0,523.0,0.0,694.0
2022-12-13 10:00:00,0.0,748.0,3209.0,0.0,871.0,0.0,0.0,0.0,901.0,0.0,721.0
2022-12-13 11:00:00,0.0,887.0,3097.0,0.0,718.0,0.0,0.0,0.0,916.0,0.0,557.0
2022-12-13 12:00:00,0.0,928.0,3521.0,0.0,794.0,0.0,0.0,0.0,918.0,0.0,393.0
2022-12-13 13:00:00,0.0,877.0,3430.0,0.0,874.0,0.0,0.0,0.0,761.0,0.0,420.0
2022-12-13 14:00:00,0.0,904.0,3209.0,0.0,876.0,0.0,0.0,0.0,494.0,0.0,533.0
2022-12-13 15:00:00,0.0,1084.0,3081.0,0.0,840.0,0.0,0.0,0.0,80.0,0.0,690.0
2022-12-13 16:00:00,0.0,1027.0,3349.0,0.0,1706.0,0.0,0.0,0.0,0.0,0.0,683.0
2022-12-13 17:00:00,0.0,1128.0,3647.0,0.0,2069.0,0.0,0.0,0.0,0.0,0.0,462.0
2022-12-13 18:00:00,0.0,1120.0,3482.0,0.0,2091.0,0.0,0.0,0.0,0.0,0.0,342.0
2022-12-13 19:00:00,0.0,1216.0,3299.0,0.0,1596.0,0.0,0.0,0.0,0.0,0.0,438.0
2022-12-13 20:00:00,0.0,1258.0,3350.0,0.0,1032.0,0.0,0.0,0.0,0.0,0.0,387.0
2022-12-13 21:00:00,0.0,1285.0,3266.0,0.0,362.0,0.0,0.0,0.0,0.0,0.0,363.0
2022-12-13 22:00:00,0.0,1314.0,2861.0,0.0,361.0,0.0,0.0,0.0,0.0,0.0,434.0
2022-12-13 23:00:00,0.0,1257.0,2539.0,0.0,357.0,0.0,0.0,0.0,0.0,0.0,506.0
2022-12-14 00:00:00,0.0,1269.0,3034.0,0.0,152.0,0.0,0.0,0.0,0.0,0.0,497.0
2022-12-14 01:00:00,0.0,1319.0,3045.0,0.0,123.0,0.0,0.0,0.0,0.0,0.0,505.0
2022-12-14 02:00:00,0.0,1325.0,2877.0,0.0,103.0,0.0,0.0,0.0,0.0,0.0,554.0
2022-12-14 03:00:00,0.0,1343.0,2742.0,0.0,103.0,0.0,0.0,0.0,0.0,0.0,548.0
2022-12-14 04:00:00,0.0,1321.0,2835.0,0.0,104.0,0.0,0.0,0.0,0.0,0.0,481.0
2022-12-14 05:00:00,0.0,1330.0,3182.0,0.0,183.0,0.0,0.0,0.0,0.0,0.0,436.0
2022-12-14 06:00:00,0.0,1354.0,3311.0,0.0,845.0,0.0,0.0,0.0,3.0,0.0,396.0
2022-12-14 07:00:00,0.0,1363.0,3326.0,0.0,982.0,0.0,0.0,0.0,107.0,0.0,373.0
2022-12-14 08:00:00,0.0,1351.0,3400.0,0.0,988.0,0.0,0.0,0.0,330.0,0.0,375.0
2022-12-14 09:00:00,0.0,1345.0,3439.0,0.0,1038.0,0.0,0.0,0.0,574.0,0.0,334.0
2022-12-14 10:00:00,0.0,1350.0,3286.0,0.0,806.0,0.0,0.0,0.0,671.0,0.0,327.0
2022-12-14 11:00:00,0.0,1393.0,3245.0,0.0,630.0,0.0,0.0,0.0,662.0,0.0,297.0
2022-12-14 12:00:00,0.0,1371.0,3313.0,0.0,854.0,0.0,0.0,0.0,527.0,0.0,300.0
2022-12-14 13:00:00,0.0,1362.0,3000.0,0.0,932.0,0.0,0.0,0.0,354.0,0.0,307.0
2022-12-14 14:00:00,0.0,1360.0,3003.0,0.0,868.0,0.0,0.0,0.0,178.0,0.0,392.0
2022-12-14 15:00:00,0.0,1307.0,3200.0,0.0,655.0,0.0,0.0,0.0,32.0,0.0,466.0
2022-12-14 16:00:00,0.0,1332.0,3143.0,0.0,716.0,0.0,0.0,0.0,0.0,0.0,651.0
2022-12-14 17:00:00,0.0,1319.0,3044.0,0.0,857.0,0.0,0.0,0.0,0.0,0.0,834.0
2022-12-14 18:00:00,0.0,1345.0,2880.0,0.0,828.0,0.0,0.0,0.0,0.0,0.0,1028.0
2022-12-14 19:00:00,0.0,1351.0,2665.0,0.0,789.0,0.0,0.0,0.0,0.0,0.0,1313.0
2022-12-14 20:00:00,0.0,1330.0,2608.0,0.0,507.0,0.0,0.0,0.0,0.0,0.0,1552.0
2022-12-14 21:00:00,0.0,1326.0,2307.0,0.0,445.0,0.0,0.0,0.0,0.0,0.0,1742.0
2022-12-14 22:00:00,0.0,1315.0,1960.0,0.0,372.0,0.0,0.0,0.0,0.0,0.0,1865.0
2022-12-14 23:00:00,0.0,1249.0,1667.0,0.0,248.0,0.0,0.0,0.0,0.0,0.0,2085.0
2022-12-15 00:00:00,0.0,1155.0,1586.0,0.0,0.0,0.0,0.0,0.0,0.0,0.0,2220.0
2022-12-15 01:00:00,0.0,1178.0,1325.0,0.0,0.0,0.0,0.0,0.0,0.0,0.0,2291.0
2022-12-15 02:00:00,0.0,1222.0,1237.0,0.0,0.0,0.0,0.0,0.0,0.0,0.0,2309.0
2022-12-15 03:00:00,0.0,1167.0,1198.0,0.0,0.0,0.0,0.0,0.0,0.0,0.0,2303.0
2022-12-15 04:00:00,0.0,1168.0,1201.0,0.0,2.0,0.0,0.0,0.0,0.0,0.0,2332.0
2022-12-15 05:00:00,0.0,1181.0,1382.0,0.0,139.0,0.0,0.0,0.0,0.0,0.0,2314.0
2022-12-15 06:00:00,0.0,1195.0,1969.0,0.0,321.0,0.0,0.0,0.0,1.0,0.0,2207.0
2022-12-15 07:00:00,0.0,1270.0,2066.0,0.0,487.0,0.0,0.0,0.0,81.0,0.0,2088.0
2022-12-15 08:00:00,0.0,1268.0,2171.0,0.0,491.0,0.0,0.0,0.0,380.0,0.0,1949.0
2022-12-15 09:00:00,0.0,1257.0,1983.0,0.0,485.0,0.0,0.0,0.0,716.0,0.0,1824.0
2022-12-15 10:00:00,0.0,1294.0,1929.0,0.0,488.0,0.0,0.0,0.0,928.0,0.0,1600.0
2022-12-15 11:00:00,0.0,1355.0,1859.0,0.0,403.0,0.0,0.0,0.0,1097.0,0.0,1488.0
2022-12-15 12:00:00,0.0,1343.0,1856.0,0.0,370.0,0.0,0.0,0.0,1111.0,0.0,1427.0
2022-12-15 13:00:00,0.0,1358.0,2026.0,0.0,395.0,0.0,0.0,0.0,834.0,0.0,1353.0
2022-12-15 14:00:00,0.0,1377.0,2356.0,0.0,468.0,0.0,0.0,0.0,478.0,0.0,1247.0
2022-12-15 15:00:00,0.0,1366.0,2840.0,0.0,558.0,0.0,0.0,0.0,120.0,0.0,1160.0
2022-12-15 16:00:00,0.0,1351.0,3415.0,0.0,1135.0,0.0,0.0,0.0,2.0,0.0,1089.0
2022-12-15 17:00:00,0.0,1378.0,3643.0,0.0,1164.0,0.0,0.0,0.0,0.0,0.0,1076.0
2022-12-15 18:00:00,0.0,1375.0,3649.0,0.0,1206.0,0.0,0.0,0.0,0.0,0.0,1036.0
2022-12-15 19:00:00,0.0,1365.0,3871.0,0.0,1037.0,0.0,0.0,0.0,0.0,0.0,1020.0
2022-12-15 20:00:00,0.0,1362.0,3664.0,0.0,543.0,0.0,0.0,0.0,0.0,0.0,959.0
2022-12-15 21:00:00,0.0,1334.0,3673.0,0.0,372.0,0.0,0.0,0.0,0.0,0.0,1006.0
2022-12-15 22:00:00,0.0,1300.0,3291.0,0.0,233.0,0.0,0.0,0.0,0.0,0.0,1112.0
2022-12-15 23:00:00,0.0,1270.0,2822.0,0.0,52.0,0.0,0.0,0.0,0.0,0.0,1139.0
2022-12-16 00:00:00,0.0,1049.0,2437.0,0.0,0.0,0.0,0.0,0.0,0.0,0.0,1147.0
2022-12-16 01:00:00,0.0,935.0,2022.0,0.0,0.0,0.0,0.0,0.0,0.0,0.0,1154.0
2022-12-16 02:00:00,0.0,972.0,1776.0,0.0,0.0,0.0,0.0,0.0,0.0,0.0,1240.0
2022-12-16 03:00:00,0.0,972.0,1719.0,0.0,0.0,0.0,0.0,0.0,0.0,0.0,1343.0
2022-12-16 04:00:00,0.0,960.0,1728.0,0.0,3.0,0.0,0.0,0.0,0.0,0.0,1414.0
2022-12-16 05:00:00,0.0,953.0,1827.0,0.0,134.0,0.0,0.0,0.0,0.0,0.0,1475.0
2022-12-16 06:00:00,0.0,963.0,2544.0,0.0,335.0,0.0,0.0,0.0,3.0,0.0,1518.0
2022-12-16 07:00:00,0.0,1020.0,3091.0,0.0,534.0,0.0,0.0,0.0,180.0,0.0,1452.0
2022-12-16 08:00:00,0.0,1045.0,3277.0,0.0,489.0,0.0,0.0,0.0,587.0,0.0,1364.0
2022-12-16 09:00:00,0.0,1036.0,3068.0,0.0,423.0,0.0,0.0,0.0,946.0,0.0,1243.0
2022-12-16 10:00:00,0.0,1029.0,2849.0,0.0,358.0,0.0,0.0,0.0,1178.0,0.0,1279.0
2022-12-16 11:00:00,0.0,1005.0,2589.0,0.0,295.0,0.0,0.0,0.0,1245.0,0.0,1259.0
2022-12-16 12:00:00,0.0,995.0,2716.0,0.0,320.0,0.0,0.0,0.0,1155.0,0.0,1197.0
2022-12-16 13:00:00,0.0,994.0,2767.0,0.0,327.0,0.0,0.0,0.0,929.0,0.0,1256.0
2022-12-16 14:00:00,0.0,1004.0,2758.0,0.0,448.0,0.0,0.0,0.0,551.0,0.0,1317.0
2022-12-16 15:00:00,0.0,1011.0,3102.0,0.0,543.0,0.0,0.0,0.0,146.0,0.0,1387.0
2022-12-16 16:00:00,0.0,1034.0,3487.0,0.0,778.0,0.0,0.0,0.0,1.0,0.0,1530.0
2022-12-16 17:00:00,0.0,1045.0,3492.0,0.0,938.0,0.0,0.0,0.0,0.0,0.0,1615.0
2022-12-16 18:00:00,0.0,1045.0,3613.0,0.0,800.0,0.0,0.0,0.0,0.0,0.0,1762.0
2022-12-16 19:00:00,0.0,1055.0,3372.0,0.0,744.0,0.0,0.0,0.0,0.0,0.0,1813.0
2022-12-16 20:00:00,0.0,1044.0,3279.0,0.0,543.0,0.0,0.0,0.0,0.0,0.0,1814.0
2022-12-16 21:00:00,0.0,1046.0,3081.0,0.0,314.0,0.0,0.0,0.0,0.0,0.0,1856.0
2022-12-16 22:00:00,0.0,1026.0,2730.0,0.0,114.0,0.0,0.0,0.0,0.0,0.0,1860.0
2022-12-16 23:00:00,0.0,968.0,2157.0,0.0,58.0,0.0,0.0,0.0,0.0,0.0,1814.0
2022-12-17 00:00:00,0.0,898.0,1515.0,0.0,140.0,0.0,0.0,0.0,0.0,0.0,1786.0
2022-12-17 01:00:00,0.0,863.0,666.0,0.0,64.0,0.0,0.0,0.0,0.0,0.0,1810.0
2022-12-17 02:00:00,0.0,851.0,525.0,0.0,62.0,0.0,0.0,0.0,0.0,0.0,1857.0
2022-12-17 03:00:00,0.0,808.0,496.0,0.0,21.0,0.0,0.0,0.0,0.0,0.0,1925.0
2022-12-17 04:00:00,0.0,781.0,684.0,0.0,22.0,0.0,0.0,0.0,0.0,0.0,1934.0
2022-12-17 05:00:00,0.0,781.0,780.0,0.0,115.0,0.0,0.0,0.0,0.0,0.0,1979.0
2022-12-17 06:00:00,0.0,785.0,894.0,0.0,170.0,0.0,0.0,0.0,2.0,0.0,1975.0
2022-12-17 07:00:00,0.0,803.0,1076.0,0.0,215.0,0.0,0.0,0.0,158.0,0.0,1854.0
2022-12-17 08:00:00,0.0,839.0,1038.0,0.0,240.0,0.0,0.0,0.0,593.0,0.0,1793.0
2022-12-17 09:00:00,0.0,821.0,917.0,0.0,264.0,0.0,0.0,0.0,1023.0,0.0,1787.0
2022-12-17 10:00:00,0.0,814.0,872.0,0.0,194.0,0.0,0.0,0.0,1297.0,0.0,1799.0
2022-12-17 11:00:00,0.0,718.0,877.0,0.0,140.0,0.0,0.0,0.0,1404.0,0.0,1671.0
2022-12-17 12:00:00,0.0,690.0,897.0,0.0,135.0,0.0,0.0,0.0,1321.0,0.0,1750.0
2022-12-17 13:00:00,0.0,679.0,982.0,0.0,152.0,0.0,0.0,0.0,1040.0,0.0,1789.0
2022-12-17 14:00:00,0.0,674.0,1336.0,0.0,157.0,0.0,0.0,0.0,537.0,0.0,1701.0
2022-12-17 15:00:00,0.0,663.0,1734.0,0.0,193.0,0.0,0.0,0.0,130.0,0.0,1586.0
2022-12-17 16:00:00,0.0,640.0,1978.0,0.0,456.0,0.0,0.0,0.0,1.0,0.0,1513.0
2022-12-17 17:00:00,0.0,668.0,2122.0,0.0,636.0,0.0,0.0,0.0,0.0,0.0,1483.0
2022-12-17 18:00:00,0.0,683.0,1901.0,0.0,768.0,0.0,0.0,0.0,0.0,0.0,1486.0
2022-12-17 19:00:00,0.0,693.0,1777.0,0.0,619.0,0.0,0.0,0.0,0.0,0.0,1392.0
2022-12-17 20:00:00,0.0,698.0,1794.0,0.0,454.0,0.0,0.0,0.0,0.0,0.0,1375.0
2022-12-17 21:00:00,0.0,752.0,1707.0,0.0,221.0,0.0,0.0,0.0,0.0,0.0,1347.0
2022-12-17 22:00:00,0.0,735.0,1716.0,0.0,134.0,0.0,0.0,0.0,0.0,0.0,1323.0
2022-12-17 23:00:00,0.0,695.0,1697.0,0.0,149.0,0.0,0.0,0.0,0.0,0.0,1166.0
2022-12-18 00:00:00,0.0,647.0,1512.0,0.0,39.0,0.0,0.0,0.0,0.0,0.0,1068.0
2022-12-18 01:00:00,0.0,634.0,1215.0,0.0,115.0,0.0,0.0,0.0,0.0,0.0,978.0
2022-12-18 02:00:00,0.0,632.0,1200.0,0.0,157.0,0.0,0.0,0.0,0.0,0.0,792.0
2022-12-18 03:00:00,0.0,657.0,1110.0,0.0,83.0,0.0,0.0,0.0,0.0,0.0,649.0
2022-12-18 04:00:00,0.0,655.0,938.0,0.0,67.0,0.0,0.0,0.0,0.0,0.0,541.0
2022-12-18 05:00:00,0.0,665.0,1060.0,0.0,258.0,0.0,0.0,0.0,0.0,0.0,387.0
2022-12-18 06:00:00,0.0,719.0,1116.0,0.0,314.0,0.0,0.0,0.0,3.0,0.0,289.0
2022-12-18 07:00:00,0.0,741.0,1204.0,0.0,422.0,0.0,0.0,0.0,186.0,0.0,267.0
2022-12-18 08:00:00,0.0,728.0,1082.0,0.0,536.0,0.0,0.0,0.0,657.0,0.0,264.0
2022-12-18 09:00:00,0.0,725.0,1001.0,0.0,609.0,0.0,0.0,0.0,1018.0,0.0,344.0
2022-12-18 10:00:00,0.0,713.0,1065.0,0.0,572.0,0.0,0.0,0.0,1138.0,0.0,431.0
2022-12-18 11:00:00,0.0,709.0,1047.0,0.0,541.0,0.0,0.0,0.0,1218.0,0.0,432.0
2022-12-18 12:00:00,0.0,689.0,1233.0,0.0,422.0,0.0,0.0,0.0,1147.0,0.0,476.0
2022-12-18 13:00:00,0.0,696.0,1441.0,0.0,344.0,0.0,0.0,0.0,897.0,0.0,561.0
2022-12-18 14:00:00,0.0,700.0,1808.0,0.0,394.0,0.0,0.0,0.0,493.0,0.0,679.0
2022-12-18 15:00:00,0.0,698.0,1590.0,0.0,539.0,0.0,0.0,0.0,115.0,0.0,853.0
2022-12-18 16:00:00,0.0,707.0,1729.0,0.0,879.0,0.0,0.0,0.0,1.0,0.0,958.0
2022-12-18 17:00:00,0.0,700.0,1876.0,0.0,926.0,0.0,0.0,0.0,0.0,0.0,1074.0
2022-12-18 18:00:00,0.0,694.0,1595.0,0.0,858.0,0.0,0.0,0.0,0.0,0.0,1219.0
2022-12-18 19:00:00,0.0,698.0,1711.0,0.0,574.0,0.0,0.0,0.0,0.0,0.0,1283.0
2022-12-18 20:00:00,0.0,711.0,1731.0,0.0,387.0,0.0,0.0,0.0,0.0,0.0,1310.0
2022-12-18 21:00:00,0.0,710.0,1624.0,0.0,273.0,0.0,0.0,0.0,0.0,0.0,1341.0
2022-12-18 22:00:00,0.0,712.0,1153.0,0.0,212.0,0.0,0.0,0.0,0.0,0.0,1383.0
2022-12-18 23:00:00,0.0,725.0,961.0,0.0,78.0,0.0,0.0,0.0,0.0,0.0,1508.0
2022-12-19 00:00:00,0.0,695.0,722.0,0.0,86.0,0.0,0.0,0.0,0.0,0.0,1690.0
2022-12-19 01:00:00,0.0,656.0,526.0,0.0,35.0,0.0,0.0,0.0,0.0,0.0,1918.0
2022-12-19 02:00:00,0.0,662.0,527.0,0.0,74.0,0.0,0.0,0.0,0.0,0.0,2002.0
2022-12-19 03:00:00,0.0,682.0,529.0,0.0,45.0,0.0,0.0,0.0,0.0,0.0,2108.0
2022-12-19 04:00:00,0.0,673.0,532.0,0.0,22.0,0.0,0.0,0.0,0.0,0.0,2204.0
2022-12-19 05:00:00,0.0,673.0,647.0,0.0,130.0,0.0,0.0,0.0,0.0,0.0,2266.0
2022-12-19 06:00:00,0.0,657.0,1024.0,0.0,103.0,0.0,0.0,0.0,1.0,0.0,2368.0
2022-12-19 07:00:00,0.0,667.0,1470.0,0.0,125.0,0.0,0.0,0.0,110.0,0.0,2340.0
2022-12-19 08:00:00,0.0,697.0,1607.0,0.0,224.0,0.0,0.0,0.0,418.0,0.0,2419.0
2022-12-19 09:00:00,0.0,722.0,1357.0,0.0,255.0,0.0,0.0,0.0,761.0,0.0,2428.0
2022-12-19 10:00:00,0.0,693.0,1245.0,0.0,116.0,0.0,0.0,0.0,975.0,0.0,2383.0
2022-12-19 11:00:00,0.0,684.0,1273.0,0.0,72.0,0.0,0.0,0.0,1048.0,0.0,2351.0
2022-12-19 12:00:00,0.0,677.0,1205.0,0.0,72.0,0.0,0.0,0.0,973.0,0.0,2356.0
2022-12-19 13:00:00,0.0,661.0,1408.0,0.0,75.0,0.0,0.0,0.0,767.0,0.0,2374.0
2022-12-19 14:00:00,0.0,658.0,1586.0,0.0,219.0,0.0,0.0,0.0,432.0,0.0,2386.0
2022-12-19 15:00:00,0.0,679.0,2156.0,0.0,521.0,0.0,0.0,0.0,97.0,0.0,2429.0
2022-12-19 16:00:00,0.0,500.0,2299.0,0.0,1053.0,0.0,0.0,0.0,1.0,0.0,2474.0
2022-12-19 17:00:00,0.0,466.0,2030.0,0.0,1156.0,0.0,0.0,0.0,0.0,0.0,2522.0
2022-12-19 18:00:00,0.0,478.0,2143.0,0.0,1067.0,0.0,0.0,0.0,0.0,0.0,2580.0
2022-12-19 19:00:00,0.0,483.0,2037.0,0.0,696.0,0.0,0.0,0.0,0.0,0.0,2527.0
2022-12-19 20:00:00,0.0,469.0,1755.0,0.0,439.0,0.0,0.0,0.0,0.0,0.0,2522.0
2022-12-19 21:00:00,0.0,466.0,1291.0,0.0,242.0,0.0,0.0,0.0,0.0,0.0,2582.0
2022-12-19 22:00:00,0.0,456.0,891.0,0.0,121.0,0.0,0.0,0.0,0.0,0.0,2615.0
2022-12-19 23:00:00,0.0,459.0,910.0,0.0,59.0,0.0,0.0,0.0,0.0,0.0,2573.0
2022-12-20 00:00:00,0.0,444.0,766.0,0.0,22.0,0.0,0.0,0.0,0.0,0.0,2531.0
2022-12-20 01:00:00,0.0,420.0,711.0,0.0,48.0,0.0,0.0,0.0,0.0,0.0,2496.0
2022-12-20 02:00:00,0.0,412.0,710.0,0.0,56.0,0.0,0.0,0.0,0.0,0.0,2448.0
2022-12-20 03:00:00,0.0,406.0,661.0,0.0,42.0,0.0,0.0,0.0,0.0,0.0,2495.0
2022-12-20 04:00:00,0.0,408.0,716.0,0.0,23.0,0.0,0.0,0.0,0.0,0.0,2477.0
2022-12-20 05:00:00,0.0,404.0,767.0,0.0,89.0,0.0,0.0,0.0,0.0,0.0,2491.0
2022-12-20 06:00:00,0.0,395.0,993.0,0.0,292.0,0.0,0.0,0.0,3.0,0.0,2529.0
2022-12-20 07:00:00,0.0,407.0,1423.0,0.0,837.0,0.0,0.0,0.0,219.0,0.0,2435.0
2022-12-20 08:00:00,0.0,429.0,1484.0,0.0,585.0,0.0,0.0,0.0,823.0,0.0,2412.0
2022-12-20 09:00:00,0.0,424.0,1479.0,0.0,358.0,0.0,0.0,0.0,1401.0,0.0,2316.0
2022-12-20 10:00:00,0.0,428.0,1250.0,0.0,272.0,0.0,0.0,0.0,1785.0,0.0,2307.0
2022-12-20 11:00:00,0.0,411.0,1261.0,0.0,177.0,0.0,0.0,0.0,1942.0,0.0,2262.0
2022-12-20 12:00:00,0.0,409.0,1403.0,0.0,307.0,0.0,0.0,0.0,1887.0,0.0,2300.0
2022-12-20 13:00:00,0.0,402.0,1500.0,0.0,339.0,0.0,0.0,0.0,1615.0,0.0,2277.0
2022-12-20 14:00:00,0.0,406.0,1932.0,0.0,349.0,0.0,0.0,0.0,964.0,0.0,2342.0
2022-12-20 15:00:00,0.0,410.0,1991.0,0.0,727.0,0.0,0.0,0.0,242.0,0.0,2276.0
2022-12-20 16:00:00,0.0,454.0,1944.0,0.0,1502.0,0.0,0.0,0.0,2.0,0.0,2214.0
2022-12-20 17:00:00,0.0,473.0,2043.0,0.0,1718.0,0.0,0.0,0.0,0.0,0.0,2233.0
2022-12-20 18:00:00,0.0,472.0,1932.0,0.0,1592.0,0.0,0.0,0.0,0.0,0.0,2238.0
2022-12-20 19:00:00,0.0,467.0,2060.0,0.0,1181.0,0.0,0.0,0.0,0.0,0.0,2189.0
2022-12-20 20:00:00,0.0,470.0,2106.0,0.0,635.0,0.0,0.0,0.0,0.0,0.0,2163.0
2022-12-20 21:00:00,0.0,487.0,1956.0,0.0,304.0,0.0,0.0,0.0,0.0,0.0,2129.0
2022-12-20 22:00:00,0.0,466.0,1570.0,0.0,353.0,0.0,0.0,0.0,0.0,0.0,2069.0
2022-12-20 23:00:00,0.0,474.0,1212.0,0.0,57.0,0.0,0.0,0.0,0.0,0.0,1962.0
2022-12-21 00:00:00,0.0,449.0,1201.0,0.0,21.0,0.0,0.0,0.0,0.0,0.0,1881.0
2022-12-21 01:00:00,0.0,450.0,1050.0,0.0,90.0,0.0,0.0,0.0,0.0,0.0,1793.0
2022-12-21 02:00:00,0.0,455.0,949.0,0.0,94.0,0.0,0.0,0.0,0.0,0.0,1698.0
2022-12-21 03:00:00,0.0,461.0,904.0,0.0,94.0,0.0,0.0,0.0,0.0,0.0,1653.0
2022-12-21 04:00:00,0.0,450.0,841.0,0.0,74.0,0.0,0.0,0.0,0.0,0.0,1585.0
2022-12-21 05:00:00,0.0,444.0,807.0,0.0,118.0,0.0,0.0,0.0,0.0,0.0,1585.0
2022-12-21 06:00:00,0.0,447.0,1273.0,0.0,214.0,0.0,0.0,0.0,4.0,0.0,1553.0
2022-12-21 07:00:00,0.0,425.0,2187.0,0.0,256.0,0.0,0.0,0.0,291.0,0.0,1469.0
2022-12-21 08:00:00,0.0,423.0,2372.0,0.0,402.0,0.0,0.0,0.0,1072.0,0.0,1339.0
2022-12-21 09:00:00,0.0,441.0,1914.0,0.0,373.0,0.0,0.0,0.0,1862.0,0.0,1211.0
2022-12-21 10:00:00,0.0,420.0,1431.0,0.0,239.0,0.0,0.0,0.0,2318.0,0.0,1056.0
2022-12-21 11:00:00,0.0,413.0,1278.0,0.0,176.0,0.0,0.0,0.0,2436.0,0.0,932.0
2022-12-21 12:00:00,0.0,413.0,1290.0,0.0,171.0,0.0,0.0,0.0,2383.0,0.0,879.0
2022-12-21 13:00:00,0.0,405.0,1546.0,0.0,202.0,0.0,0.0,0.0,2037.0,0.0,817.0
2022-12-21 14:00:00,0.0,406.0,1835.0,0.0,233.0,0.0,0.0,0.0,1266.0,0.0,707.0
2022-12-21 15:00:00,0.0,449.0,2199.0,0.0,266.0,0.0,0.0,0.0,306.0,0.0,634.0
2022-12-21 16:00:00,0.0,484.0,2739.0,0.0,467.0,0.0,0.0,0.0,2.0,0.0,637.0
2022-12-21 17:00:00,0.0,487.0,2621.0,0.0,857.0,0.0,0.0,0.0,0.0,0.0,641.0
2022-12-21 18:00:00,0.0,487.0,2602.0,0.0,789.0,0.0,0.0,0.0,0.0,0.0,582.0
2022-12-21 19:00:00,0.0,485.0,2713.0,0.0,900.0,0.0,0.0,0.0,0.0,0.0,506.0
2022-12-21 20:00:00,0.0,467.0,2695.0,0.0,710.0,0.0,0.0,0.0,0.0,0.0,412.0
2022-12-21 21:00:00,0.0,453.0,2689.0,0.0,242.0,0.0,0.0,0.0,0.0,0.0,286.0
2022-12-21 22:00:00,0.0,455.0,2549.0,0.0,107.0,0.0,0.0,0.0,0.0,0.0,195.0
2022-12-21 23:00:00,0.0,459.0,2053.0,0.0,144.0,0.0,0.0,0.0,0.0,0.0,177.0
2022-12-22 00:00:00,0.0,457.0,1540.0,0.0,33.0,0.0,0.0,0.0,0.0,0.0,140.0
2022-12-22 01:00:00,0.0,445.0,1465.0,0.0,41.0,0.0,0.0,0.0,0.0,0.0,125.0
2022-12-22 02:00:00,0.0,475.0,1468.0,0.0,82.0,0.0,0.0,0.0,0.0,0.0,96.0
2022-12-22 03:00:00,0.0,478.0,1471.0,0.0,100.0,0.0,0.0,0.0,0.0,0.0,82.0
2022-12-22 04:00:00,0.0,477.0,1533.0,0.0,103.0,0.0,0.0,0.0,0.0,0.0,86.0
2022-12-22 05:00:00,0.0,461.0,2000.0,0.0,142.0,0.0,0.0,0.0,0.0,0.0,77.0
2022-12-22 06:00:00,0.0,461.0,2502.0,0.0,434.0,0.0,0.0,0.0,4.0,0.0,80.0
2022-12-22 07:00:00,0.0,458.0,2667.0,0.0,493.0,0.0,0.0,0.0,363.0,0.0,82.0
2022-12-22 08:00:00,0.0,453.0,2431.0,0.0,349.0,0.0,0.0,0.0,1300.0,0.0,74.0
2022-12-22 09:00:00,0.0,451.0,2060.0,0.0,307.0,0.0,0.0,0.0,2094.0,0.0,73.0
2022-12-22 10:00:00,0.0,473.0,1543.0,0.0,230.0,0.0,0.0,0.0,2486.0,0.0,88.0
2022-12-22 11:00:00,0.0,470.0,1556.0,0.0,140.0,0.0,0.0,0.0,2586.0,0.0,112.0
2022-12-22 12:00:00,0.0,460.0,1510.0,0.0,137.0,0.0,0.0,0.0,2422.0,0.0,152.0
2022-12-22 13:00:00,0.0,442.0,1540.0,0.0,102.0,0.0,0.0,0.0,1983.0,0.0,153.0
2022-12-22 14:00:00,0.0,444.0,1789.0,0.0,163.0,0.0,0.0,0.0,1173.0,0.0,149.0
2022-12-22 15:00:00,0.0,472.0,2349.0,0.0,306.0,0.0,0.0,0.0,272.0,0.0,159.0
2022-12-22 16:00:00,0.0,478.0,2629.0,0.0,659.0,0.0,0.0,0.0,2.0,0.0,170.0
2022-12-22 17:00:00,0.0,481.0,2886.0,0.0,811.0,0.0,0.0,0.0,0.0,0.0,180.0
2022-12-22 18:00:00,0.0,480.0,2849.0,0.0,936.0,0.0,0.0,0.0,0.0,0.0,187.0
2022-12-22 19:00:00,0.0,481.0,2862.0,0.0,846.0,0.0,0.0,0.0,0.0,0.0,188.0
2022-12-22 20:00:00,0.0,481.0,2685.0,0.0,563.0,0.0,0.0,0.0,0.0,0.0,231.0
2022-12-22 21:00:00,0.0,481.0,2538.0,0.0,236.0,0.0,0.0,0.0,0.0,0.0,281.0
2022-12-22 22:00:00,0.0,481.0,2201.0,0.0,50.0,0.0,0.0,0.0,0.0,0.0,294.0
2022-12-22 23:00:00,0.0,474.0,1747.0,0.0,21.0,0.0,0.0,0.0,0.0,0.0,302.0
2022-12-23 00:00:00,0.0,441.0,1487.0,0.0,21.0,0.0,0.0,0.0,0.0,0.0,317.0
2022-12-23 01:00:00,0.0,447.0,1348.0,0.0,21.0,0.0,0.0,0.0,0.0,0.0,281.0
2022-12-23 02:00:00,0.0,452.0,1321.0,0.0,21.0,0.0,0.0,0.0,0.0,0.0,262.0
2022-12-23 03:00:00,0.0,439.0,1332.0,0.0,21.0,0.0,0.0,0.0,0.0,0.0,280.0
2022-12-23 04:00:00,0.0,437.0,1316.0,0.0,21.0,0.0,0.0,0.0,0.0,0.0,292.0
2022-12-23 05:00:00,0.0,446.0,1613.0,0.0,70.0,0.0,0.0,0.0,0.0,0.0,280.0
2022-12-23 06:00:00,0.0,467.0,2021.0,0.0,369.0,0.0,0.0,0.0,2.0,0.0,272.0
2022-12-23 07:00:00,0.0,466.0,2307.0,0.0,379.0,0.0,0.0,0.0,236.0,0.0,277.0
2022-12-23 08:00:00,0.0,464.0,1789.0,0.0,379.0,0.0,0.0,0.0,989.0,0.0,232.0
2022-12-23 09:00:00,0.0,467.0,1623.0,0.0,283.0,0.0,0.0,0.0,1673.0,0.0,182.0
2022-12-23 10:00:00,0.0,460.0,1685.0,0.0,281.0,0.0,0.0,0.0,2038.0,0.0,180.0
2022-12-23 11:00:00,0.0,456.0,1855.0,0.0,165.0,0.0,0.0,0.0,2124.0,0.0,166.0
2022-12-23 12:00:00,0.0,445.0,2064.0,0.0,91.0,0.0,0.0,0.0,1973.0,0.0,177.0
2022-12-23 13:00:00,0.0,448.0,2170.0,0.0,75.0,0.0,0.0,0.0,1522.0,0.0,213.0
2022-12-23 14:00:00,0.0,429.0,2300.0,0.0,156.0,0.0,0.0,0.0,820.0,0.0,179.0
2022-12-23 15:00:00,0.0,436.0,2646.0,0.0,281.0,0.0,0.0,0.0,190.0,0.0,174.0
2022-12-23 16:00:00,0.0,430.0,3265.0,0.0,396.0,0.0,0.0,0.0,1.0,0.0,193.0
2022-12-23 17:00:00,0.0,431.0,3361.0,0.0,727.0,0.0,0.0,0.0,0.0,0.0,178.0
2022-12-23 18:00:00,0.0,421.0,3315.0,0.0,967.0,0.0,0.0,0.0,0.0,0.0,156.0
2022-12-23 19:00:00,0.0,418.0,3441.0,0.0,797.0,0.0,0.0,0.0,0.0,0.0,134.0
2022-12-23 20:00:00,0.0,435.0,3281.0,0.0,459.0,0.0,0.0,0.0,0.0,0.0,122.0
2022-12-23 21:00:00,0.0,444.0,2958.0,0.0,248.0,0.0,0.0,0.0,0.0,0.0,104.0
2022-12-23 22:00:00,0.0,445.0,2644.0,0.0,105.0,0.0,0.0,0.0,0.0,0.0,122.0
2022-12-23 23:00:00,0.0,440.0,2167.0,0.0,63.0,0.0,0.0,0.0,0.0,0.0,129.0
2022-12-24 00:00:00,0.0,440.0,1840.0,0.0,21.0,0.0,0.0,0.0,0.0,0.0,122.0
2022-12-24 01:00:00,0.0,454.0,1486.0,0.0,25.0,0.0,0.0,0.0,0.0,0.0,160.0
2022-12-24 02:00:00,0.0,463.0,1235.0,0.0,21.0,0.0,0.0,0.0,0.0,0.0,202.0
2022-12-24 03:00:00,0.0,459.0,1118.0,0.0,24.0,0.0,0.0,0.0,0.0,0.0,214.0
2022-12-24 04:00:00,0.0,443.0,1149.0,0.0,26.0,0.0,0.0,0.0,0.0,0.0,249.0
2022-12-24 05:00:00,0.0,454.0,1297.0,0.0,108.0,0.0,0.0,0.0,0.0,0.0,251.0
2022-12-24 06:00:00,0.0,464.0,1500.0,0.0,202.0,0.0,0.0,0.0,3.0,0.0,268.0
2022-12-24 07:00:00,0.0,467.0,1471.0,0.0,292.0,0.0,0.0,0.0,268.0,0.0,266.0
2022-12-24 08:00:00,0.0,467.0,1100.0,0.0,215.0,0.0,0.0,0.0,942.0,0.0,250.0
2022-12-24 09:00:00,0.0,460.0,809.0,0.0,156.0,0.0,0.0,0.0,1504.0,0.0,206.0
2022-12-24 10:00:00,0.0,428.0,826.0,0.0,85.0,0.0,0.0,0.0,1743.0,0.0,226.0
2022-12-24 11:00:00,0.0,411.0,814.0,0.0,87.0,0.0,0.0,0.0,1777.0,0.0,230.0
2022-12-24 12:00:00,0.0,393.0,866.0,0.0,85.0,0.0,0.0,0.0,1659.0,0.0,275.0
2022-12-24 13:00:00,0.0,395.0,854.0,0.0,71.0,0.0,0.0,0.0,1412.0,0.0,327.0
2022-12-24 14:00:00,0.0,422.0,1527.0,0.0,156.0,0.0,0.0,0.0,790.0,0.0,332.0
2022-12-24 15:00:00,0.0,472.0,2025.0,0.0,318.0,0.0,0.0,0.0,217.0,0.0,344.0
2022-12-24 16:00:00,0.0,472.0,2370.0,0.0,598.0,0.0,0.0,0.0,3.0,0.0,421.0
2022-12-24 17:00:00,0.0,468.0,2517.0,0.0,923.0,0.0,0.0,0.0,0.0,0.0,474.0
2022-12-24 18:00:00,0.0,471.0,2546.0,0.0,962.0,0.0,0.0,0.0,0.0,0.0,515.0
2022-12-24 19:00:00,0.0,472.0,2325.0,0.0,744.0,0.0,0.0,0.0,0.0,0.0,561.0
2022-12-24 20:00:00,0.0,470.0,2083.0,0.0,499.0,0.0,0.0,0.0,0.0,0.0,580.0
2022-12-24 21:00:00,0.0,472.0,1794.0,0.0,244.0,0.0,0.0,0.0,0.0,0.0,591.0
2022-12-24 22:00:00,0.0,470.0,1529.0,0.0,154.0,0.0,0.0,0.0,0.0,0.0,606.0
2022-12-24 23:00:00,0.0,472.0,1196.0,0.0,86.0,0.0,0.0,0.0,0.0,0.0,629.0
2022-12-25 00:00:00,0.0,453.0,862.0,0.0,21.0,0.0,0.0,0.0,0.0,0.0,713.0
2022-12-25 01:00:00,0.0,397.0,659.0,0.0,21.0,0.0,0.0,0.0,0.0,0.0,796.0
2022-12-25 02:00:00,0.0,386.0,658.0,0.0,24.0,0.0,0.0,0.0,0.0,0.0,941.0
2022-12-25 03:00:00,0.0,386.0,658.0,0.0,23.0,0.0,0.0,0.0,0.0,0.0,1016.0
2022-12-25 04:00:00,0.0,390.0,657.0,0.0,25.0,0.0,0.0,0.0,0.0,0.0,1104.0
2022-12-25 05:00:00,0.0,389.0,656.0,0.0,47.0,0.0,0.0,0.0,0.0,0.0,1287.0
2022-12-25 06:00:00,0.0,352.0,514.0,0.0,49.0,0.0,0.0,0.0,2.0,0.0,1357.0
2022-12-25 07:00:00,0.0,353.0,493.0,0.0,60.0,0.0,0.0,0.0,260.0,0.0,1318.0
2022-12-25 08:00:00,0.0,353.0,468.0,0.0,85.0,0.0,0.0,0.0,1092.0,0.0,1217.0
2022-12-25 09:00:00,0.0,353.0,465.0,0.0,96.0,0.0,0.0,0.0,1828.0,0.0,1101.0
2022-12-25 10:00:00,0.0,345.0,467.0,0.0,94.0,0.0,0.0,0.0,2186.0,0.0,1038.0
2022-12-25 11:00:00,0.0,301.0,467.0,0.0,88.0,0.0,0.0,0.0,2287.0,0.0,890.0
2022-12-25 12:00:00,0.0,208.0,466.0,0.0,59.0,0.0,0.0,0.0,2161.0,0.0,697.0
2022-12-25 13:00:00,0.0,211.0,466.0,0.0,38.0,0.0,0.0,0.0,1735.0,0.0,636.0
2022-12-25 14:00:00,0.0,221.0,595.0,0.0,49.0,0.0,0.0,0.0,1036.0,0.0,577.0
2022-12-25 15:00:00,0.0,329.0,937.0,0.0,339.0,0.0,0.0,0.0,279.0,0.0,636.0
2022-12-25 16:00:00,0.0,359.0,1263.0,0.0,599.0,0.0,0.0,0.0,2.0,0.0,677.0
2022-12-25 17:00:00,0.0,376.0,1447.0,0.0,715.0,0.0,0.0,0.0,0.0,0.0,657.0
2022-12-25 18:00:00,0.0,414.0,1555.0,0.0,712.0,0.0,0.0,0.0,0.0,0.0,636.0
2022-12-25 19:00:00,0.0,429.0,1481.0,0.0,619.0,0.0,0.0,0.0,0.0,0.0,585.0
2022-12-25 20:00:00,0.0,413.0,1660.0,0.0,366.0,0.0,0.0,0.0,0.0,0.0,494.0
2022-12-25 21:00:00,0.0,427.0,1690.0,0.0,257.0,0.0,0.0,0.0,0.0,0.0,454.0
2022-12-25 22:00:00,0.0,412.0,1380.0,0.0,205.0,0.0,0.0,0.0,0.0,0.0,359.0
2022-12-25 23:00:00,0.0,441.0,1230.0,0.0,72.0,0.0,0.0,0.0,0.0,0.0,302.0
2022-12-26 00:00:00,0.0,464.0,1197.0,0.0,42.0,0.0,0.0,0.0,0.0,0.0,259.0
2022-12-26 01:00:00,0.0,442.0,772.0,0.0,187.0,0.0,0.0,0.0,0.0,0.0,189.0
2022-12-26 02:00:00,0.0,452.0,744.0,0.0,184.0,0.0,0.0,0.0,0.0,0.0,176.0
2022-12-26 03:00:00,0.0,459.0,757.0,0.0,162.0,0.0,0.0,0.0,0.0,0.0,204.0
2022-12-26 04:00:00,0.0,456.0,724.0,0.0,147.0,0.0,0.0,0.0,0.0,0.0,188.0
2022-12-26 05:00:00,0.0,463.0,690.0,0.0,182.0,0.0,0.0,0.0,0.0,0.0,172.0
2022-12-26 06:00:00,0.0,464.0,831.0,0.0,316.0,0.0,0.0,0.0,3.0,0.0,175.0
2022-12-26 07:00:00,0.0,465.0,935.0,0.0,221.0,0.0,0.0,0.0,354.0,0.0,169.0
2022-12-26 08:00:00,0.0,456.0,780.0,0.0,52.0,0.0,0.0,0.0,1337.0,0.0,156.0
2022-12-26 09:00:00,0.0,389.0,760.0,0.0,45.0,0.0,0.0,0.0,2143.0,0.0,192.0
2022-12-26 10:00:00,0.0,351.0,664.0,0.0,55.0,0.0,0.0,0.0,2523.0,0.0,219.0
2022-12-26 11:00:00,0.0,205.0,488.0,0.0,92.0,0.0,0.0,0.0,2646.0,0.0,313.0
2022-12-26 12:00:00,0.0,203.0,498.0,0.0,91.0,0.0,0.0,0.0,2521.0,0.0,436.0
2022-12-26 13:00:00,0.0,225.0,500.0,0.0,20.0,0.0,0.0,0.0,2095.0,0.0,468.0
2022-12-26 14:00:00,0.0,222.0,521.0,0.0,50.0,0.0,0.0,0.0,1286.0,0.0,476.0
2022-12-26 15:00:00,0.0,325.0,726.0,0.0,490.0,0.0,0.0,0.0,330.0,0.0,579.0
2022-12-26 16:00:00,0.0,362.0,1317.0,0.0,672.0,0.0,0.0,0.0,4.0,0.0,609.0
2022-12-26 17:00:00,0.0,379.0,1611.0,0.0,956.0,0.0,0.0,0.0,0.0,0.0,654.0
2022-12-26 18:00:00,0.0,410.0,1677.0,0.0,960.0,0.0,0.0,0.0,0.0,0.0,688.0
2022-12-26 19:00:00,0.0,399.0,1677.0,0.0,768.0,0.0,0.0,0.0,0.0,0.0,719.0
2022-12-26 20:00:00,0.0,403.0,1639.0,0.0,389.0,0.0,0.0,0.0,0.0,0.0,750.0
2022-12-26 21:00:00,0.0,412.0,1643.0,0.0,200.0,0.0,0.0,0.0,0.0,0.0,767.0
2022-12-26 22:00:00,0.0,403.0,1287.0,0.0,137.0,0.0,0.0,0.0,0.0,0.0,774.0
2022-12-26 23:00:00,0.0,397.0,1149.0,0.0,37.0,0.0,0.0,0.0,0.0,0.0,788.0
2022-12-27 00:00:00,0.0,398.0,882.0,0.0,22.0,0.0,0.0,0.0,0.0,0.0,786.0
2022-12-27 01:00:00,0.0,394.0,587.0,0.0,25.0,0.0,0.0,0.0,0.0,0.0,768.0
2022-12-27 02:00:00,0.0,404.0,584.0,0.0,21.0,0.0,0.0,0.0,0.0,0.0,733.0
2022-12-27 03:00:00,0.0,404.0,592.0,0.0,0.0,0.0,0.0,0.0,0.0,0.0,713.0
2022-12-27 04:00:00,0.0,401.0,690.0,0.0,25.0,0.0,0.0,0.0,0.0,0.0,646.0
2022-12-27 05:00:00,0.0,404.0,887.0,0.0,96.0,0.0,0.0,0.0,0.0,0.0,609.0
2022-12-27 06:00:00,0.0,404.0,1248.0,0.0,223.0,0.0,0.0,0.0,3.0,0.0,574.0
2022-12-27 07:00:00,0.0,411.0,1381.0,0.0,387.0,0.0,0.0,0.0,310.0,0.0,527.0
2022-12-27 08:00:00,0.0,416.0,1196.0,0.0,263.0,0.0,0.0,0.0,1217.0,0.0,486.0
2022-12-27 09:00:00,0.0,379.0,1124.0,0.0,118.0,0.0,0.0,0.0,2026.0,0.0,441.0
2022-12-27 10:00:00,0.0,367.0,1234.0,0.0,127.0,0.0,0.0,0.0,2448.0,0.0,418.0
2022-12-27 11:00:00,0.0,225.0,1355.0,0.0,53.0,0.0,0.0,0.0,2613.0,0.0,395.0
2022-12-27 12:00:00,0.0,232.0,1442.0,0.0,95.0,0.0,0.0,0.0,2496.0,0.0,391.0
2022-12-27 13:00:00,0.0,223.0,1503.0,0.0,96.0,0.0,0.0,0.0,2123.0,0.0,384.0
2022-12-27 14:00:00,0.0,315.0,1612.0,0.0,73.0,0.0,0.0,0.0,1319.0,0.0,354.0
2022-12-27 15:00:00,0.0,376.0,2091.0,0.0,273.0,0.0,0.0,0.0,336.0,0.0,334.0
2022-12-27 16:00:00,0.0,433.0,2599.0,0.0,541.0,0.0,0.0,0.0,4.0,0.0,333.0
2022-12-27 17:00:00,0.0,453.0,2959.0,0.0,747.0,0.0,0.0,0.0,0.0,0.0,334.0
2022-12-27 18:00:00,0.0,446.0,2687.0,0.0,1096.0,0.0,0.0,0.0,0.0,0.0,340.0
2022-12-27 19:00:00,0.0,439.0,2505.0,0.0,1030.0,0.0,0.0,0.0,0.0,0.0,340.0
2022-12-27 20:00:00,0.0,435.0,2338.0,0.0,526.0,0.0,0.0,0.0,0.0,0.0,350.0
2022-12-27 21:00:00,0.0,433.0,2075.0,0.0,295.0,0.0,0.0,0.0,0.0,0.0,371.0
2022-12-27 22:00:00,0.0,429.0,1884.0,0.0,211.0,0.0,0.0,0.0,0.0,0.0,371.0
2022-12-27 23:00:00,0.0,418.0,1504.0,0.0,78.0,0.0,0.0,0.0,0.0,0.0,345.0
2022-12-28 00:00:00,0.0,416.0,1379.0,0.0,23.0,0.0,0.0,0.0,0.0,0.0,330.0
2022-12-28 01:00:00,0.0,413.0,1100.0,0.0,27.0,0.0,0.0,0.0,0.0,0.0,324.0
2022-12-28 02:00:00,0.0,440.0,972.0,0.0,24.0,0.0,0.0,0.0,0.0,0.0,320.0
2022-12-28 03:00:00,0.0,446.0,874.0,0.0,21.0,0.0,0.0,0.0,0.0,0.0,357.0
2022-12-28 04:00:00,0.0,412.0,1013.0,0.0,26.0,0.0,0.0,0.0,0.0,0.0,337.0
2022-12-28 05:00:00,0.0,396.0,1179.0,0.0,204.0,0.0,0.0,0.0,0.0,0.0,348.0
2022-12-28 06:00:00,0.0,399.0,1519.0,0.0,295.0,0.0,0.0,0.0,1.0,0.0,381.0
2022-12-28 07:00:00,0.0,404.0,1926.0,0.0,313.0,0.0,0.0,0.0,214.0,0.0,336.0
2022-12-28 08:00:00,0.0,405.0,2219.0,0.0,338.0,0.0,0.0,0.0,837.0,0.0,303.0
2022-12-28 09:00:00,0.0,409.0,2006.0,0.0,317.0,0.0,0.0,0.0,1426.0,0.0,270.0
2022-12-28 10:00:00,0.0,406.0,1949.0,0.0,276.0,0.0,0.0,0.0,1740.0,0.0,203.0
2022-12-28 11:00:00,0.0,434.0,1810.0,0.0,210.0,0.0,0.0,0.0,1823.0,0.0,145.0
2022-12-28 12:00:00,0.0,444.0,1832.0,0.0,233.0,0.0,0.0,0.0,1686.0,0.0,197.0
2022-12-28 13:00:00,0.0,446.0,1836.0,0.0,179.0,0.0,0.0,0.0,1399.0,0.0,255.0
2022-12-28 14:00:00,0.0,443.0,1813.0,0.0,283.0,0.0,0.0,0.0,850.0,0.0,242.0
2022-12-28 15:00:00,0.0,446.0,2366.0,0.0,360.0,0.0,0.0,0.0,211.0,0.0,256.0
2022-12-28 16:00:00,0.0,440.0,2907.0,0.0,762.0,0.0,0.0,0.0,3.0,0.0,290.0
2022-12-28 17:00:00,0.0,427.0,3105.0,0.0,931.0,0.0,0.0,0.0,0.0,0.0,267.0
2022-12-28 18:00:00,0.0,419.0,3075.0,0.0,1059.0,0.0,0.0,0.0,0.0,0.0,244.0
2022-12-28 19:00:00,0.0,422.0,3113.0,0.0,1056.0,0.0,0.0,0.0,0.0,0.0,199.0
2022-12-28 20:00:00,0.0,432.0,2917.0,0.0,522.0,0.0,0.0,0.0,0.0,0.0,172.0
2022-12-28 21:00:00,0.0,434.0,2725.0,0.0,173.0,0.0,0.0,0.0,0.0,0.0,171.0
2022-12-28 22:00:00,0.0,430.0,2346.0,0.0,135.0,0.0,0.0,0.0,0.0,0.0,164.0
2022-12-28 23:00:00,0.0,417.0,1857.0,0.0,82.0,0.0,0.0,0.0,0.0,0.0,160.0
2022-12-29 00:00:00,0.0,426.0,1466.0,0.0,49.0,0.0,0.0,0.0,0.0,0.0,151.0
2022-12-29 01:00:00,0.0,434.0,1242.0,0.0,80.0,0.0,0.0,0.0,0.0,0.0,132.0
2022-12-29 02:00:00,0.0,429.0,1191.0,0.0,78.0,0.0,0.0,0.0,0.0,0.0,157.0
2022-12-29 03:00:00,0.0,439.0,1130.0,0.0,76.0,0.0,0.0,0.0,0.0,0.0,180.0
2022-12-29 04:00:00,0.0,429.0,1193.0,0.0,64.0,0.0,0.0,0.0,0.0,0.0,206.0
2022-12-29 05:00:00,0.0,401.0,1303.0,0.0,193.0,0.0,0.0,0.0,0.0,0.0,230.0
2022-12-29 06:00:00,0.0,288.0,1567.0,0.0,559.0,0.0,0.0,0.0,2.0,0.0,212.0
2022-12-29 07:00:00,0.0,174.0,1980.0,0.0,612.0,0.0,0.0,0.0,193.0,0.0,155.0
2022-12-29 08:00:00,0.0,174.0,1974.0,0.0,407.0,0.0,0.0,0.0,836.0,0.0,115.0
2022-12-29 09:00:00,0.0,185.0,1499.0,0.0,307.0,0.0,0.0,0.0,1573.0,0.0,111.0
2022-12-29 10:00:00,0.0,185.0,1198.0,0.0,236.0,0.0,0.0,0.0,2017.0,0.0,98.0
2022-12-29 11:00:00,0.0,185.0,1199.0,0.0,185.0,0.0,0.0,0.0,2196.0,0.0,112.0
2022-12-29 12:00:00,0.0,181.0,1215.0,0.0,134.0,0.0,0.0,0.0,2149.0,0.0,139.0
2022-12-29 13:00:00,0.0,181.0,1312.0,0.0,112.0,0.0,0.0,0.0,1805.0,0.0,135.0
2022-12-29 14:00:00,0.0,185.0,1774.0,0.0,223.0,0.0,0.0,0.0,1101.0,0.0,106.0
2022-12-29 15:00:00,0.0,189.0,2377.0,0.0,336.0,0.0,0.0,0.0,285.0,0.0,91.0
2022-12-29 16:00:00,0.0,187.0,2766.0,0.0,1042.0,0.0,0.0,0.0,4.0,0.0,81.0
2022-12-29 17:00:00,0.0,189.0,2799.0,0.0,1099.0,0.0,0.0,0.0,0.0,0.0,62.0
2022-12-29 18:00:00,0.0,274.0,2618.0,0.0,1217.0,0.0,0.0,0.0,0.0,0.0,56.0
2022-12-29 19:00:00,0.0,380.0,2693.0,0.0,858.0,0.0,0.0,0.0,0.0,0.0,68.0
2022-12-29 20:00:00,0.0,394.0,2657.0,0.0,497.0,0.0,0.0,0.0,0.0,0.0,78.0
2022-12-29 21:00:00,0.0,425.0,2428.0,0.0,224.0,0.0,0.0,0.0,0.0,0.0,98.0
2022-12-29 22:00:00,0.0,464.0,2121.0,0.0,153.0,0.0,0.0,0.0,0.0,0.0,119.0
2022-12-29 23:00:00,0.0,474.0,1669.0,0.0,72.0,0.0,0.0,0.0,0.0,0.0,157.0
2022-12-30 00:00:00,0.0,469.0,1452.0,0.0,95.0,0.0,0.0,0.0,0.0,0.0,167.0
2022-12-30 01:00:00,0.0,407.0,1263.0,0.0,28.0,0.0,0.0,0.0,0.0,0.0,163.0
2022-12-30 02:00:00,0.0,372.0,1235.0,0.0,21.0,0.0,0.0,0.0,0.0,0.0,156.0
2022-12-30 03:00:00,0.0,374.0,1210.0,0.0,23.0,0.0,0.0,0.0,0.0,0.0,170.0
2022-12-30 04:00:00,0.0,380.0,1228.0,0.0,22.0,0.0,0.0,0.0,0.0,0.0,179.0
2022-12-30 05:00:00,0.0,377.0,1457.0,0.0,105.0,0.0,0.0,0.0,0.0,0.0,173.0
2022-12-30 06:00:00,0.0,371.0,1773.0,0.0,310.0,0.0,0.0,0.0,1.0,0.0,190.0
2022-12-30 07:00:00,0.0,371.0,1936.0,0.0,338.0,0.0,0.0,0.0,163.0,0.0,190.0
2022-12-30 08:00:00,0.0,295.0,1787.0,0.0,442.0,0.0,0.0,0.0,719.0,0.0,161.0
2022-12-30 09:00:00,0.0,180.0,1669.0,0.0,441.0,0.0,0.0,0.0,1320.0,0.0,170.0
2022-12-30 10:00:00,0.0,178.0,1558.0,0.0,271.0,0.0,0.0,0.0,1724.0,0.0,207.0
2022-12-30 11:00:00,0.0,193.0,1528.0,0.0,117.0,0.0,0.0,0.0,1887.0,0.0,261.0
2022-12-30 12:00:00,0.0,195.0,1446.0,0.0,66.0,0.0,0.0,0.0,1848.0,0.0,313.0
2022-12-30 13:00:00,0.0,186.0,1436.0,0.0,39.0,0.0,0.0,0.0,1573.0,0.0,307.0
2022-12-30 14:00:00,0.0,185.0,1866.0,0.0,96.0,0.0,0.0,0.0,963.0,0.0,315.0
2022-12-30 15:00:00,0.0,172.0,2192.0,0.0,262.0,0.0,0.0,0.0,269.0,0.0,317.0
2022-12-30 16:00:00,0.0,176.0,2560.0,0.0,572.0,0.0,0.0,0.0,4.0,0.0,374.0
2022-12-30 17:00:00,0.0,176.0,2760.0,0.0,743.0,0.0,0.0,0.0,0.0,0.0,448.0
2022-12-30 18:00:00,0.0,183.0,2840.0,0.0,713.0,0.0,0.0,0.0,0.0,0.0,431.0
2022-12-30 19:00:00,0.0,266.0,2792.0,0.0,781.0,0.0,0.0,0.0,0.0,0.0,415.0
2022-12-30 20:00:00,0.0,321.0,2542.0,0.0,550.0,0.0,0.0,0.0,0.0,0.0,393.0
2022-12-30 21:00:00,0.0,333.0,2378.0,0.0,292.0,0.0,0.0,0.0,0.0,0.0,337.0
2022-12-30 22:00:00,0.0,347.0,1960.0,0.0,258.0,0.0,0.0,0.0,0.0,0.0,290.0
2022-12-30 23:00:00,0.0,338.0,1630.0,0.0,116.0,0.0,0.0,0.0,0.0,0.0,233.0
2022-12-31 00:00:00,0.0,359.0,1387.0,0.0,0.0,0.0,0.0,0.0,0.0,0.0,187.0
2022-12-31 01:00:00,0.0,360.0,1252.0,0.0,46.0,0.0,0.0,0.0,0.0,0.0,166.0
2022-12-31 02:00:00,0.0,359.0,1116.0,0.0,75.0,0.0,0.0,0.0,0.0,0.0,135.0
2022-12-31 03:00:00,0.0,339.0,1100.0,0.0,71.0,0.0,0.0,0.0,0.0,0.0,119.0
2022-12-31 04:00:00,0.0,333.0,1080.0,0.0,72.0,0.0,0.0,0.0,0.0,0.0,117.0
2022-12-31 05:00:00,0.0,345.0,1163.0,0.0,254.0,0.0,0.0,0.0,0.0,0.0,124.0
2022-12-31 06:00:00,0.0,347.0,1195.0,0.0,542.0,0.0,0.0,0.0,1.0,0.0,86.0
2022-12-31 07:00:00,0.0,350.0,1095.0,0.0,792.0,0.0,0.0,0.0,175.0,0.0,71.0
2022-12-31 08:00:00,0.0,350.0,837.0,0.0,833.0,0.0,0.0,0.0,793.0,0.0,66.0
2022-12-31 09:00:00,0.0,343.0,681.0,0.0,488.0,0.0,0.0,0.0,1399.0,0.0,79.0
2022-12-31 10:00:00,0.0,324.0,643.0,0.0,170.0,0.0,0.0,0.0,1779.0,0.0,67.0
2022-12-31 11:00:00,0.0,337.0,722.0,0.0,120.0,0.0,0.0,0.0,1939.0,0.0,64.0
2022-12-31 12:00:00,0.0,339.0,661.0,0.0,68.0,0.0,0.0,0.0,1887.0,0.0,54.0
2022-12-31 13:00:00,0.0,324.0,765.0,0.0,50.0,0.0,0.0,0.0,1615.0,0.0,58.0
2022-12-31 14:00:00,0.0,330.0,1288.0,0.0,187.0,0.0,0.0,0.0,1002.0,0.0,57.0
2022-12-31 15:00:00,0.0,334.0,2035.0,0.0,550.0,0.0,0.0,0.0,272.0,0.0,81.0
2022-12-31 16:00:00,0.0,349.0,2319.0,0.0,1179.0,0.0,0.0,0.0,4.0,0.0,89.0
2022-12-31 17:00:00,0.0,388.0,2436.0,0.0,1646.0,0.0,0.0,0.0,0.0,0.0,144.0
2022-12-31 18:00:00,0.0,381.0,2569.0,0.0,1477.0,0.0,0.0,0.0,0.0,0.0,244.0
2022-12-31 19:00:00,0.0,382.0,2461.0,0.0,1169.0,0.0,0.0,0.0,0.0,0.0,289.0
2022-12-31 20:00:00,0.0,382.0,2398.0,0.0,462.0,0.0,0.0,0.0,0.0,0.0,344.0
2022-12-31 21:00:00,0.0,384.0,1924.0,0.0,211.0,0.0,0.0,0.0,0.0,0.0,386.0
2022-12-31 22:00:00,0.0,378.0,1513.0,0.0,167.0,0.0,0.0,0.0,0.0,0.0,421.0
2022-12-31 23:00:00,0.0,368.0,1328.0,0.0,89.0,0.0,0.0,0.0,0.0,0.0,408.0
